0
1
7
8
10
13
17
19
20
23
27
28
36
37
39
44
45
46
47
51
58
65
66
67
68
69
70
74
76
81
84
91
93
94
96
106
107
110
111
120
123
143
148
149
152
159
172
175
178
179
181
184
187
188
189
202
208
209
211
220
223
225
230
232
233
234
236
245
248
256
257
267
274
279
280
281
284
285
290
291
292
296
297
301
308
309
311
326
330
331
332
333
334
336
344
346
353
354
355
356
357
362
363
365
366
367
374
376
378
379
382
393
395
396
397
406
409
411
416
417
422
426
427
434
436
439
443
444
447
448
457
464
465
470
477
478
487
488
492
493
497
498
503
505
507
513
514
533
535
539
548
550
569
582
590
594
595
599
600
606
608
609
614
617
626
632
638
641
644
646
647
654
656
659
660
661
662
671
692
699
705
706
709
715
719
723
731
735
737
740
755
760
772
778
787
788
789
790
791
792
793
796
798
800
802
804
812
816
817
818
823
824
829
837
839
840
842
846
854
855
865
866
874
875
880
881
882
884
885
897
910
917
918
919
932
944
952
958
961
965
968
970
974
975
976
980
981
991
998
1000
1009
1016
1024
1025
1058
1065
1081
1099
1103
1111
1112
1113
1119
1131
1141
1142
1159
1165
1167
1172
1177
1181
1185
1192
1193
1206
1207
1210
1213
1227
1229
1230
1231
1232
1240
1247
1253
1259
1261
1266
1268
1275
1278
1300
1302
1310
1314
1315
1328
1334
1339
1341
1349
1353
1358
1359
1361
1374
1384
1390
1391
1392
1393
1395
1403
1405
1413
1419
1422
1426
1429
1430
1431
1437
1453
1454
1455
1463
1473
1474
1476
1477
1485
1487
1491
1495
1499
1520
1521
1524
1529
1533
1534
1556
1562
1563
1568
1573
1574
1577
1580
1582
1589
1598
1612
1618
1622
1624
1625
1639
1644
1652
1660
1663
1664
1670
1688
1695
1696
1699
1701
1713
1718
1723
1735
1736
1739
1740
1741
1742
1756
1761
1789
1799
1807
1811
1822
1824
1832
1834
1845
1846
1852
1853
1854
1859
1860
1861
1867
1871
1899
1900
1901
1904
1905
1906
1909
1923
1924
1925
1939
1950
1956
1962
1978
2002
2004
2009
2020
2021
2023
2027
2035
2037
2040
2041
2042
2058
2064
2066
2073
2077
2091
2096
2105
2108
2110
2120
2123
2128
2135
2150
2158
2163
2166
2167
2168
2174
2185
2190
2200
2214
2215
2234
2237
2246
2248
2253
2258
2268
2289
2306
2314
2316
2318
2321
2326
2339
2350
2353
2354
2355
2385
2386
2405
2420
2421
2423
2424
2426
2437
2442
2445
2446
2451
2461
2462
2463
2476
2482
2493
2494
2497
2501
2508
2522
2529
2533
2535
2551
2566
2569
2574
2576
2580
2600
2605
2620
2629
2630
2637
2642
2644
2658
2669
2671
2672
2681
2694
2698
2704
2705
2706
2737
2739
2770
2771
2772
2777
2782
2789
2801
2809
2820
2837
2866
2867
2868
2889
2903
2918
2929
2932
2934
2959
2965
2988
3004
3006
3007
3017
3018
3019
3022
3037
3038
3049
3058
3071
3084
3089
3092
3094
3099
3122
3124
3129
3145
3157
3167
3168
3183
3186
3195
3196
3207
3208
3214
3217
3225
3241
3242
3245
3257
3267
3309
3312
3326
3330
3331
3382
3405
3420
3424
3431
3439
3443
3444
3446
3478
3479
3480
3481
3487
3504
3521
3527
3528
3529
3531
3546
3551
3555
3560
3561
3578
3583
3592
3594
3598
3602
3603
3606
3636
3644
3650
3660
3686
3699
3703
3704
3728
3729
3736
3742
3743
3744
3765
3770
3772
3780
3789
3796
3801
3810
3814
3821
3827
3828
3831
3841
3842
3852
3853
3854
3855
3865
3875
3876
3877
3878
3879
3891
3902
3905
3932
3948
3953
3954
3971
4005
4007
4014
4018
4031
4038
4039
4053
4054
4064
4065
4067
4068
4074
4084
4092
4105
4108
4116
4136
4141
4175
4178
4189
4216
4231
4232
4238
4247
4274
4275
4284
4308
4318
4326
4330
4337
4338
4339
4347
4348
4350
4351
4360
4384
4394
4399
4400
4407
4420
4433
4452
4459
4462
4469
4477
4478
4479
4488
4490
4492
4493
4501
4509
4518
4519
4523
4558
4561
4563
4570
4606
4608
4613
4632
4633
4653
4666
4669
4670
4674
4680
4681
4684
4685
4693
4714
4737
4749
4759
4774
4794
4824
4830
4846
4857
4867
4888
4892
4893
4896
4913
4937
4968
4969
4978
4989
5000
5019
5026
5027
5029
5030
5036
5040
5043
5068
5069
5074
5091
5092
5093
5101
5110
5114
5117
5118
5128
5161
5196
5200
5204
5214
5222
5251
5270
5285
5288
5298
5299
5305
5307
5315
5318
5335
5344
5353
5366
5372
5375
5376
5377
5383
5391
5421
5427
5449
5462
5465
5475
5476
5477
5478
5499
5528
5576
5577
5605
5609
5629
5638
5646
5654
5677
5678
5687
5692
5729
5730
5736
5746
5749
5783
5796
5798
5799
5814
5817
5846
5847
5867
5870
5890
5898
5917
5918
5921
5922
5924
5926
5934
5944
5958
5987
5999
6003
6027
6031
6037
6041
6055
6068
6069
6070
6078
6079
6089
6092
6109
6139
6160
6183
6233
6246
6247
6278
6289
6299
6311
6331
6348
6395
6425
6429
6461
6475
6510
6519
6520
6530
6531
6558
6565
6579
6606
6607
6619
6624
6635
6637
6640
6654
6672
6676
6680
6710
6724
6725
6740
6786
6791
6833
6845
6847
6875
6882
7006
7012
7047
7063
7078
7079
7086
7087
7088
7103
7136
7157
7158
7168
7200
7201
7208
7271
7283
7287
7334
7359
7360
7365
7377
7401
7412
7496
7509
7510
7530
7630
7631
