0 7
1 4
2 9
3 6
4 16
5 7
6 8
7 5
8 1
9 17
10 4
11 12
12 2
13 11
14 3
15 4
16 9
17 5
18 11
19 4
20 4
21 1
22 6
23 4
24 1
25 8
26 8
27 5
28 1
29 2
30 14
31 11
32 1
33 13
34 6
35 10
36 4
37 4
38 4
39 6
40 5
41 6
42 14
43 6
44 2
45 10
46 7
47 4
48 5
49 1
50 5
51 4
52 1
53 17
54 7
55 9
56 2
57 9
58 1
59 10
60 16
61 22
62 4
63 20
64 9
65 6
66 5
67 4
68 2
69 10
70 3
71 7
72 1
73 13
74 4
75 7
76 7
77 9
78 3
79 8
80 3
81 16
82 3
83 5
84 9
85 11
86 5
87 3
88 3
89 3
90 3
91 11
92 6
93 7
94 4
95 1
96 7
97 15
98 2
99 1
100 5
101 1
102 3
103 1
104 9
105 13
106 9
107 2
108 4
109 4
110 14
111 1
112 2
113 2
114 9
115 6
116 1
117 9
118 30
119 4
120 5
121 11
122 5
123 1
124 5
125 17
126 9
127 10
128 15
129 7
130 17
131 14
132 14
133 2
134 1
135 6
136 4
137 21
138 10
139 10
140 14
141 1
142 13
143 12
144 3
145 3
146 10
147 11
148 2
149 6
150 1
151 6
152 2
153 9
154 3
155 22
156 8
157 1
158 7
159 42
160 19
161 25
162 21
163 34
164 23
165 25
166 12
167 1
168 5
169 15
170 37
171 18
172 25
173 6
174 2
175 4
176 1
177 3
178 48
179 2
180 22
181 27
182 5
183 18
184 48
185 5
186 3
187 18
188 3
189 2
190 8
191 7
192 13
193 1
194 10
195 2
196 10
197 7
198 2
199 5
200 20
201 3
202 7
203 5
204 7
205 25
206 11
207 1
208 8
209 17
210 4
211 12
212 5
213 3
214 5
215 3
216 6
217 15
218 1
219 3
220 26
221 8
222 6
223 7
224 1
225 4
226 6
227 1
228 4
229 1
230 8
231 3
232 2
233 2
234 3
235 5
236 13
237 1
238 1
239 9
240 2
241 4
242 7
243 8
244 2
245 5
246 14
247 8
248 12
249 8
250 8
251 15
252 12
253 2
254 14
255 1
256 2
257 1
258 15
259 8
260 7
261 5
262 2
263 5
264 5
265 7
266 1
267 41
268 3
269 7
270 14
271 11
272 2
273 11
274 4
275 1
276 5
277 16
278 2
279 9
280 8
281 10
282 5
283 4
284 5
285 6
286 8
287 3
288 25
289 1
290 3
291 16
292 19
293 4
294 2
295 7
296 1
297 5
298 6
299 2
300 1
301 23
302 53
303 10
304 49
305 5
306 14
307 7
308 6
309 3
310 12
311 1
312 5
313 1
314 6
315 5
316 5
317 13
318 5
319 7
320 2
321 3
322 4
323 4
324 11
325 1
326 3
327 3
328 4
329 3
330 19
331 4
332 19
333 4
334 3
335 2
336 9
337 7
338 6
339 4
340 3
341 3
342 6
343 6
344 4
345 2
346 7
347 1
348 4
349 3
350 4
351 20
352 1
353 12
354 7
355 21
356 7
357 3
358 2
359 11
360 6
361 3
362 2
363 4
364 4
365 9
366 1
367 2
368 7
369 3
370 8
371 7
372 2
373 7
374 10
375 3
376 12
377 12
378 6
379 11
380 26
381 21
382 1
383 8
384 5
385 8
386 11
387 5
388 5
389 2
390 16
391 19
392 31
393 45
394 21
395 21
396 34
397 3
398 6
399 13
400 8
401 3
402 3
403 4
404 1
405 4
406 8
407 8
408 3
409 2
410 11
411 4
412 14
413 4
414 8
415 7
416 6
417 4
418 2
419 2
420 7
421 3
422 10
423 1
424 2
425 4
426 6
427 4
428 2
429 2
430 4
431 6
432 1
433 8
434 6
435 5
436 17
437 1
438 12
439 5
440 5
441 10
442 6
443 2
444 10
445 1
446 4
447 2
448 6
449 4
450 5
451 15
452 9
453 5
454 2
455 14
456 10
457 3
458 11
459 17
460 3
461 4
462 4
463 5
464 11
465 1
466 5
467 22
468 8
469 3
470 4
471 14
472 4
473 4
474 2
475 3
476 7
477 11
478 5
479 2
480 2
481 5
482 1
483 2
484 24
485 1
486 56
487 6
488 52
489 15
490 36
491 5
492 1
493 2
494 3
495 5
496 7
497 4
498 10
499 1
500 3
501 2
502 4
503 9
504 1
505 1
506 4
507 3
508 4
509 4
510 5
511 9
512 6
513 4
514 9
515 9
516 28
517 12
518 2
519 8
520 5
521 4
522 9
523 5
524 3
525 10
526 12
527 8
528 7
529 8
530 1
531 3
532 10
533 14
534 6
535 1
536 2
537 8
538 1
539 6
540 3
541 3
542 4
543 2
544 1
545 9
546 2
547 2
548 3
549 5
550 1
551 51
552 13
553 8
554 9
555 2
556 2
557 9
558 2
559 4
560 1
561 7
562 2
563 1
564 13
565 8
566 5
567 9
568 10
569 8
570 7
571 9
572 4
573 7
574 1
575 4
576 2
577 2
578 14
579 45
580 3
581 14
582 15
583 2
584 10
585 2
586 3
587 6
588 9
589 33
590 1
591 12
592 6
593 7
594 8
595 3
596 7
597 4
598 19
599 4
600 2
601 4
602 2
603 5
604 3
605 3
606 1
607 11
608 6
609 10
610 4
611 1
612 9
613 8
614 2
615 3
616 2
617 1
618 4
619 3
620 2
621 1
622 2
623 2
624 4
625 4
626 14
627 3
628 1
629 8
630 20
631 4
632 7
633 1
634 12
635 2
636 9
637 11
638 7
639 9
640 9
641 2
642 6
643 9
644 2
645 2
646 5
647 1
648 6
649 8
650 9
651 10
652 2
653 8
654 1
655 5
656 5
657 3
658 1
659 5
660 2
661 18
662 12
663 7
664 1
665 15
666 31
667 33
668 21
669 31
670 10
671 3
672 8
673 2
674 7
675 1
676 6
677 9
678 6
679 2
680 4
681 7
682 4
683 7
684 12
685 5
686 6
687 10
688 3
689 7
690 1
691 10
692 3
693 9
694 4
695 4
696 7
697 9
698 1
699 8
700 2
701 10
702 3
703 3
704 9
705 16
706 12
707 7
708 5
709 3
710 3
711 8
712 11
713 4
714 5
715 11
716 1
717 1
718 6
719 6
720 6
721 17
722 5
723 7
724 4
725 5
726 9
727 6
728 19
729 3
730 15
731 9
732 2
733 15
734 6
735 5
736 10
737 12
738 14
739 6
740 17
741 4
742 15
743 11
744 15
745 1
746 6
747 8
748 24
749 12
750 9
751 1
752 7
753 7
754 1
755 1
756 5
757 7
758 6
759 9
760 6
761 1
762 7
763 12
764 8
765 4
766 2
767 2
768 17
769 6
770 2
771 8
772 2
773 16
774 3
775 23
776 18
777 33
778 29
779 20
780 23
781 40
782 8
783 7
784 3
785 17
786 3
787 9
788 9
789 2
790 1
791 4
792 29
793 21
794 3
795 16
796 6
797 7
798 4
799 3
800 3
801 5
802 3
803 6
804 10
805 11
806 4
807 3
808 2
809 4
810 7
811 7
812 3
813 18
814 6
815 22
816 18
817 1
818 8
819 7
820 9
821 1
822 6
823 2
824 2
825 1
826 8
827 9
828 6
829 3
830 3
831 17
832 7
833 3
834 9
835 7
836 1
837 1
838 8
839 6
840 5
841 8
842 13
843 11
844 1
845 6
846 4
847 2
848 5
849 12
850 11
851 3
852 7
853 4
854 12
855 6
856 14
857 3
858 3
859 7
860 1
861 1
862 4
863 1
864 11
865 24
866 15
867 44
868 6
869 32
870 17
871 1
872 4
873 1
874 1
875 3
876 12
877 2
878 6
879 2
880 1
881 5
882 1
883 3
884 1
885 20
886 5
887 2
888 6
889 3
890 15
891 7
892 8
893 8
894 6
895 4
896 2
897 7
898 30
899 13
900 18
901 9
902 2
903 2
904 3
905 11
906 3
907 6
908 3
909 1
910 1
911 9
912 1
913 4
914 8
915 8
916 1
917 2
918 3
919 3
920 5
921 6
922 3
923 31
924 1
925 4
926 10
927 1
928 1
929 1
930 6
931 9
932 4
933 5
934 6
935 3
936 27
937 3
938 2
939 5
940 19
941 4
942 7
943 4
944 3
945 4
946 4
947 1
948 8
949 14
950 17
951 8
952 2
953 6
954 8
955 6
956 7
957 3
958 1
959 2
960 3
961 3
962 1
963 7
964 4
965 3
966 4
967 12
968 11
969 8
970 5
971 9
972 12
973 4
974 9
975 17
976 5
977 1
978 9
979 6
980 8
981 5
982 4
983 1
984 12
985 8
986 10
987 9
988 2
989 1
990 4
991 17
992 3
993 3
994 8
995 6
996 5
997 4
998 37
999 1
1000 5
1001 9
1002 5
1003 6
1004 2
1005 6
1006 3
1007 2
1008 12
1009 5
1010 6
1011 4
1012 32
1013 4
1014 4
1015 5
1016 6
1017 12
1018 3
1019 7
1020 8
1021 5
1022 1
1023 6
1024 5
1025 4
1026 2
1027 7
1028 5
1029 4
1030 8
1031 6
1032 3
1033 8
1034 8
1035 1
1036 6
1037 10
1038 9
1039 4
1040 10
1041 11
1042 8
1043 8
1044 11
1045 4
1046 3
1047 6
1048 9
1049 7
1050 9
1051 1
1052 10
1053 5
1054 6
1055 5
1056 4
1057 3
1058 7
1059 1
1060 22
1061 9
1062 6
1063 9
1064 5
1065 17
1066 3
1067 2
1068 4
1069 2
1070 2
1071 6
1072 6
1073 2
1074 2
1075 8
1076 5
1077 1
1078 4
1079 3
1080 5
1081 1
1082 3
1083 3
1084 16
1085 2
1086 2
1087 3
1088 13
1089 3
1090 6
1091 9
1092 2
1093 4
1094 3
1095 1
1096 6
1097 21
1098 1
1099 4
1100 6
1101 10
1102 12
1103 4
1104 1
1105 4
1106 18
1107 3
1108 3
1109 12
1110 2
1111 2
1112 10
1113 3
1114 6
1115 2
1116 10
1117 18
1118 1
1119 3
1120 27
1121 9
1122 25
1123 15
1124 18
1125 46
1126 37
1127 42
1128 3
1129 2
1130 9
1131 16
1132 2
1133 1
1134 11
1135 2
1136 5
1137 1
1138 2
1139 7
1140 1
1141 13
1142 7
1143 4
1144 10
1145 9
1146 2
1147 7
1148 4
1149 2
1150 1
1151 6
1152 10
1153 1
1154 15
1155 2
1156 9
1157 14
1158 1
1159 10
1160 6
1161 7
1162 6
1163 8
1164 7
1165 1
1166 1
1167 13
1168 72
1169 41
1170 65
1171 15
1172 26
1173 8
1174 6
1175 9
1176 1
1177 9
1178 11
1179 8
1180 4
1181 1
1182 2
1183 9
1184 5
1185 14
1186 4
1187 1
1188 3
1189 1
1190 5
1191 1
1192 8
1193 4
1194 1
1195 10
1196 4
1197 4
1198 5
1199 4
1200 5
1201 7
1202 17
1203 9
1204 9
1205 1
1206 3
1207 1
1208 3
1209 1
1210 2
1211 1
1212 3
1213 4
1214 7
1215 4
1216 8
1217 35
1218 5
1219 5
1220 6
1221 2
1222 9
1223 3
1224 8
1225 7
1226 12
1227 4
1228 1
1229 6
1230 4
1231 2
1232 8
1233 6
1234 9
1235 16
1236 7
1237 2
1238 2
1239 6
1240 3
1241 3
1242 1
1243 4
1244 2
1245 4
1246 1
1247 5
1248 4
1249 2
1250 3
1251 2
1252 6
1253 1
1254 3
1255 2
1256 7
1257 4
1258 5
1259 8
1260 3
1261 1
1262 6
1263 7
1264 4
1265 9
1266 1
1267 1
1268 1
1269 38
1270 18
1271 4
1272 11
1273 7
1274 15
1275 6
1276 7
1277 7
1278 1
1279 4
1280 1
1281 4
1282 15
1283 7
1284 4
1285 3
1286 15
1287 5
1288 7
1289 5
1290 8
1291 8
1292 1
1293 6
1294 9
1295 1
1296 2
1297 12
1298 24
1299 4
1300 5
1301 6
1302 2
1303 1
1304 6
1305 6
1306 3
1307 18
1308 21
1309 2
1310 2
1311 1
1312 8
1313 5
1314 4
1315 1
1316 9
1317 1
1318 8
1319 4
1320 5
1321 1
1322 3
1323 7
1324 10
1325 4
1326 4
1327 6
1328 1
1329 1
1330 8
1331 1
1332 2
1333 11
1334 3
1335 2
1336 2
1337 2
1338 7
1339 21
1340 7
1341 4
1342 1
1343 4
1344 5
1345 9
1346 3
1347 5
1348 6
1349 4
1350 5
1351 11
1352 10
1353 8
1354 10
1355 8
1356 4
1357 5
1358 3
1359 1
1360 3
1361 6
1362 13
1363 2
1364 3
1365 6
1366 12
1367 1
1368 2
1369 7
1370 16
1371 6
1372 2
1373 5
1374 9
1375 1
1376 6
1377 26
1378 1
1379 4
1380 8
1381 12
1382 1
1383 2
1384 6
1385 5
1386 2
1387 5
1388 3
1389 5
1390 6
1391 16
1392 3
1393 1
1394 7
1395 22
1396 4
1397 1
1398 1
1399 3
1400 1
1401 2
1402 4
1403 9
1404 4
1405 10
1406 2
1407 8
1408 7
1409 7
1410 1
1411 2
1412 3
1413 1
1414 2
1415 4
1416 8
1417 4
1418 3
1419 1
1420 4
1421 2
1422 3
1423 5
1424 5
1425 7
1426 5
1427 4
1428 9
1429 5
1430 18
1431 20
1432 13
1433 10
1434 2
1435 12
1436 23
1437 8
1438 2
1439 1
1440 1
1441 5
1442 8
1443 6
1444 1
1445 9
1446 1
1447 3
1448 4
1449 7
1450 2
1451 8
1452 3
1453 9
1454 3
1455 16
1456 8
1457 7
1458 1
1459 5
1460 5
1461 1
1462 12
1463 2
1464 2
1465 2
1466 2
1467 4
1468 10
1469 6
1470 1
1471 14
1472 3
1473 1
1474 8
1475 1
1476 2
1477 5
1478 1
1479 3
1480 17
1481 2
1482 8
1483 7
1484 6
1485 1
1486 1
1487 4
1488 6
1489 2
1490 5
1491 4
1492 5
1493 2
1494 2
1495 1
1496 1
1497 11
1498 1
1499 4
1500 3
1501 6
1502 6
1503 3
1504 6
1505 9
1506 4
1507 6
1508 1
1509 3
1510 2
1511 1
1512 9
1513 1
1514 4
1515 1
1516 12
1517 3
1518 3
1519 17
1520 5
1521 6
1522 7
1523 2
1524 3
1525 4
1526 19
1527 1
1528 7
1529 2
1530 6
1531 4
1532 4
1533 6
1534 5
1535 7
1536 2
1537 19
1538 10
1539 4
1540 7
1541 8
1542 1
1543 3
1544 7
1545 8
1546 6
1547 1
1548 7
1549 5
1550 1
1551 7
1552 1
1553 1
1554 1
1555 5
1556 8
1557 8
1558 3
1559 5
1560 5
1561 14
1562 4
1563 1
1564 10
1565 33
1566 2
1567 3
1568 3
1569 3
1570 2
1571 2
1572 2
1573 4
1574 15
1575 6
1576 7
1577 4
1578 2
1579 3
1580 3
1581 5
1582 1
1583 4
1584 2
1585 2
1586 1
1587 2
1588 6
1589 5
1590 10
1591 5
1592 5
1593 6
1594 3
1595 6
1596 9
1597 8
1598 5
1599 8
1600 4
1601 5
1602 1
1603 1
1604 10
1605 4
1606 1
1607 14
1608 2
1609 4
1610 8
1611 5
1612 9
1613 1
1614 5
1615 1
1616 18
1617 3
1618 3
1619 2
1620 2
1621 4
1622 2
1623 1
1624 3
1625 5
1626 14
1627 14
1628 27
1629 14
1630 1
1631 27
1632 10
1633 14
1634 7
1635 2
1636 6
1637 2
1638 6
1639 3
1640 1
1641 3
1642 6
1643 1
1644 1
1645 2
1646 4
1647 5
1648 5
1649 5
1650 1
1651 3
1652 1
1653 5
1654 21
1655 27
1656 9
1657 2
1658 10
1659 4
1660 3
1661 2
1662 1
1663 5
1664 2
1665 2
1666 7
1667 3
1668 2
1669 5
1670 1
1671 5
1672 3
1673 5
1674 3
1675 13
1676 8
1677 6
1678 17
1679 4
1680 21
1681 33
1682 32
1683 47
1684 37
1685 11
1686 1
1687 1
1688 4
1689 1
1690 2
1691 35
1692 17
1693 23
1694 4
1695 12
1696 3
1697 3
1698 4
1699 3
1700 1
1701 13
1702 2
1703 4
1704 8
1705 2
1706 7
1707 4
1708 6
1709 9
1710 5
1711 1
1712 17
1713 6
1714 1
1715 1
1716 3
1717 3
1718 4
1719 11
1720 3
1721 3
1722 6
1723 1
1724 6
1725 4
1726 1
1727 7
1728 9
1729 1
1730 5
1731 3
1732 4
1733 26
1734 4
1735 8
1736 3
1737 2
1738 8
1739 5
1740 2
1741 3
1742 2
1743 3
1744 5
1745 1
1746 9
1747 8
1748 9
1749 8
1750 3
1751 5
1752 4
1753 7
1754 5
1755 2
1756 3
1757 2
1758 1
1759 5
1760 12
1761 18
1762 1
1763 11
1764 1
1765 1
1766 8
1767 3
1768 6
1769 8
1770 1
1771 3
1772 1
1773 7
1774 6
1775 9
1776 5
1777 4
1778 4
1779 3
1780 4
1781 19
1782 10
1783 10
1784 1
1785 5
1786 3
1787 1
1788 4
1789 12
1790 6
1791 1
1792 1
1793 1
1794 8
1795 1
1796 7
1797 5
1798 6
1799 17
1800 6
1801 7
1802 4
1803 9
1804 2
1805 2
1806 9
1807 10
1808 8
1809 5
1810 2
1811 7
1812 10
1813 1
1814 2
1815 3
1816 3
1817 10
1818 8
1819 1
1820 4
1821 4
1822 3
1823 6
1824 1
1825 5
1826 3
1827 4
1828 2
1829 1
1830 5
1831 2
1832 10
1833 2
1834 5
1835 4
1836 3
1837 7
1838 1
1839 4
1840 1
1841 2
1842 15
1843 5
1844 20
1845 10
1846 1
1847 3
1848 9
1849 1
1850 2
1851 5
1852 4
1853 4
1854 1
1855 7
1856 6
1857 12
1858 2
1859 10
1860 8
1861 6
1862 2
1863 6
1864 11
1865 5
1866 5
1867 1
1868 2
1869 6
1870 11
1871 8
1872 6
1873 5
1874 3
1875 1
1876 1
1877 1
1878 2
1879 5
1880 6
1881 6
1882 10
1883 3
1884 5
1885 5
1886 3
1887 6
1888 3
1889 5
1890 14
1891 15
1892 5
1893 3
1894 1
1895 1
1896 6
1897 10
1898 5
1899 1
1900 2
1901 1
1902 4
1903 5
1904 6
1905 6
1906 1
1907 2
1908 12
1909 8
1910 2
1911 5
1912 1
1913 13
1914 3
1915 7
1916 4
1917 3
1918 1
1919 7
1920 9
1921 11
1922 10
1923 5
1924 5
1925 4
1926 7
1927 5
1928 13
1929 6
1930 2
1931 9
1932 7
1933 1
1934 11
1935 4
1936 4
1937 8
1938 1
1939 6
1940 11
1941 4
1942 4
1943 5
1944 4
1945 9
1946 1
1947 2
1948 9
1949 4
1950 8
1951 7
1952 7
1953 6
1954 3
1955 1
1956 3
1957 5
1958 12
1959 3
1960 11
1961 8
1962 10
1963 7
1964 3
1965 9
1966 1
1967 3
1968 2
1969 7
1970 10
1971 3
1972 7
1973 3
1974 5
1975 2
1976 3
1977 1
1978 9
1979 9
1980 2
1981 4
1982 5
1983 3
1984 7
1985 6
1986 3
1987 1
1988 7
1989 6
1990 5
1991 3
1992 3
1993 7
1994 5
1995 6
1996 1
1997 1
1998 1
1999 1
2000 1
2001 1
2002 7
2003 1
2004 2
2005 1
2006 8
2007 4
2008 2
2009 11
2010 5
2011 4
2012 13
2013 2
2014 10
2015 4
2016 6
2017 16
2018 2
2019 1
2020 12
2021 1
2022 5
2023 6
2024 12
2025 4
2026 10
2027 6
2028 5
2029 4
2030 1
2031 6
2032 1
2033 7
2034 2
2035 2
2036 4
2037 4
2038 3
2039 7
2040 16
2041 1
2042 6
2043 13
2044 13
2045 1
2046 10
2047 1
2048 3
2049 1
2050 14
2051 4
2052 7
2053 7
2054 19
2055 19
2056 4
2057 1
2058 5
2059 7
2060 3
2061 4
2062 9
2063 12
2064 1
2065 12
2066 23
2067 10
2068 2
2069 2
2070 1
2071 9
2072 1
2073 4
2074 13
2075 7
2076 1
2077 10
2078 2
2079 7
2080 6
2081 3
2082 7
2083 16
2084 6
2085 10
2086 2
2087 5
2088 2
2089 10
2090 6
2091 1
2092 9
2093 4
2094 1
2095 12
2096 31
2097 2
2098 1
2099 3
2100 25
2101 12
2102 11
2103 2
2104 3
2105 3
2106 23
2107 7
2108 2
2109 1
2110 1
2111 7
2112 4
2113 5
2114 1
2115 1
2116 10
2117 24
2118 9
2119 4
2120 1
2121 4
2122 4
2123 5
2124 6
2125 6
2126 6
2127 36
2128 2
2129 8
2130 1
2131 2
2132 8
2133 10
2134 1
2135 6
2136 4
2137 2
2138 1
2139 2
2140 2
2141 6
2142 5
2143 6
2144 5
2145 8
2146 2
2147 1
2148 1
2149 2
2150 3
2151 3
2152 2
2153 3
2154 7
2155 6
2156 6
2157 2
2158 1
2159 1
2160 1
2161 2
2162 4
2163 6
2164 8
2165 2
2166 4
2167 3
2168 4
2169 5
2170 1
2171 1
2172 1
2173 2
2174 2
2175 8
2176 8
2177 10
2178 3
2179 3
2180 7
2181 3
2182 3
2183 3
2184 7
2185 19
2186 1
2187 2
2188 3
2189 6
2190 4
2191 4
2192 1
2193 3
2194 1
2195 5
2196 1
2197 8
2198 6
2199 2
2200 4
2201 1
2202 3
2203 9
2204 1
2205 1
2206 8
2207 1
2208 3
2209 2
2210 1
2211 4
2212 3
2213 5
2214 1
2215 1
2216 7
2217 2
2218 3
2219 5
2220 4
2221 3
2222 2
2223 10
2224 10
2225 4
2226 1
2227 3
2228 11
2229 2
2230 2
2231 2
2232 3
2233 7
2234 2
2235 6
2236 2
2237 8
2238 1
2239 9
2240 2
2241 5
2242 5
2243 8
2244 8
2245 10
2246 11
2247 9
2248 9
2249 16
2250 4
2251 2
2252 5
2253 1
2254 5
2255 3
2256 1
2257 2
2258 3
2259 2
2260 1
2261 3
2262 1
2263 7
2264 4
2265 2
2266 1
2267 3
2268 9
2269 32
2270 5
2271 4
2272 1
2273 2
2274 1
2275 5
2276 1
2277 1
2278 1
2279 6
2280 1
2281 7
2282 7
2283 4
2284 1
2285 6
2286 1
2287 10
2288 6
2289 3
2290 13
2291 2
2292 7
2293 4
2294 5
2295 1
2296 9
2297 6
2298 4
2299 8
2300 2
2301 2
2302 1
2303 2
2304 5
2305 6
2306 5
2307 1
2308 2
2309 1
2310 5
2311 3
2312 1
2313 8
2314 6
2315 5
2316 7
2317 9
2318 10
2319 5
2320 2
2321 1
2322 1
2323 2
2324 10
2325 2
2326 6
2327 12
2328 3
2329 5
2330 10
2331 1
2332 4
2333 4
2334 2
2335 9
2336 2
2337 3
2338 20
2339 5
2340 1
2341 4
2342 2
2343 1
2344 6
2345 1
2346 4
2347 3
2348 4
2349 7
2350 9
2351 4
2352 13
2353 2
2354 12
2355 7
2356 1
2357 2
2358 1
2359 11
2360 1
2361 13
2362 1
2363 7
2364 6
2365 8
2366 6
2367 3
2368 28
2369 26
2370 25
2371 9
2372 1
2373 2
2374 3
2375 4
2376 2
2377 11
2378 2
2379 1
2380 4
2381 4
2382 2
2383 1
2384 11
2385 11
2386 7
2387 11
2388 2
2389 2
2390 9
2391 3
2392 8
2393 1
2394 1
2395 4
2396 9
2397 2
2398 1
2399 1
2400 2
2401 10
2402 8
2403 8
2404 3
2405 5
2406 3
2407 7
2408 2
2409 3
2410 1
2411 7
2412 8
2413 2
2414 2
2415 5
2416 2
2417 7
2418 8
2419 2
2420 1
2421 4
2422 2
2423 3
2424 1
2425 1
2426 3
2427 5
2428 3
2429 3
2430 2
2431 5
2432 5
2433 7
2434 8
2435 2
2436 2
2437 7
2438 8
2439 3
2440 2
2441 2
2442 3
2443 5
2444 2
2445 2
2446 6
2447 1
2448 1
2449 1
2450 36
2451 1
2452 3
2453 15
2454 2
2455 4
2456 2
2457 11
2458 3
2459 7
2460 7
2461 12
2462 1
2463 1
2464 1
2465 7
2466 4
2467 11
2468 2
2469 4
2470 2
2471 6
2472 5
2473 12
2474 4
2475 3
2476 5
2477 3
2478 3
2479 6
2480 1
2481 1
2482 7
2483 1
2484 5
2485 4
2486 8
2487 9
2488 1
2489 1
2490 3
2491 1
2492 3
2493 1
2494 2
2495 6
2496 6
2497 8
2498 6
2499 6
2500 21
2501 1
2502 1
2503 7
2504 3
2505 2
2506 3
2507 3
2508 6
2509 7
2510 5
2511 1
2512 3
2513 2
2514 2
2515 1
2516 1
2517 11
2518 6
2519 4
2520 1
2521 1
2522 3
2523 4
2524 6
2525 4
2526 6
2527 5
2528 8
2529 5
2530 5
2531 13
2532 7
2533 4
2534 3
2535 12
2536 7
2537 4
2538 1
2539 3
2540 6
2541 3
2542 4
2543 5
2544 3
2545 3
2546 1
2547 7
2548 1
2549 7
2550 1
2551 3
2552 6
2553 4
2554 16
2555 2
2556 7
2557 10
2558 6
2559 2
2560 10
2561 1
2562 7
2563 1
2564 1
2565 2
2566 3
2567 3
2568 1
2569 3
2570 3
2571 6
2572 2
2573 1
2574 3
2575 2
2576 4
2577 6
2578 7
2579 1
2580 4
2581 11
2582 10
2583 4
2584 1
2585 8
2586 7
2587 14
2588 2
2589 5
2590 3
2591 10
2592 4
2593 3
2594 11
2595 3
2596 9
2597 7
2598 1
2599 2
2600 1
2601 3
2602 7
2603 4
2604 6
2605 1
2606 8
2607 2
2608 5
2609 1
2610 6
2611 5
2612 2
2613 2
2614 2
2615 6
2616 2
2617 3
2618 3
2619 4
2620 3
2621 2
2622 1
2623 5
2624 3
2625 10
2626 5
2627 10
2628 2
2629 2
2630 1
2631 5
2632 6
2633 6
2634 8
2635 7
2636 7
2637 6
2638 1
2639 2
2640 2
2641 6
2642 3
2643 4
2644 3
2645 7
2646 2
2647 2
2648 3
2649 13
2650 1
2651 1
2652 12
2653 6
2654 12
2655 2
2656 2
2657 2
2658 15
2659 5
2660 3
2661 3
2662 6
2663 3
2664 4
2665 2
2666 5
2667 5
2668 4
2669 3
2670 9
2671 3
2672 7
2673 1
2674 9
2675 5
2676 5
2677 7
2678 3
2679 1
2680 3
2681 6
2682 3
2683 2
2684 2
2685 2
2686 7
2687 25
2688 33
2689 7
2690 6
2691 14
2692 3
2693 3
2694 4
2695 2
2696 3
2697 2
2698 5
2699 6
2700 5
2701 1
2702 3
2703 1
2704 7
2705 7
2706 1
2707 1
2708 5
2709 4
2710 4
2711 1
2712 11
2713 1
2714 2
2715 5
2716 8
2717 8
2718 1
2719 4
2720 1
2721 1
2722 4
2723 2
2724 5
2725 3
2726 4
2727 6
2728 3
2729 2
2730 1
2731 3
2732 1
2733 2
2734 10
2735 8
2736 6
2737 4
2738 6
2739 16
2740 15
2741 3
2742 4
2743 7
2744 9
2745 6
2746 1
2747 2
2748 8
2749 15
2750 4
2751 2
2752 3
2753 4
2754 1
2755 1
2756 1
2757 2
2758 4
2759 4
2760 14
2761 3
2762 29
2763 8
2764 1
2765 7
2766 2
2767 9
2768 5
2769 3
2770 3
2771 5
2772 6
2773 4
2774 2
2775 5
2776 1
2777 5
2778 5
2779 1
2780 8
2781 1
2782 8
2783 5
2784 3
2785 8
2786 20
2787 6
2788 3
2789 9
2790 10
2791 4
2792 1
2793 4
2794 7
2795 5
2796 1
2797 5
2798 3
2799 11
2800 7
2801 1
2802 1
2803 1
2804 1
2805 2
2806 1
2807 1
2808 8
2809 6
2810 7
2811 10
2812 2
2813 7
2814 8
2815 4
2816 3
2817 10
2818 4
2819 1
2820 2
2821 7
2822 4
2823 10
2824 7
2825 7
2826 3
2827 2
2828 6
2829 9
2830 1
2831 3
2832 2
2833 1
2834 3
2835 1
2836 15
2837 2
2838 2
2839 2
2840 6
2841 1
2842 11
2843 7
2844 1
2845 3
2846 3
2847 2
2848 2
2849 3
2850 5
2851 2
2852 2
2853 6
2854 1
2855 1
2856 14
2857 2
2858 9
2859 2
2860 9
2861 2
2862 12
2863 4
2864 1
2865 1
2866 3
2867 6
2868 13
2869 2
2870 4
2871 1
2872 1
2873 3
2874 2
2875 3
2876 5
2877 12
2878 6
2879 8
2880 3
2881 2
2882 10
2883 1
2884 1
2885 9
2886 8
2887 2
2888 3
2889 2
2890 7
2891 9
2892 1
2893 2
2894 1
2895 6
2896 16
2897 2
2898 2
2899 3
2900 1
2901 5
2902 5
2903 5
2904 1
2905 1
2906 9
2907 3
2908 4
2909 5
2910 1
2911 1
2912 3
2913 7
2914 11
2915 5
2916 3
2917 4
2918 4
2919 4
2920 9
2921 1
2922 6
2923 1
2924 8
2925 1
2926 2
2927 1
2928 2
2929 2
2930 11
2931 2
2932 2
2933 1
2934 1
2935 4
2936 6
2937 5
2938 1
2939 4
2940 7
2941 2
2942 2
2943 13
2944 1
2945 9
2946 2
2947 1
2948 4
2949 5
2950 5
2951 5
2952 1
2953 4
2954 3
2955 1
2956 1
2957 1
2958 2
2959 7
2960 4
2961 10
2962 5
2963 2
2964 1
2965 6
2966 7
2967 1
2968 6
2969 1
2970 7
2971 6
2972 4
2973 8
2974 3
2975 5
2976 5
2977 4
2978 4
2979 2
2980 3
2981 1
2982 6
2983 7
2984 2
2985 2
2986 4
2987 2
2988 5
2989 5
2990 3
2991 2
2992 11
2993 1
2994 10
2995 5
2996 4
2997 5
2998 1
2999 2
3000 9
3001 20
3002 1
3003 2
3004 1
3005 1
3006 6
3007 3
3008 10
3009 10
3010 2
3011 6
3012 1
3013 7
3014 5
3015 2
3016 3
3017 4
3018 2
3019 10
3020 7
3021 3
3022 4
3023 1
3024 6
3025 2
3026 7
3027 3
3028 8
3029 3
3030 1
3031 1
3032 2
3033 10
3034 11
3035 2
3036 1
3037 10
3038 3
3039 2
3040 5
3041 4
3042 1
3043 1
3044 6
3045 4
3046 2
3047 4
3048 3
3049 15
3050 9
3051 4
3052 4
3053 5
3054 4
3055 3
3056 3
3057 2
3058 8
3059 13
3060 10
3061 4
3062 18
3063 15
3064 1
3065 7
3066 15
3067 3
3068 13
3069 3
3070 12
3071 1
3072 2
3073 6
3074 11
3075 4
3076 1
3077 12
3078 2
3079 6
3080 7
3081 3
3082 3
3083 3
3084 1
3085 7
3086 7
3087 3
3088 6
3089 2
3090 4
3091 15
3092 2
3093 7
3094 5
3095 4
3096 5
3097 2
3098 5
3099 4
3100 1
3101 14
3102 9
3103 4
3104 4
3105 5
3106 7
3107 1
3108 5
3109 1
3110 2
3111 7
3112 1
3113 1
3114 2
3115 7
3116 10
3117 1
3118 3
3119 1
3120 2
3121 2
3122 6
3123 3
3124 4
3125 4
3126 7
3127 15
3128 6
3129 1
3130 1
3131 11
3132 8
3133 4
3134 10
3135 1
3136 1
3137 4
3138 5
3139 3
3140 3
3141 4
3142 2
3143 3
3144 5
3145 2
3146 2
3147 3
3148 6
3149 1
3150 5
3151 7
3152 2
3153 6
3154 8
3155 7
3156 8
3157 4
3158 6
3159 4
3160 2
3161 2
3162 1
3163 26
3164 10
3165 5
3166 2
3167 3
3168 1
3169 8
3170 7
3171 4
3172 9
3173 1
3174 1
3175 8
3176 6
3177 1
3178 2
3179 7
3180 5
3181 1
3182 2
3183 3
3184 5
3185 1
3186 1
3187 1
3188 11
3189 2
3190 2
3191 4
3192 7
3193 1
3194 3
3195 5
3196 8
3197 8
3198 4
3199 3
3200 10
3201 10
3202 10
3203 2
3204 2
3205 4
3206 5
3207 1
3208 3
3209 7
3210 1
3211 4
3212 1
3213 2
3214 1
3215 1
3216 1
3217 4
3218 5
3219 7
3220 1
3221 1
3222 7
3223 5
3224 1
3225 7
3226 5
3227 5
3228 2
3229 3
3230 2
3231 4
3232 4
3233 2
3234 2
3235 1
3236 3
3237 5
3238 2
3239 3
3240 2
3241 3
3242 1
3243 1
3244 2
3245 5
3246 5
3247 9
3248 2
3249 1
3250 6
3251 10
3252 6
3253 5
3254 4
3255 3
3256 2
3257 4
3258 4
3259 3
3260 3
3261 8
3262 11
3263 3
3264 4
3265 1
3266 1
3267 7
3268 9
3269 7
3270 4
3271 6
3272 6
3273 2
3274 15
3275 6
3276 3
3277 19
3278 3
3279 6
3280 2
3281 2
3282 13
3283 12
3284 10
3285 4
3286 3
3287 2
3288 4
3289 7
3290 13
3291 3
3292 4
3293 1
3294 6
3295 2
3296 1
3297 4
3298 1
3299 1
3300 3
3301 9
3302 8
3303 5
3304 7
3305 5
3306 2
3307 3
3308 3
3309 7
3310 9
3311 2
3312 5
3313 1
3314 4
3315 5
3316 2
3317 6
3318 4
3319 5
3320 6
3321 9
3322 5
3323 1
3324 3
3325 3
3326 1
3327 4
3328 6
3329 8
3330 4
3331 10
3332 5
3333 7
3334 6
3335 2
3336 11
3337 1
3338 7
3339 2
3340 2
3341 4
3342 6
3343 3
3344 2
3345 4
3346 2
3347 1
3348 5
3349 1
3350 1
3351 4
3352 1
3353 3
3354 2
3355 6
3356 3
3357 2
3358 6
3359 4
3360 6
3361 12
3362 1
3363 3
3364 1
3365 11
3366 3
3367 6
3368 3
3369 3
3370 1
3371 2
3372 10
3373 14
3374 5
3375 5
3376 4
3377 2
3378 2
3379 5
3380 1
3381 3
3382 9
3383 1
3384 2
3385 1
3386 3
3387 1
3388 7
3389 2
3390 1
3391 7
3392 8
3393 4
3394 5
3395 3
3396 2
3397 2
3398 1
3399 2
3400 1
3401 2
3402 2
3403 2
3404 5
3405 2
3406 4
3407 5
3408 2
3409 1
3410 2
3411 1
3412 7
3413 5
3414 4
3415 2
3416 8
3417 2
3418 10
3419 6
3420 1
3421 12
3422 4
3423 5
3424 2
3425 5
3426 4
3427 5
3428 7
3429 3
3430 1
3431 1
3432 1
3433 1
3434 4
3435 9
3436 7
3437 4
3438 5
3439 4
3440 2
3441 1
3442 2
3443 2
3444 3
3445 3
3446 2
3447 2
3448 2
3449 1
3450 2
3451 5
3452 2
3453 10
3454 9
3455 8
3456 5
3457 10
3458 6
3459 1
3460 5
3461 2
3462 1
3463 2
3464 2
3465 1
3466 6
3467 6
3468 10
3469 2
3470 5
3471 3
3472 2
3473 3
3474 14
3475 12
3476 8
3477 3
3478 3
3479 5
3480 1
3481 3
3482 3
3483 2
3484 10
3485 9
3486 2
3487 2
3488 1
3489 9
3490 2
3491 5
3492 1
3493 3
3494 1
3495 7
3496 3
3497 1
3498 9
3499 5
3500 4
3501 1
3502 3
3503 2
3504 1
3505 6
3506 7
3507 3
3508 2
3509 2
3510 6
3511 2
3512 2
3513 6
3514 2
3515 1
3516 1
3517 2
3518 4
3519 3
3520 7
3521 4
3522 3
3523 3
3524 2
3525 7
3526 1
3527 4
3528 1
3529 4
3530 9
3531 6
3532 3
3533 3
3534 1
3535 2
3536 4
3537 1
3538 6
3539 7
3540 6
3541 4
3542 4
3543 5
3544 1
3545 5
3546 2
3547 10
3548 8
3549 7
3550 3
3551 9
3552 3
3553 2
3554 4
3555 2
3556 1
3557 2
3558 3
3559 5
3560 1
3561 1
3562 1
3563 1
3564 8
3565 5
3566 3
3567 7
3568 4
3569 8
3570 3
3571 4
3572 2
3573 1
3574 2
3575 5
3576 3
3577 3
3578 6
3579 2
3580 8
3581 7
3582 10
3583 2
3584 3
3585 1
3586 3
3587 2
3588 8
3589 2
3590 1
3591 14
3592 2
3593 3
3594 4
3595 1
3596 10
3597 1
3598 3
3599 2
3600 13
3601 7
3602 7
3603 2
3604 1
3605 2
3606 2
3607 2
3608 8
3609 1
3610 9
3611 3
3612 2
3613 3
3614 7
3615 9
3616 4
3617 8
3618 9
3619 5
3620 6
3621 5
3622 3
3623 2
3624 2
3625 1
3626 3
3627 3
3628 2
3629 1
3630 11
3631 11
3632 4
3633 3
3634 11
3635 4
3636 4
3637 3
3638 1
3639 1
3640 4
3641 1
3642 6
3643 1
3644 10
3645 10
3646 6
3647 1
3648 1
3649 1
3650 7
3651 2
3652 3
3653 5
3654 4
3655 10
3656 2
3657 5
3658 6
3659 1
3660 3
3661 6
3662 6
3663 3
3664 2
3665 1
3666 1
3667 8
3668 6
3669 4
3670 5
3671 1
3672 1
3673 10
3674 1
3675 1
3676 1
3677 3
3678 5
3679 1
3680 2
3681 3
3682 4
3683 3
3684 3
3685 4
3686 1
3687 2
3688 1
3689 12
3690 4
3691 1
3692 1
3693 2
3694 3
3695 9
3696 1
3697 7
3698 1
3699 1
3700 10
3701 1
3702 7
3703 8
3704 1
3705 2
3706 2
3707 2
3708 6
3709 3
3710 1
3711 4
3712 6
3713 5
3714 2
3715 8
3716 9
3717 3
3718 2
3719 2
3720 3
3721 9
3722 5
3723 2
3724 2
3725 2
3726 10
3727 4
3728 10
3729 2
3730 1
3731 2
3732 4
3733 1
3734 1
3735 5
3736 1
3737 4
3738 1
3739 10
3740 2
3741 10
3742 1
3743 8
3744 12
3745 2
3746 2
3747 1
3748 9
3749 2
3750 9
3751 2
3752 5
3753 2
3754 7
3755 6
3756 2
3757 3
3758 6
3759 4
3760 12
3761 2
3762 2
3763 4
3764 2
3765 6
3766 1
3767 4
3768 3
3769 6
3770 1
3771 1
3772 5
3773 1
3774 2
3775 4
3776 1
3777 9
3778 6
3779 2
3780 3
3781 2
3782 2
3783 3
3784 7
3785 11
3786 4
3787 3
3788 1
3789 4
3790 3
3791 8
3792 3
3793 2
3794 2
3795 11
3796 1
3797 1
3798 12
3799 3
3800 1
3801 1
3802 6
3803 4
3804 2
3805 1
3806 3
3807 2
3808 5
3809 5
3810 15
3811 1
3812 3
3813 5
3814 6
3815 3
3816 2
3817 2
3818 10
3819 5
3820 8
3821 2
3822 6
3823 2
3824 3
3825 3
3826 2
3827 3
3828 4
3829 2
3830 6
3831 1
3832 2
3833 6
3834 2
3835 1
3836 3
3837 4
3838 3
3839 1
3840 6
3841 10
3842 4
3843 4
3844 3
3845 3
3846 4
3847 7
3848 7
3849 3
3850 5
3851 1
3852 1
3853 2
3854 3
3855 6
3856 1
3857 9
3858 4
3859 1
3860 11
3861 3
3862 1
3863 2
3864 1
3865 4
3866 1
3867 3
3868 10
3869 1
3870 4
3871 7
3872 3
3873 1
3874 1
3875 2
3876 3
3877 6
3878 5
3879 6
3880 6
3881 1
3882 5
3883 10
3884 4
3885 2
3886 5
3887 8
3888 2
3889 6
3890 1
3891 2
3892 4
3893 4
3894 6
3895 6
3896 1
3897 1
3898 10
3899 4
3900 9
3901 1
3902 2
3903 5
3904 1
3905 6
3906 8
3907 8
3908 2
3909 2
3910 5
3911 2
3912 7
3913 5
3914 4
3915 1
3916 1
3917 3
3918 6
3919 3
3920 1
3921 1
3922 1
3923 6
3924 10
3925 10
3926 5
3927 5
3928 4
3929 3
3930 2
3931 2
3932 1
3933 4
3934 1
3935 3
3936 1
3937 1
3938 2
3939 3
3940 2
3941 2
3942 8
3943 7
3944 4
3945 2
3946 1
3947 3
3948 9
3949 1
3950 1
3951 5
3952 4
3953 8
3954 8
3955 7
3956 2
3957 4
3958 4
3959 2
3960 3
3961 8
3962 1
3963 9
3964 5
3965 1
3966 1
3967 8
3968 1
3969 4
3970 1
3971 3
3972 3
3973 2
3974 6
3975 5
3976 4
3977 7
3978 3
3979 1
3980 3
3981 4
3982 16
3983 3
3984 1
3985 5
3986 5
3987 4
3988 1
3989 2
3990 1
3991 3
3992 5
3993 3
3994 3
3995 10
3996 1
3997 10
3998 1
3999 3
4000 2
4001 1
4002 11
4003 1
4004 5
4005 9
4006 3
4007 1
4008 3
4009 3
4010 1
4011 5
4012 1
4013 1
4014 2
4015 10
4016 1
4017 7
4018 7
4019 8
4020 1
4021 3
4022 2
4023 2
4024 1
4025 5
4026 5
4027 2
4028 1
4029 5
4030 11
4031 4
4032 5
4033 3
4034 7
4035 4
4036 32
4037 4
4038 3
4039 3
4040 1
4041 2
4042 7
4043 4
4044 10
4045 2
4046 6
4047 7
4048 3
4049 7
4050 3
4051 2
4052 6
4053 1
4054 1
4055 1
4056 2
4057 1
4058 6
4059 2
4060 1
4061 2
4062 2
4063 4
4064 2
4065 7
4066 2
4067 1
4068 1
4069 7
4070 4
4071 4
4072 5
4073 8
4074 13
4075 1
4076 2
4077 6
4078 4
4079 4
4080 2
4081 3
4082 2
4083 1
4084 3
4085 2
4086 7
4087 11
4088 8
4089 10
4090 12
4091 7
4092 11
4093 6
4094 11
4095 7
4096 10
4097 7
4098 6
4099 5
4100 8
4101 5
4102 4
4103 8
4104 5
4105 6
4106 4
4107 3
4108 3
4109 2
4110 5
4111 3
4112 3
4113 4
4114 1
4115 1
4116 2
4117 2
4118 1
4119 2
4120 4
4121 1
4122 2
4123 2
4124 3
4125 4
4126 7
4127 4
4128 4
4129 1
4130 1
4131 10
4132 2
4133 2
4134 2
4135 2
4136 7
4137 6
4138 1
4139 8
4140 3
4141 11
4142 5
4143 1
4144 12
4145 16
4146 1
4147 2
4148 4
4149 1
4150 4
4151 1
4152 2
4153 1
4154 1
4155 2
4156 2
4157 5
4158 15
4159 3
4160 2
4161 2
4162 3
4163 10
4164 7
4165 3
4166 6
4167 7
4168 1
4169 1
4170 2
4171 16
4172 1
4173 6
4174 3
4175 7
4176 9
4177 1
4178 1
4179 3
4180 4
4181 4
4182 2
4183 2
4184 1
4185 4
4186 2
4187 7
4188 2
4189 7
4190 4
4191 8
4192 3
4193 7
4194 8
4195 4
4196 6
4197 6
4198 4
4199 5
4200 2
4201 5
4202 4
4203 1
4204 3
4205 1
4206 4
4207 2
4208 6
4209 3
4210 4
4211 4
4212 8
4213 4
4214 4
4215 5
4216 1
4217 4
4218 1
4219 2
4220 1
4221 1
4222 1
4223 8
4224 6
4225 10
4226 1
4227 5
4228 1
4229 1
4230 7
4231 3
4232 3
4233 3
4234 5
4235 7
4236 2
4237 2
4238 8
4239 4
4240 2
4241 1
4242 3
4243 4
4244 4
4245 1
4246 2
4247 10
4248 7
4249 1
4250 11
4251 9
4252 2
4253 1
4254 2
4255 5
4256 2
4257 3
4258 1
4259 8
4260 7
4261 4
4262 3
4263 1
4264 1
4265 3
4266 1
4267 9
4268 15
4269 2
4270 4
4271 7
4272 4
4273 1
4274 7
4275 1
4276 3
4277 1
4278 8
4279 4
4280 5
4281 5
4282 9
4283 4
4284 1
4285 3
4286 4
4287 2
4288 2
4289 6
4290 1
4291 4
4292 3
4293 9
4294 1
4295 4
4296 6
4297 6
4298 4
4299 8
4300 2
4301 1
4302 6
4303 2
4304 3
4305 1
4306 2
4307 1
4308 2
4309 2
4310 5
4311 2
4312 3
4313 1
4314 1
4315 3
4316 2
4317 4
4318 5
4319 1
4320 2
4321 5
4322 1
4323 2
4324 1
4325 5
4326 1
4327 1
4328 2
4329 8
4330 1
4331 6
4332 4
4333 6
4334 4
4335 10
4336 5
4337 4
4338 9
4339 3
4340 2
4341 10
4342 7
4343 5
4344 4
4345 15
4346 4
4347 4
4348 6
4349 1
4350 5
4351 1
4352 3
4353 11
4354 4
4355 13
4356 3
4357 9
4358 1
4359 1
4360 4
4361 3
4362 2
4363 2
4364 1
4365 1
4366 3
4367 4
4368 3
4369 10
4370 4
4371 5
4372 2
4373 5
4374 1
4375 3
4376 9
4377 4
4378 18
4379 4
4380 5
4381 2
4382 1
4383 2
4384 10
4385 3
4386 2
4387 1
4388 12
4389 4
4390 9
4391 4
4392 9
4393 13
4394 2
4395 1
4396 1
4397 1
4398 1
4399 1
4400 1
4401 1
4402 1
4403 1
4404 13
4405 8
4406 1
4407 2
4408 2
4409 2
4410 3
4411 4
4412 6
4413 3
4414 7
4415 6
4416 6
4417 7
4418 3
4419 2
4420 1
4421 5
4422 4
4423 3
4424 2
4425 3
4426 3
4427 9
4428 20
4429 5
4430 7
4431 7
4432 5
4433 4
4434 1
4435 3
4436 3
4437 3
4438 2
4439 5
4440 3
4441 6
4442 1
4443 6
4444 4
4445 4
4446 1
4447 2
4448 6
4449 7
4450 2
4451 8
4452 9
4453 4
4454 1
4455 5
4456 5
4457 3
4458 1
4459 9
4460 10
4461 6
4462 4
4463 3
4464 4
4465 2
4466 2
4467 1
4468 1
4469 1
4470 8
4471 1
4472 2
4473 8
4474 4
4475 10
4476 12
4477 9
4478 2
4479 4
4480 2
4481 3
4482 1
4483 5
4484 3
4485 2
4486 2
4487 7
4488 3
4489 1
4490 3
4491 4
4492 1
4493 1
4494 4
4495 18
4496 6
4497 3
4498 4
4499 7
4500 4
4501 2
4502 3
4503 1
4504 2
4505 1
4506 1
4507 10
4508 1
4509 5
4510 2
4511 1
4512 1
4513 3
4514 4
4515 5
4516 6
4517 3
4518 5
4519 1
4520 4
4521 9
4522 3
4523 6
4524 4
4525 9
4526 3
4527 7
4528 6
4529 9
4530 1
4531 9
4532 1
4533 7
4534 10
4535 8
4536 1
4537 2
4538 2
4539 2
4540 7
4541 1
4542 5
4543 5
4544 1
4545 1
4546 6
4547 2
4548 1
4549 10
4550 3
4551 6
4552 1
4553 5
4554 7
4555 5
4556 3
4557 1
4558 3
4559 1
4560 3
4561 1
4562 1
4563 8
4564 4
4565 2
4566 5
4567 6
4568 4
4569 10
4570 7
4571 3
4572 8
4573 1
4574 5
4575 2
4576 1
4577 4
4578 6
4579 1
4580 2
4581 3
4582 3
4583 5
4584 4
4585 6
4586 1
4587 1
4588 1
4589 4
4590 10
4591 3
4592 4
4593 3
4594 1
4595 8
4596 2
4597 2
4598 4
4599 1
4600 4
4601 3
4602 6
4603 2
4604 2
4605 4
4606 2
4607 1
4608 2
4609 4
4610 3
4611 1
4612 1
4613 3
4614 9
4615 4
4616 2
4617 7
4618 5
4619 2
4620 9
4621 2
4622 3
4623 2
4624 9
4625 2
4626 2
4627 3
4628 5
4629 1
4630 3
4631 2
4632 3
4633 4
4634 3
4635 3
4636 3
4637 5
4638 3
4639 4
4640 8
4641 1
4642 2
4643 4
4644 2
4645 2
4646 4
4647 4
4648 1
4649 3
4650 5
4651 3
4652 2
4653 6
4654 4
4655 3
4656 3
4657 3
4658 3
4659 3
4660 1
4661 4
4662 6
4663 12
4664 3
4665 4
4666 5
4667 1
4668 2
4669 2
4670 2
4671 5
4672 3
4673 1
4674 2
4675 3
4676 11
4677 13
4678 4
4679 7
4680 5
4681 3
4682 7
4683 4
4684 2
4685 4
4686 9
4687 8
4688 4
4689 4
4690 3
4691 1
4692 3
4693 1
4694 1
4695 14
4696 1
4697 3
4698 8
4699 5
4700 3
4701 1
4702 3
4703 10
4704 1
4705 3
4706 8
4707 3
4708 1
4709 6
4710 3
4711 2
4712 2
4713 1
4714 5
4715 10
4716 4
4717 3
4718 4
4719 1
4720 5
4721 5
4722 1
4723 2
4724 4
4725 3
4726 1
4727 1
4728 1
4729 2
4730 4
4731 3
4732 1
4733 2
4734 4
4735 1
4736 7
4737 1
4738 1
4739 5
4740 2
4741 5
4742 2
4743 2
4744 2
4745 2
4746 5
4747 5
4748 4
4749 4
4750 4
4751 1
4752 2
4753 4
4754 2
4755 2
4756 1
4757 4
4758 1
4759 2
4760 1
4761 2
4762 2
4763 1
4764 1
4765 3
4766 2
4767 9
4768 2
4769 1
4770 1
4771 1
4772 1
4773 2
4774 1
4775 1
4776 1
4777 1
4778 1
4779 1
4780 1
4781 3
4782 2
4783 6
4784 2
4785 2
4786 1
4787 4
4788 6
4789 1
4790 1
4791 1
4792 2
4793 1
4794 7
4795 3
4796 7
4797 9
4798 2
4799 2
4800 1
4801 1
4802 1
4803 3
4804 3
4805 3
4806 2
4807 11
4808 4
4809 2
4810 3
4811 1
4812 1
4813 11
4814 1
4815 5
4816 1
4817 6
4818 1
4819 1
4820 3
4821 4
4822 3
4823 5
4824 1
4825 1
4826 1
4827 1
4828 6
4829 4
4830 2
4831 4
4832 6
4833 3
4834 2
4835 3
4836 8
4837 1
4838 7
4839 2
4840 4
4841 12
4842 5
4843 4
4844 6
4845 1
4846 6
4847 2
4848 9
4849 2
4850 2
4851 1
4852 4
4853 3
4854 2
4855 2
4856 4
4857 1
4858 3
4859 2
4860 4
4861 2
4862 6
4863 2
4864 7
4865 1
4866 1
4867 3
4868 2
4869 1
4870 2
4871 3
4872 2
4873 1
4874 3
4875 2
4876 9
4877 5
4878 2
4879 1
4880 5
4881 7
4882 2
4883 2
4884 1
4885 3
4886 1
4887 6
4888 5
4889 2
4890 3
4891 1
4892 1
4893 3
4894 1
4895 1
4896 1
4897 1
4898 2
4899 4
4900 3
4901 3
4902 1
4903 2
4904 1
4905 3
4906 5
4907 3
4908 3
4909 7
4910 3
4911 1
4912 9
4913 6
4914 1
4915 1
4916 5
4917 7
4918 1
4919 6
4920 1
4921 3
4922 1
4923 2
4924 2
4925 4
4926 5
4927 2
4928 8
4929 6
4930 1
4931 4
4932 1
4933 4
4934 1
4935 2
4936 5
4937 7
4938 3
4939 3
4940 2
4941 2
4942 6
4943 4
4944 4
4945 5
4946 1
4947 5
4948 1
4949 1
4950 2
4951 2
4952 4
4953 5
4954 18
4955 5
4956 1
4957 2
4958 2
4959 3
4960 1
4961 4
4962 6
4963 2
4964 3
4965 6
4966 1
4967 4
4968 6
4969 1
4970 2
4971 2
4972 9
4973 2
4974 2
4975 2
4976 6
4977 1
4978 8
4979 8
4980 1
4981 1
4982 5
4983 6
4984 5
4985 6
4986 2
4987 1
4988 6
4989 1
4990 2
4991 3
4992 1
4993 2
4994 1
4995 6
4996 2
4997 15
4998 1
4999 2
5000 3
5001 8
5002 5
5003 1
5004 3
5005 10
5006 2
5007 1
5008 2
5009 5
5010 6
5011 12
5012 4
5013 6
5014 2
5015 1
5016 1
5017 1
5018 1
5019 1
5020 2
5021 2
5022 6
5023 1
5024 2
5025 5
5026 8
5027 4
5028 2
5029 10
5030 4
5031 2
5032 2
5033 4
5034 3
5035 3
5036 8
5037 6
5038 2
5039 7
5040 2
5041 8
5042 2
5043 5
5044 9
5045 2
5046 2
5047 1
5048 3
5049 4
5050 1
5051 2
5052 2
5053 2
5054 3
5055 1
5056 6
5057 4
5058 13
5059 2
5060 2
5061 2
5062 1
5063 2
5064 2
5065 1
5066 5
5067 5
5068 8
5069 1
5070 4
5071 3
5072 2
5073 1
5074 5
5075 1
5076 1
5077 1
5078 1
5079 1
5080 2
5081 1
5082 3
5083 6
5084 3
5085 4
5086 2
5087 11
5088 1
5089 3
5090 6
5091 8
5092 1
5093 1
5094 9
5095 1
5096 4
5097 5
5098 7
5099 3
5100 3
5101 1
5102 8
5103 7
5104 14
5105 1
5106 3
5107 1
5108 5
5109 4
5110 7
5111 1
5112 9
5113 4
5114 1
5115 1
5116 1
5117 2
5118 2
5119 6
5120 2
5121 1
5122 3
5123 2
5124 5
5125 3
5126 2
5127 1
5128 1
5129 1
5130 3
5131 1
5132 12
5133 1
5134 17
5135 1
5136 4
5137 1
5138 1
5139 3
5140 12
5141 1
5142 1
5143 3
5144 2
5145 5
5146 3
5147 3
5148 2
5149 4
5150 2
5151 7
5152 1
5153 3
5154 4
5155 6
5156 3
5157 6
5158 4
5159 2
5160 1
5161 1
5162 4
5163 2
5164 2
5165 3
5166 1
5167 1
5168 2
5169 2
5170 5
5171 4
5172 5
5173 1
5174 1
5175 5
5176 5
5177 4
5178 3
5179 1
5180 2
5181 1
5182 1
5183 8
5184 4
5185 2
5186 8
5187 1
5188 2
5189 2
5190 1
5191 1
5192 4
5193 4
5194 3
5195 6
5196 7
5197 1
5198 2
5199 3
5200 1
5201 1
5202 8
5203 6
5204 4
5205 3
5206 4
5207 3
5208 2
5209 2
5210 2
5211 1
5212 1
5213 1
5214 1
5215 1
5216 1
5217 1
5218 3
5219 1
5220 4
5221 6
5222 1
5223 11
5224 9
5225 8
5226 4
5227 5
5228 1
5229 1
5230 2
5231 2
5232 1
5233 3
5234 2
5235 1
5236 1
5237 1
5238 1
5239 1
5240 1
5241 1
5242 1
5243 1
5244 1
5245 1
5246 1
5247 4
5248 1
5249 4
5250 1
5251 3
5252 1
5253 1
5254 2
5255 1
5256 1
5257 6
5258 3
5259 5
5260 4
5261 1
5262 1
5263 1
5264 3
5265 2
5266 2
5267 2
5268 2
5269 2
5270 2
5271 7
5272 2
5273 2
5274 8
5275 1
5276 2
5277 3
5278 1
5279 1
5280 1
5281 5
5282 3
5283 1
5284 1
5285 2
5286 2
5287 1
5288 1
5289 3
5290 2
5291 4
5292 12
5293 4
5294 7
5295 7
5296 5
5297 2
5298 1
5299 4
5300 2
5301 5
5302 5
5303 4
5304 1
5305 2
5306 1
5307 5
5308 1
5309 2
5310 9
5311 3
5312 3
5313 7
5314 1
5315 8
5316 9
5317 4
5318 1
5319 2
5320 5
5321 2
5322 4
5323 3
5324 3
5325 1
5326 3
5327 6
5328 3
5329 11
5330 2
5331 3
5332 6
5333 5
5334 4
5335 7
5336 2
5337 1
5338 19
5339 1
5340 1
5341 1
5342 3
5343 2
5344 4
5345 2
5346 1
5347 2
5348 1
5349 4
5350 8
5351 6
5352 7
5353 1
5354 1
5355 4
5356 1
5357 6
5358 5
5359 2
5360 1
5361 1
5362 2
5363 4
5364 8
5365 1
5366 3
5367 4
5368 4
5369 2
5370 7
5371 5
5372 3
5373 3
5374 5
5375 3
5376 2
5377 11
5378 11
5379 1
5380 1
5381 5
5382 3
5383 2
5384 3
5385 4
5386 3
5387 1
5388 24
5389 7
5390 8
5391 4
5392 1
5393 1
5394 1
5395 1
5396 1
5397 11
5398 4
5399 5
5400 5
5401 5
5402 1
5403 8
5404 1
5405 10
5406 4
5407 6
5408 4
5409 10
5410 3
5411 7
5412 4
5413 2
5414 4
5415 4
5416 3
5417 2
5418 3
5419 1
5420 1
5421 1
5422 4
5423 3
5424 1
5425 6
5426 4
5427 3
5428 1
5429 1
5430 1
5431 3
5432 10
5433 1
5434 1
5435 4
5436 2
5437 2
5438 4
5439 1
5440 2
5441 1
5442 2
5443 1
5444 3
5445 3
5446 1
5447 1
5448 1
5449 1
5450 1
5451 1
5452 1
5453 1
5454 3
5455 2
5456 1
5457 4
5458 2
5459 5
5460 1
5461 6
5462 5
5463 2
5464 2
5465 3
5466 5
5467 1
5468 5
5469 2
5470 3
5471 2
5472 1
5473 6
5474 6
5475 5
5476 5
5477 7
5478 3
5479 4
5480 4
5481 1
5482 12
5483 1
5484 4
5485 6
5486 2
5487 5
5488 1
5489 5
5490 1
5491 1
5492 1
5493 7
5494 3
5495 2
5496 2
5497 1
5498 4
5499 5
5500 3
5501 9
5502 5
5503 2
5504 2
5505 1
5506 2
5507 1
5508 1
5509 1
5510 4
5511 2
5512 1
5513 1
5514 3
5515 2
5516 1
5517 1
5518 1
5519 1
5520 1
5521 1
5522 4
5523 2
5524 4
5525 2
5526 1
5527 6
5528 4
5529 1
5530 1
5531 2
5532 2
5533 3
5534 8
5535 2
5536 3
5537 5
5538 2
5539 2
5540 6
5541 4
5542 6
5543 1
5544 3
5545 1
5546 4
5547 7
5548 3
5549 1
5550 3
5551 6
5552 3
5553 1
5554 6
5555 1
5556 2
5557 1
5558 5
5559 3
5560 4
5561 6
5562 2
5563 2
5564 2
5565 1
5566 4
5567 1
5568 2
5569 1
5570 2
5571 1
5572 6
5573 5
5574 5
5575 3
5576 1
5577 2
5578 1
5579 2
5580 6
5581 4
5582 1
5583 5
5584 5
5585 5
5586 8
5587 3
5588 12
5589 1
5590 3
5591 1
5592 2
5593 2
5594 1
5595 1
5596 3
5597 4
5598 1
5599 2
5600 2
5601 2
5602 3
5603 4
5604 4
5605 2
5606 8
5607 3
5608 1
5609 1
5610 1
5611 2
5612 1
5613 1
5614 1
5615 4
5616 1
5617 3
5618 4
5619 3
5620 13
5621 2
5622 5
5623 2
5624 3
5625 2
5626 6
5627 4
5628 7
5629 1
5630 3
5631 1
5632 2
5633 10
5634 3
5635 6
5636 1
5637 2
5638 4
5639 5
5640 2
5641 2
5642 3
5643 2
5644 1
5645 4
5646 2
5647 7
5648 4
5649 8
5650 2
5651 5
5652 2
5653 1
5654 1
5655 5
5656 5
5657 9
5658 1
5659 3
5660 6
5661 3
5662 4
5663 1
5664 2
5665 7
5666 3
5667 1
5668 1
5669 1
5670 4
5671 5
5672 2
5673 2
5674 2
5675 1
5676 3
5677 4
5678 1
5679 6
5680 7
5681 1
5682 2
5683 5
5684 2
5685 4
5686 1
5687 1
5688 1
5689 1
5690 2
5691 2
5692 2
5693 4
5694 2
5695 3
5696 2
5697 2
5698 1
5699 5
5700 7
5701 6
5702 2
5703 7
5704 1
5705 10
5706 6
5707 3
5708 5
5709 5
5710 3
5711 3
5712 1
5713 3
5714 2
5715 2
5716 4
5717 8
5718 3
5719 10
5720 8
5721 1
5722 6
5723 4
5724 6
5725 2
5726 3
5727 4
5728 1
5729 12
5730 3
5731 2
5732 1
5733 7
5734 2
5735 2
5736 4
5737 1
5738 4
5739 3
5740 10
5741 1
5742 1
5743 1
5744 1
5745 2
5746 2
5747 2
5748 2
5749 7
5750 8
5751 1
5752 1
5753 2
5754 9
5755 5
5756 6
5757 5
5758 7
5759 7
5760 3
5761 6
5762 12
5763 2
5764 2
5765 1
5766 1
5767 1
5768 3
5769 4
5770 2
5771 1
5772 4
5773 2
5774 13
5775 3
5776 1
5777 9
5778 10
5779 5
5780 2
5781 1
5782 2
5783 3
5784 5
5785 2
5786 1
5787 1
5788 2
5789 1
5790 4
5791 5
5792 2
5793 5
5794 1
5795 2
5796 2
5797 2
5798 6
5799 4
5800 3
5801 2
5802 1
5803 1
5804 1
5805 4
5806 3
5807 7
5808 1
5809 3
5810 1
5811 5
5812 1
5813 1
5814 1
5815 3
5816 1
5817 2
5818 1
5819 2
5820 4
5821 1
5822 3
5823 1
5824 2
5825 3
5826 1
5827 1
5828 1
5829 2
5830 2
5831 1
5832 2
5833 2
5834 2
5835 4
5836 2
5837 2
5838 3
5839 1
5840 1
5841 2
5842 1
5843 1
5844 2
5845 1
5846 4
5847 4
5848 5
5849 1
5850 4
5851 8
5852 1
5853 1
5854 4
5855 1
5856 1
5857 7
5858 5
5859 4
5860 1
5861 8
5862 5
5863 14
5864 2
5865 4
5866 4
5867 2
5868 2
5869 5
5870 3
5871 1
5872 1
5873 5
5874 3
5875 1
5876 1
5877 2
5878 2
5879 2
5880 1
5881 3
5882 4
5883 1
5884 1
5885 1
5886 1
5887 1
5888 1
5889 1
5890 1
5891 1
5892 4
5893 4
5894 5
5895 6
5896 2
5897 3
5898 8
5899 2
5900 2
5901 4
5902 5
5903 4
5904 10
5905 3
5906 4
5907 1
5908 2
5909 1
5910 1
5911 3
5912 1
5913 9
5914 8
5915 3
5916 1
5917 5
5918 6
5919 4
5920 3
5921 3
5922 1
5923 1
5924 2
5925 2
5926 4
5927 2
5928 1
5929 3
5930 2
5931 1
5932 8
5933 2
5934 4
5935 5
5936 2
5937 1
5938 5
5939 6
5940 1
5941 4
5942 4
5943 8
5944 1
5945 7
5946 1
5947 1
5948 4
5949 1
5950 1
5951 1
5952 2
5953 4
5954 2
5955 1
5956 4
5957 5
5958 3
5959 3
5960 7
5961 2
5962 10
5963 1
5964 3
5965 4
5966 4
5967 2
5968 4
5969 1
5970 2
5971 6
5972 1
5973 3
5974 7
5975 2
5976 2
5977 1
5978 2
5979 5
5980 3
5981 1
5982 2
5983 2
5984 6
5985 5
5986 4
5987 3
5988 1
5989 6
5990 2
5991 1
5992 1
5993 3
5994 5
5995 1
5996 5
5997 2
5998 1
5999 1
6000 2
6001 1
6002 4
6003 4
6004 6
6005 3
6006 4
6007 6
6008 1
6009 5
6010 5
6011 1
6012 4
6013 8
6014 3
6015 1
6016 1
6017 1
6018 2
6019 2
6020 1
6021 5
6022 7
6023 1
6024 2
6025 1
6026 4
6027 3
6028 3
6029 1
6030 1
6031 4
6032 1
6033 5
6034 2
6035 5
6036 1
6037 1
6038 2
6039 8
6040 2
6041 1
6042 1
6043 1
6044 1
6045 1
6046 3
6047 7
6048 6
6049 3
6050 2
6051 4
6052 1
6053 1
6054 5
6055 6
6056 1
6057 2
6058 1
6059 1
6060 1
6061 1
6062 4
6063 2
6064 4
6065 2
6066 1
6067 3
6068 3
6069 2
6070 2
6071 1
6072 2
6073 2
6074 29
6075 3
6076 6
6077 7
6078 9
6079 1
6080 3
6081 1
6082 1
6083 7
6084 5
6085 7
6086 1
6087 4
6088 3
6089 1
6090 2
6091 2
6092 1
6093 2
6094 1
6095 1
6096 2
6097 3
6098 1
6099 2
6100 2
6101 1
6102 3
6103 4
6104 2
6105 4
6106 2
6107 3
6108 6
6109 2
6110 1
6111 3
6112 3
6113 2
6114 12
6115 1
6116 3
6117 6
6118 6
6119 1
6120 4
6121 2
6122 2
6123 1
6124 1
6125 2
6126 7
6127 1
6128 7
6129 2
6130 1
6131 1
6132 7
6133 1
6134 3
6135 4
6136 3
6137 1
6138 1
6139 1
6140 1
6141 2
6142 1
6143 1
6144 3
6145 5
6146 1
6147 4
6148 2
6149 2
6150 1
6151 1
6152 1
6153 1
6154 1
6155 2
6156 1
6157 1
6158 1
6159 9
6160 4
6161 1
6162 10
6163 1
6164 5
6165 6
6166 4
6167 4
6168 2
6169 2
6170 1
6171 2
6172 1
6173 5
6174 2
6175 3
6176 1
6177 1
6178 3
6179 5
6180 1
6181 1
6182 1
6183 2
6184 1
6185 6
6186 2
6187 6
6188 2
6189 3
6190 2
6191 1
6192 2
6193 2
6194 4
6195 4
6196 5
6197 5
6198 2
6199 3
6200 1
6201 2
6202 2
6203 9
6204 4
6205 1
6206 3
6207 5
6208 2
6209 1
6210 1
6211 2
6212 1
6213 3
6214 1
6215 3
6216 5
6217 3
6218 4
6219 8
6220 2
6221 1
6222 4
6223 2
6224 3
6225 5
6226 2
6227 4
6228 10
6229 1
6230 1
6231 1
6232 5
6233 2
6234 3
6235 1
6236 3
6237 6
6238 3
6239 3
6240 7
6241 5
6242 2
6243 1
6244 7
6245 3
6246 5
6247 4
6248 1
6249 2
6250 7
6251 1
6252 1
6253 1
6254 2
6255 3
6256 4
6257 1
6258 3
6259 1
6260 5
6261 1
6262 1
6263 1
6264 1
6265 7
6266 10
6267 1
6268 1
6269 1
6270 1
6271 4
6272 1
6273 1
6274 1
6275 4
6276 8
6277 8
6278 10
6279 5
6280 3
6281 7
6282 3
6283 1
6284 4
6285 1
6286 7
6287 3
6288 2
6289 3
6290 3
6291 3
6292 4
6293 3
6294 1
6295 3
6296 22
6297 5
6298 1
6299 3
6300 1
6301 2
6302 1
6303 3
6304 5
6305 1
6306 1
6307 3
6308 3
6309 6
6310 2
6311 1
6312 5
6313 3
6314 11
6315 2
6316 3
6317 3
6318 1
6319 1
6320 5
6321 1
6322 1
6323 4
6324 8
6325 2
6326 4
6327 1
6328 2
6329 10
6330 3
6331 1
6332 1
6333 1
6334 2
6335 4
6336 1
6337 6
6338 2
6339 1
6340 2
6341 2
6342 1
6343 1
6344 1
6345 4
6346 8
6347 3
6348 1
6349 2
6350 4
6351 4
6352 2
6353 1
6354 5
6355 1
6356 8
6357 1
6358 1
6359 1
6360 2
6361 1
6362 5
6363 1
6364 5
6365 6
6366 2
6367 5
6368 1
6369 11
6370 5
6371 2
6372 4
6373 1
6374 9
6375 1
6376 1
6377 7
6378 1
6379 1
6380 8
6381 1
6382 1
6383 1
6384 4
6385 1
6386 1
6387 1
6388 3
6389 3
6390 3
6391 1
6392 1
6393 1
6394 1
6395 1
6396 1
6397 1
6398 4
6399 3
6400 7
6401 1
6402 2
6403 8
6404 4
6405 3
6406 1
6407 1
6408 7
6409 7
6410 3
6411 4
6412 5
6413 1
6414 1
6415 11
6416 1
6417 2
6418 4
6419 3
6420 1
6421 2
6422 4
6423 4
6424 1
6425 5
6426 1
6427 7
6428 2
6429 4
6430 1
6431 1
6432 5
6433 2
6434 4
6435 1
6436 2
6437 1
6438 4
6439 2
6440 3
6441 1
6442 6
6443 1
6444 2
6445 3
6446 1
6447 4
6448 1
6449 2
6450 1
6451 1
6452 1
6453 1
6454 2
6455 2
6456 1
6457 1
6458 1
6459 2
6460 3
6461 4
6462 4
6463 2
6464 2
6465 2
6466 2
6467 2
6468 1
6469 1
6470 5
6471 3
6472 2
6473 2
6474 6
6475 6
6476 10
6477 1
6478 4
6479 2
6480 3
6481 5
6482 2
6483 2
6484 6
6485 3
6486 3
6487 3
6488 4
6489 10
6490 4
6491 1
6492 4
6493 5
6494 1
6495 4
6496 4
6497 1
6498 1
6499 5
6500 4
6501 1
6502 5
6503 5
6504 5
6505 3
6506 12
6507 1
6508 1
6509 6
6510 1
6511 2
6512 3
6513 7
6514 2
6515 4
6516 4
6517 4
6518 3
6519 4
6520 2
6521 1
6522 1
6523 1
6524 4
6525 1
6526 2
6527 3
6528 1
6529 1
6530 1
6531 4
6532 4
6533 4
6534 2
6535 2
6536 1
6537 2
6538 1
6539 1
6540 2
6541 2
6542 1
6543 3
6544 3
6545 3
6546 2
6547 1
6548 7
6549 1
6550 3
6551 1
6552 1
6553 1
6554 1
6555 7
6556 1
6557 1
6558 1
6559 1
6560 1
6561 5
6562 6
6563 4
6564 6
6565 1
6566 6
6567 1
6568 4
6569 2
6570 5
6571 3
6572 2
6573 2
6574 5
6575 2
6576 2
6577 1
6578 4
6579 2
6580 4
6581 2
6582 1
6583 7
6584 1
6585 6
6586 2
6587 4
6588 1
6589 2
6590 2
6591 7
6592 1
6593 2
6594 1
6595 2
6596 5
6597 6
6598 2
6599 3
6600 5
6601 2
6602 5
6603 7
6604 1
6605 3
6606 3
6607 1
6608 4
6609 3
6610 3
6611 2
6612 2
6613 1
6614 6
6615 2
6616 2
6617 5
6618 2
6619 5
6620 6
6621 2
6622 3
6623 7
6624 1
6625 2
6626 1
6627 1
6628 4
6629 1
6630 2
6631 1
6632 3
6633 1
6634 1
6635 4
6636 2
6637 11
6638 1
6639 7
6640 7
6641 1
6642 1
6643 2
6644 9
6645 1
6646 1
6647 3
6648 5
6649 1
6650 2
6651 3
6652 1
6653 8
6654 8
6655 1
6656 1
6657 4
6658 2
6659 6
6660 4
6661 6
6662 3
6663 3
6664 2
6665 2
6666 5
6667 1
6668 4
6669 1
6670 4
6671 3
6672 1
6673 2
6674 1
6675 2
6676 1
6677 3
6678 1
6679 3
6680 1
6681 1
6682 1
6683 2
6684 1
6685 1
6686 1
6687 2
6688 2
6689 1
6690 1
6691 1
6692 3
6693 5
6694 1
6695 3
6696 2
6697 1
6698 4
6699 5
6700 1
6701 1
6702 1
6703 2
6704 1
6705 4
6706 2
6707 5
6708 4
6709 4
6710 3
6711 6
6712 2
6713 1
6714 4
6715 1
6716 2
6717 5
6718 3
6719 2
6720 3
6721 2
6722 1
6723 1
6724 6
6725 5
6726 4
6727 2
6728 3
6729 1
6730 1
6731 1
6732 5
6733 1
6734 2
6735 1
6736 1
6737 1
6738 7
6739 5
6740 2
6741 5
6742 1
6743 1
6744 1
6745 2
6746 1
6747 2
6748 5
6749 3
6750 1
6751 2
6752 10
6753 2
6754 1
6755 1
6756 3
6757 3
6758 1
6759 1
6760 1
6761 1
6762 6
6763 1
6764 1
6765 4
6766 3
6767 2
6768 6
6769 4
6770 1
6771 5
6772 4
6773 3
6774 3
6775 2
6776 1
6777 1
6778 2
6779 2
6780 1
6781 9
6782 3
6783 3
6784 1
6785 3
6786 8
6787 1
6788 6
6789 1
6790 2
6791 2
6792 5
6793 1
6794 2
6795 7
6796 1
6797 2
6798 4
6799 1
6800 2
6801 5
6802 1
6803 8
6804 2
6805 3
6806 3
6807 2
6808 2
6809 5
6810 2
6811 1
6812 1
6813 1
6814 6
6815 3
6816 1
6817 1
6818 3
6819 5
6820 6
6821 4
6822 1
6823 1
6824 2
6825 3
6826 2
6827 3
6828 3
6829 2
6830 2
6831 1
6832 2
6833 1
6834 5
6835 1
6836 5
6837 1
6838 4
6839 5
6840 4
6841 1
6842 2
6843 6
6844 2
6845 1
6846 1
6847 1
6848 5
6849 1
6850 2
6851 1
6852 3
6853 1
6854 1
6855 7
6856 2
6857 1
6858 1
6859 1
6860 3
6861 1
6862 1
6863 1
6864 1
6865 1
6866 1
6867 7
6868 1
6869 1
6870 1
6871 4
6872 1
6873 1
6874 5
6875 3
6876 2
6877 1
6878 8
6879 1
6880 2
6881 1
6882 3
6883 2
6884 1
6885 3
6886 1
6887 1
6888 1
6889 1
6890 1
6891 7
6892 2
6893 1
6894 2
6895 2
6896 3
6897 6
6898 1
6899 3
6900 1
6901 1
6902 3
6903 2
6904 1
6905 1
6906 2
6907 1
6908 3
6909 1
6910 2
6911 1
6912 2
6913 1
6914 1
6915 1
6916 4
6917 4
6918 1
6919 1
6920 4
6921 4
6922 2
6923 1
6924 4
6925 1
6926 3
6927 2
6928 7
6929 1
6930 4
6931 2
6932 2
6933 4
6934 1
6935 2
6936 1
6937 3
6938 4
6939 6
6940 3
6941 6
6942 1
6943 3
6944 5
6945 1
6946 1
6947 5
6948 6
6949 1
6950 1
6951 4
6952 4
6953 1
6954 4
6955 1
6956 9
6957 3
6958 1
6959 1
6960 1
6961 1
6962 1
6963 1
6964 1
6965 1
6966 2
6967 1
6968 2
6969 1
6970 7
6971 4
6972 4
6973 4
6974 1
6975 1
6976 3
6977 1
6978 1
6979 2
6980 1
6981 1
6982 1
6983 5
6984 1
6985 3
6986 1
6987 1
6988 1
6989 1
6990 2
6991 1
6992 1
6993 2
6994 1
6995 3
6996 1
6997 5
6998 2
6999 2
7000 1
7001 1
7002 1
7003 4
7004 2
7005 2
7006 1
7007 1
7008 3
7009 1
7010 1
7011 7
7012 1
7013 1
7014 3
7015 4
7016 7
7017 4
7018 4
7019 1
7020 2
7021 1
7022 3
7023 1
7024 2
7025 1
7026 1
7027 1
7028 1
7029 2
7030 3
7031 2
7032 2
7033 2
7034 4
7035 4
7036 1
7037 1
7038 5
7039 4
7040 1
7041 2
7042 2
7043 2
7044 3
7045 7
7046 1
7047 3
7048 3
7049 5
7050 1
7051 1
7052 1
7053 1
7054 1
7055 4
7056 4
7057 7
7058 2
7059 5
7060 1
7061 5
7062 1
7063 1
7064 2
7065 1
7066 4
7067 2
7068 1
7069 2
7070 2
7071 3
7072 2
7073 3
7074 1
7075 4
7076 2
7077 2
7078 5
7079 6
7080 1
7081 4
7082 1
7083 3
7084 2
7085 1
7086 2
7087 10
7088 2
7089 1
7090 1
7091 2
7092 4
7093 4
7094 2
7095 2
7096 5
7097 2
7098 3
7099 1
7100 2
7101 1
7102 1
7103 3
7104 1
7105 1
7106 1
7107 1
7108 1
7109 1
7110 1
7111 3
7112 1
7113 6
7114 4
7115 3
7116 4
7117 1
7118 1
7119 1
7120 3
7121 1
7122 4
7123 1
7124 6
7125 2
7126 1
7127 1
7128 2
7129 1
7130 1
7131 1
7132 2
7133 1
7134 1
7135 6
7136 2
7137 4
7138 4
7139 1
7140 2
7141 2
7142 1
7143 1
7144 4
7145 2
7146 2
7147 1
7148 1
7149 4
7150 2
7151 5
7152 7
7153 1
7154 6
7155 1
7156 1
7157 2
7158 5
7159 4
7160 1
7161 1
7162 1
7163 2
7164 2
7165 4
7166 4
7167 1
7168 1
7169 4
7170 6
7171 2
7172 1
7173 5
7174 1
7175 4
7176 1
7177 9
7178 3
7179 5
7180 1
7181 1
7182 2
7183 1
7184 2
7185 3
7186 1
7187 3
7188 10
7189 2
7190 2
7191 1
7192 1
7193 3
7194 2
7195 2
7196 1
7197 1
7198 1
7199 6
7200 1
7201 1
7202 2
7203 3
7204 3
7205 2
7206 1
7207 3
7208 2
7209 8
7210 5
7211 4
7212 5
7213 3
7214 2
7215 1
7216 1
7217 8
7218 1
7219 7
7220 1
7221 4
7222 1
7223 1
7224 1
7225 1
7226 3
7227 2
7228 1
7229 5
7230 2
7231 1
7232 2
7233 1
7234 7
7235 1
7236 1
7237 3
7238 1
7239 2
7240 1
7241 5
7242 1
7243 1
7244 1
7245 1
7246 1
7247 1
7248 1
7249 1
7250 6
7251 5
7252 1
7253 2
7254 6
7255 4
7256 9
7257 4
7258 1
7259 2
7260 2
7261 1
7262 1
7263 1
7264 2
7265 3
7266 2
7267 2
7268 2
7269 3
7270 1
7271 1
7272 4
7273 3
7274 2
7275 1
7276 1
7277 2
7278 1
7279 2
7280 1
7281 1
7282 2
7283 2
7284 2
7285 1
7286 1
7287 1
7288 1
7289 4
7290 3
7291 5
7292 1
7293 1
7294 1
7295 1
7296 2
7297 3
7298 7
7299 1
7300 8
7301 3
7302 2
7303 5
7304 1
7305 2
7306 1
7307 3
7308 6
7309 1
7310 1
7311 2
7312 2
7313 1
7314 3
7315 2
7316 4
7317 1
7318 2
7319 2
7320 1
7321 7
7322 1
7323 9
7324 1
7325 1
7326 7
7327 1
7328 3
7329 3
7330 1
7331 1
7332 1
7333 1
7334 3
7335 1
7336 1
7337 1
7338 2
7339 2
7340 1
7341 1
7342 3
7343 2
7344 3
7345 1
7346 2
7347 1
7348 3
7349 8
7350 1
7351 1
7352 3
7353 2
7354 3
7355 1
7356 2
7357 1
7358 5
7359 2
7360 3
7361 2
7362 2
7363 1
7364 1
7365 3
7366 1
7367 2
7368 4
7369 1
7370 1
7371 1
7372 1
7373 4
7374 7
7375 4
7376 2
7377 2
7378 2
7379 3
7380 3
7381 2
7382 2
7383 1
7384 3
7385 4
7386 2
7387 2
7388 2
7389 2
7390 1
7391 2
7392 1
7393 1
7394 3
7395 5
7396 1
7397 6
7398 2
7399 2
7400 1
7401 8
7402 3
7403 3
7404 1
7405 4
7406 9
7407 2
7408 6
7409 5
7410 4
7411 4
7412 2
7413 1
7414 2
7415 4
7416 1
7417 4
7418 2
7419 3
7420 1
7421 2
7422 1
7423 4
7424 4
7425 8
7426 2
7427 2
7428 2
7429 2
7430 2
7431 5
7432 1
7433 2
7434 2
7435 4
7436 1
7437 1
7438 1
7439 1
7440 1
7441 3
7442 2
7443 3
7444 1
7445 1
7446 3
7447 2
7448 1
7449 1
7450 2
7451 2
7452 2
7453 1
7454 2
7455 2
7456 5
7457 1
7458 1
7459 2
7460 2
7461 1
7462 3
7463 5
7464 1
7465 1
7466 1
7467 2
7468 1
7469 2
7470 3
7471 3
7472 7
7473 3
7474 5
7475 1
7476 5
7477 1
7478 2
7479 1
7480 1
7481 1
7482 2
7483 1
7484 1
7485 3
7486 2
7487 1
7488 3
7489 2
7490 1
7491 1
7492 3
7493 3
7494 3
7495 1
7496 1
7497 1
7498 3
7499 1
7500 6
7501 2
7502 5
7503 1
7504 1
7505 2
7506 1
7507 2
7508 1
7509 2
7510 1
7511 1
7512 2
7513 3
7514 4
7515 2
7516 5
7517 4
7518 2
7519 1
7520 2
7521 1
7522 1
7523 1
7524 4
7525 1
7526 2
7527 1
7528 4
7529 1
7530 1
7531 1
7532 1
7533 2
7534 1
7535 6
7536 6
7537 1
7538 2
7539 4
7540 3
7541 4
7542 1
7543 1
7544 1
7545 7
7546 1
7547 2
7548 3
7549 7
7550 1
7551 1
7552 2
7553 2
7554 2
7555 3
7556 4
7557 1
7558 3
7559 5
7560 1
7561 1
7562 3
7563 3
7564 7
7565 1
7566 2
7567 2
7568 1
7569 6
7570 2
7571 1
7572 5
7573 8
7574 3
7575 3
7576 4
7577 3
7578 1
7579 6
7580 1
7581 2
7582 7
7583 3
7584 2
7585 1
7586 2
7587 1
7588 1
7589 2
7590 2
7591 1
7592 1
7593 2
7594 1
7595 2
7596 2
7597 2
7598 4
7599 1
7600 1
7601 1
7602 4
7603 1
7604 1
7605 3
7606 1
7607 1
7608 4
7609 1
7610 1
7611 2
7612 2
7613 1
7614 1
7615 1
7616 1
7617 2
7618 2
7619 1
7620 2
7621 3
7622 1
7623 3
7624 4
7625 1
7626 1
7627 1
7628 1
7629 1
7630 1
7631 3
7632 2
7633 5
7634 2
7635 1
7636 1
7637 1
7638 5
7639 2
7640 1
7641 1
7642 3
7643 1
7644 1
7645 1
7646 1
7647 5
7648 3
7649 4
7650 1
7651 0
7652 1
7653 1
7654 2
7655 2
7656 1
7657 4
7658 4
7659 3
7660 1
7661 1
7662 3
7663 4
7664 1
7665 1
7666 1
7667 1
7668 1
7669 1
7670 1
7671 1
7672 1
7673 1
7674 1
7675 1
7676 1
7677 1
7678 1
7679 1
7680 1
7681 1
7682 1
7683 1
7684 1
7685 2
7686 1
7687 1
7688 1
7689 1
7690 1
7691 2
7692 1
7693 1
7694 1
7695 4
7696 7
7697 1
7698 2
7699 1
7700 1
7701 6
7702 1
7703 1
7704 7
7705 1
7706 5
7707 1
7708 1
7709 3
7710 3
7711 3
7712 4
7713 1
7714 1
7715 9
7716 2
7717 1
7718 6
7719 2
7720 2
7721 1
7722 3
7723 1
7724 3
7725 6
7726 3
7727 4
7728 3
7729 2
7730 4
7731 3
7732 2
7733 4
7734 1
7735 1
7736 5
7737 1
7738 1
7739 3
7740 1
7741 3
7742 1
7743 2
7744 1
7745 4
7746 3
7747 2
7748 2
7749 1
7750 1
7751 1
7752 2
7753 4
7754 10
7755 1
7756 2
7757 2
7758 1
7759 1
7760 1
7761 1
7762 8
7763 1
7764 1
7765 1
7766 1
7767 1
7768 1
7769 1
7770 1
7771 1
7772 2
7773 1
7774 7
7775 6
7776 6
7777 1
7778 1
7779 4
7780 1
7781 2
7782 3
7783 2
7784 2
7785 6
7786 3
7787 2
7788 1
7789 3
7790 4
7791 3
7792 1
7793 4
7794 7
7795 2
7796 1
7797 2
7798 7
7799 4
7800 1
7801 1
7802 2
7803 1
7804 5
7805 3
7806 1
7807 8
7808 1
7809 1
7810 2
7811 1
7812 1
7813 1
7814 1
7815 6
7816 2
7817 8
7818 3
7819 2
7820 3
7821 1
7822 2
7823 1
7824 1
7825 1
7826 3
7827 1
7828 2
7829 1
7830 7
7831 1
7832 1
7833 1
7834 1
7835 2
7836 14
7837 2
7838 4
7839 2
7840 2
7841 1
7842 4
7843 1
7844 2
7845 2
7846 1
7847 4
7848 2
7849 2
7850 1
7851 1
7852 1
7853 1
7854 1
7855 1
7856 1
7857 1
7858 1
7859 2
7860 7
7861 2
7862 3
7863 3
7864 1
7865 1
7866 1
7867 3
7868 1
7869 2
7870 3
7871 1
7872 2
7873 3
7874 1
7875 1
7876 3
7877 4
7878 1
7879 1
7880 1
7881 3
7882 4
7883 1
7884 5
7885 1
7886 1
7887 2
7888 5
7889 1
7890 1
7891 3
7892 2
7893 2
7894 2
7895 1
7896 2
7897 3
7898 5
7899 1
7900 2
7901 1
7902 1
7903 3
7904 6
7905 2
7906 4
7907 3
7908 1
7909 3
7910 2
7911 1
7912 1
7913 5
7914 2
7915 1
7916 1
7917 1
7918 2
7919 3
7920 1
7921 1
7922 3
7923 2
7924 3
7925 1
7926 4
7927 1
7928 3
7929 5
7930 2
7931 1
7932 1
7933 1
7934 1
7935 2
7936 1
7937 1
7938 5
7939 1
7940 3
7941 1
7942 1
7943 3
7944 1
7945 1
7946 2
7947 1
7948 1
7949 2
7950 1
7951 1
7952 2
7953 2
7954 1
7955 1
7956 1
7957 1
7958 4
7959 2
7960 1
7961 3
7962 1
7963 6
7964 4
7965 4
7966 2
7967 5
7968 1
7969 3
7970 1
7971 3
7972 1
7973 1
7974 2
7975 2
7976 2
7977 2
7978 2
7979 1
7980 1
7981 3
7982 2
7983 3
7984 2
7985 7
7986 1
7987 3
7988 1
7989 1
7990 1
7991 1
7992 1
7993 1
7994 1
7995 1
7996 2
7997 4
7998 2
7999 1
8000 2
8001 1
8002 4
8003 4
8004 1
8005 2
8006 1
8007 1
8008 1
8009 4
8010 6
8011 2
8012 1
8013 1
8014 1
8015 1
8016 1
8017 3
8018 4
8019 1
8020 1
8021 1
8022 3
8023 1
8024 1
8025 1
8026 1
8027 3
8028 1
8029 1
8030 2
8031 3
8032 1
8033 4
8034 1
8035 2
8036 1
8037 3
8038 3
8039 1
8040 1
8041 1
8042 4
8043 2
8044 1
8045 2
8046 4
8047 1
8048 2
8049 1
8050 1
8051 2
8052 2
8053 1
8054 1
8055 2
8056 1
8057 3
8058 1
8059 2
8060 4
8061 3
8062 1
8063 4
8064 2
8065 2
8066 4
8067 2
8068 1
8069 2
8070 1
8071 1
8072 4
8073 1
8074 1
8075 2
8076 1
8077 8
8078 2
8079 1
8080 1
8081 8
8082 1
8083 2
8084 3
8085 3
8086 3
8087 2
8088 1
8089 1
8090 1
8091 7
8092 1
8093 3
8094 1
8095 4
8096 1
8097 1
8098 2
8099 2
8100 3
8101 5
8102 5
8103 2
8104 1
8105 1
8106 1
8107 1
8108 1
8109 1
8110 2
8111 1
8112 1
8113 1
8114 1
8115 1
8116 1
8117 2
8118 6
8119 1
8120 2
8121 6
8122 1
8123 1
8124 1
8125 1
8126 1
8127 1
8128 2
8129 1
8130 1
8131 1
8132 1
8133 1
8134 1
8135 1
8136 2
8137 1
8138 4
8139 1
8140 3
8141 1
8142 2
8143 2
8144 10
8145 3
8146 3
8147 3
8148 1
8149 1
8150 2
8151 1
8152 1
8153 6
8154 2
8155 1
8156 1
8157 1
8158 1
8159 2
8160 6
8161 2
8162 1
8163 1
8164 1
8165 1
8166 3
8167 1
8168 3
8169 1
8170 4
8171 4
8172 2
8173 1
8174 5
8175 3
8176 1
8177 1
8178 1
8179 2
8180 4
8181 1
8182 3
8183 4
8184 3
8185 1
8186 7
8187 2
8188 1
8189 3
8190 1
8191 4
8192 1
8193 1
8194 1
8195 1
8196 8
8197 3
8198 5
8199 1
8200 1
8201 7
8202 1
8203 1
8204 1
8205 1
8206 1
8207 1
8208 1
8209 1
8210 4
8211 2
8212 1
8213 2
8214 4
8215 3
8216 1
8217 5
8218 3
8219 1
8220 1
8221 2
8222 5
8223 1
8224 1
8225 3
8226 1
8227 1
8228 1
8229 7
8230 2
8231 2
8232 1
8233 3
8234 1
8235 4
8236 3
8237 3
8238 6
8239 1
8240 1
8241 2
8242 1
8243 1
8244 2
8245 3
8246 3
8247 1
8248 1
8249 1
8250 1
8251 5
8252 2
8253 2
8254 1
8255 5
8256 1
8257 1
8258 2
8259 1
8260 2
8261 1
8262 2
8263 1
8264 1
8265 3
8266 2
8267 1
8268 1
8269 3
8270 2
8271 2
8272 2
8273 1
8274 2
8275 1
8276 1
8277 2
8278 3
8279 1
8280 1
8281 5
8282 1
8283 3
8284 1
8285 1
8286 2
8287 4
8288 5
8289 2
8290 5
8291 2
8292 3
8293 1
8294 2
8295 4
8296 2
8297 3
8298 1
8299 3
8300 1
8301 1
8302 8
8303 2
8304 1
8305 1
8306 3
8307 4
8308 3
8309 3
8310 1
8311 1
8312 1
8313 2
8314 5
8315 4
8316 2
8317 1
8318 1
8319 1
8320 1
8321 1
8322 2
8323 1
8324 3
8325 2
8326 1
8327 4
8328 1
8329 2
8330 1
8331 1
8332 1
8333 3
8334 3
8335 6
8336 3
8337 3
8338 1
8339 1
8340 1
8341 3
8342 2
8343 2
8344 2
8345 3
8346 3
8347 3
8348 3
8349 2
8350 1
8351 1
8352 1
8353 7
8354 6
8355 1
8356 1
8357 1
8358 4
8359 1
8360 1
8361 1
8362 1
8363 1
8364 3
8365 3
8366 2
8367 5
8368 1
8369 1
8370 1
8371 3
8372 1
8373 5
8374 1
8375 3
8376 1
8377 1
8378 1
8379 1
8380 1
8381 1
8382 2
8383 1
8384 1
8385 5
8386 2
8387 2
8388 1
8389 1
8390 1
8391 1
8392 3
8393 1
8394 4
8395 1
8396 1
8397 1
8398 1
8399 8
8400 1
8401 3
8402 1
8403 1
8404 1
8405 2
8406 5
8407 2
8408 5
8409 1
8410 1
8411 1
8412 1
8413 1
8414 1
8415 2
8416 1
8417 1
8418 5
8419 1
8420 1
8421 1
8422 1
8423 5
8424 1
8425 2
8426 1
8427 2
8428 6
8429 3
8430 2
8431 3
8432 1
8433 2
8434 2
8435 3
8436 2
8437 4
8438 3
8439 4
8440 2
8441 3
8442 1
8443 1
8444 3
8445 2
8446 1
8447 4
8448 1
8449 1
8450 2
8451 2
8452 1
8453 6
8454 1
8455 2
8456 1
8457 1
8458 3
8459 2
8460 3
8461 2
8462 5
8463 3
8464 1
8465 4
8466 1
8467 1
8468 2
8469 1
8470 1
8471 3
8472 2
8473 2
8474 1
8475 3
8476 8
8477 1
8478 1
8479 1
8480 1
8481 1
8482 1
8483 3
8484 2
8485 1
8486 1
8487 1
8488 2
8489 2
8490 2
8491 2
8492 2
8493 1
8494 1
8495 4
8496 7
8497 1
8498 1
8499 1
8500 1
8501 2
8502 1
8503 1
8504 2
8505 2
8506 1
8507 2
8508 1
8509 14
8510 3
8511 1
8512 1
8513 2
8514 3
8515 2
8516 1
8517 1
8518 1
8519 1
8520 1
8521 1
8522 1
8523 7
8524 7
8525 2
8526 4
8527 2
8528 1
8529 4
8530 1
8531 1
8532 1
8533 1
8534 3
8535 1
8536 1
8537 2
8538 1
8539 1
8540 2
8541 1
8542 1
8543 2
8544 1
8545 1
8546 2
8547 1
8548 1
8549 1
8550 1
8551 1
8552 1
8553 2
8554 1
8555 3
8556 2
8557 2
8558 1
8559 1
8560 1
8561 2
8562 1
8563 2
8564 2
8565 1
8566 3
8567 3
8568 1
8569 2
8570 1
8571 3
8572 1
8573 1
8574 1
8575 1
8576 1
8577 1
8578 1
8579 4
8580 2
8581 2
8582 3
8583 2
8584 1
8585 1
8586 3
8587 4
8588 1
8589 1
8590 1
8591 1
8592 2
8593 1
8594 2
8595 1
8596 2
8597 4
8598 3
8599 1
8600 3
8601 1
8602 4
8603 1
8604 1
8605 2
8606 1
8607 1
8608 5
8609 1
8610 1
8611 1
8612 5
8613 1
8614 2
8615 6
8616 3
8617 1
8618 1
8619 2
8620 5
8621 1
8622 6
8623 3
8624 5
8625 1
8626 1
8627 4
8628 1
8629 1
8630 1
8631 1
8632 5
8633 2
8634 1
8635 1
8636 2
8637 1
8638 1
8639 1
8640 3
8641 1
8642 1
8643 1
8644 8
8645 1
8646 1
8647 1
8648 1
8649 3
8650 6
8651 1
8652 4
8653 2
8654 3
8655 1
8656 1
8657 1
8658 1
8659 1
8660 1
8661 2
8662 2
8663 1
8664 6
8665 1
8666 1
8667 3
8668 1
8669 2
8670 1
8671 2
8672 4
8673 4
8674 1
8675 1
8676 3
8677 2
8678 3
8679 7
8680 1
8681 1
8682 3
8683 2
8684 1
8685 1
8686 1
8687 2
8688 3
8689 5
8690 1
8691 2
8692 2
8693 4
8694 1
8695 1
8696 2
8697 0
8698 3
8699 1
8700 0
8701 3
8702 2
8703 1
8704 1
8705 10
8706 2
8707 1
8708 3
8709 1
8710 1
8711 2
8712 3
8713 3
8714 1
8715 1
8716 2
8717 3
8718 1
8719 1
8720 2
8721 2
8722 1
8723 1
8724 1
8725 5
8726 1
8727 1
8728 1
8729 1
8730 1
8731 1
8732 2
8733 3
8734 2
8735 4
8736 2
8737 2
8738 1
8739 3
8740 1
8741 1
8742 1
8743 3
8744 3
8745 2
8746 1
8747 3
8748 2
8749 1
8750 1
8751 3
8752 1
8753 1
8754 3
8755 2
8756 2
8757 1
8758 1
8759 1
8760 1
8761 1
8762 3
8763 1
8764 1
8765 1
8766 2
8767 4
8768 2
8769 1
8770 2
8771 1
8772 1
8773 1
8774 1
8775 1
8776 1
8777 1
8778 3
8779 1
8780 1
8781 3
8782 1
8783 1
8784 1
8785 1
8786 3
8787 1
8788 1
8789 1
8790 1
8791 2
8792 3
8793 1
8794 1
8795 1
8796 2
8797 1
8798 2
8799 1
8800 1
8801 2
8802 1
8803 1
8804 1
8805 2
8806 1
8807 3
8808 5
8809 4
8810 5
8811 1
8812 4
8813 1
8814 1
8815 2
8816 3
8817 1
8818 1
8819 1
8820 4
8821 1
8822 1
8823 1
8824 2
8825 1
8826 1
8827 1
8828 1
8829 2
8830 1
8831 1
8832 2
8833 1
8834 1
8835 2
8836 2
8837 1
8838 1
8839 1
8840 3
8841 1
8842 2
8843 1
8844 1
8845 2
8846 1
8847 2
8848 3
8849 3
8850 3
8851 2
8852 3
8853 1
8854 1
8855 2
8856 3
8857 8
8858 2
8859 3
8860 1
8861 1
8862 2
8863 2
8864 1
8865 2
8866 1
8867 4
8868 2
8869 1
8870 3
8871 5
8872 1
8873 1
8874 2
8875 2
8876 2
8877 1
8878 2
8879 1
8880 3
8881 2
8882 4
8883 1
8884 2
8885 2
8886 2
8887 3
8888 3
8889 1
8890 2
8891 2
8892 1
8893 2
8894 1
8895 3
8896 5
8897 1
8898 1
8899 5
8900 3
8901 2
8902 1
8903 1
8904 3
8905 2
8906 1
8907 2
8908 4
8909 1
8910 1
8911 2
8912 1
8913 1
8914 3
8915 3
8916 6
8917 2
8918 3
8919 2
8920 1
8921 1
8922 1
8923 1
8924 4
8925 2
8926 1
8927 2
8928 1
8929 4
8930 2
8931 1
8932 1
8933 1
8934 1
8935 1
8936 1
8937 1
8938 2
8939 2
8940 1
8941 1
8942 3
8943 1
8944 1
8945 2
8946 1
8947 3
8948 8
8949 1
8950 1
8951 2
8952 2
8953 1
8954 2
8955 1
8956 1
8957 1
8958 2
8959 3
8960 3
8961 1
8962 1
8963 2
8964 1
8965 2
8966 2
8967 1
8968 2
8969 1
8970 1
8971 2
8972 1
8973 1
8974 2
8975 3
8976 2
8977 2
8978 1
8979 1
8980 1
8981 2
8982 1
8983 1
8984 1
8985 1
8986 1
8987 3
8988 2
8989 2
8990 1
8991 1
8992 1
8993 1
8994 3
8995 1
8996 1
8997 4
8998 2
8999 2
9000 1
9001 2
9002 2
9003 1
9004 1
9005 3
9006 1
9007 1
9008 1
9009 1
9010 2
9011 1
9012 3
9013 1
9014 1
9015 2
9016 1
9017 1
9018 2
9019 2
9020 1
9021 3
9022 1
9023 1
9024 4
9025 1
9026 2
9027 1
9028 1
9029 3
9030 3
9031 2
9032 2
9033 1
9034 1
9035 6
9036 2
9037 5
9038 1
9039 4
9040 1
9041 1
9042 1
9043 1
9044 1
9045 1
9046 3
9047 1
9048 2
9049 4
9050 2
9051 1
9052 2
9053 1
9054 3
9055 2
9056 1
9057 3
9058 1
9059 1
9060 1
9061 2
9062 2
9063 1
9064 4
9065 4
9066 2
9067 2
9068 2
9069 1
9070 4
9071 2
9072 1
9073 1
9074 1
9075 1
9076 1
9077 1
9078 1
9079 2
9080 3
9081 3
9082 2
9083 3
9084 1
9085 1
9086 2
9087 2
9088 2
9089 4
9090 1
9091 3
9092 2
9093 1
9094 1
9095 1
9096 1
9097 1
9098 8
9099 1
9100 4
9101 1
9102 1
9103 4
9104 1
9105 4
9106 1
9107 2
9108 4
9109 2
9110 5
9111 1
9112 2
9113 1
9114 1
9115 3
9116 4
9117 1
9118 2
9119 3
9120 1
9121 3
9122 1
9123 2
9124 2
9125 1
9126 1
9127 1
9128 1
9129 1
9130 1
9131 1
9132 1
9133 1
9134 1
9135 1
9136 4
9137 1
9138 1
9139 1
9140 2
9141 2
9142 1
9143 1
9144 1
9145 1
9146 1
9147 1
9148 1
9149 3
9150 1
9151 5
9152 1
9153 1
9154 1
9155 1
9156 1
9157 1
9158 1
9159 2
9160 1
9161 1
9162 3
9163 1
9164 2
9165 1
9166 3
9167 3
9168 1
9169 3
9170 1
9171 2
9172 5
9173 1
9174 1
9175 1
9176 2
9177 1
9178 1
9179 3
9180 2
9181 1
9182 1
9183 3
9184 6
9185 2
9186 2
9187 1
9188 1
9189 1
9190 7
9191 2
9192 1
9193 1
9194 1
9195 1
9196 1
9197 2
9198 1
9199 1
9200 1
9201 2
9202 1
9203 1
9204 1
9205 1
9206 1
9207 4
9208 1
9209 2
9210 1
9211 1
9212 2
9213 2
9214 1
9215 1
9216 1
9217 4
9218 2
9219 1
9220 1
9221 1
9222 2
9223 2
9224 4
9225 1
9226 6
9227 4
9228 3
9229 1
9230 1
9231 2
9232 1
9233 2
9234 1
9235 1
9236 1
9237 2
9238 1
9239 4
9240 4
9241 6
9242 1
9243 1
9244 1
9245 2
9246 4
9247 1
9248 1
9249 3
9250 2
9251 1
9252 1
9253 3
9254 3
9255 1
9256 1
9257 5
9258 1
9259 3
9260 1
9261 2
9262 1
9263 1
9264 1
9265 2
9266 1
9267 7
9268 2
9269 1
9270 1
9271 3
9272 2
9273 1
9274 1
9275 2
9276 2
9277 4
9278 1
9279 1
9280 4
9281 1
9282 1
9283 1
9284 1
9285 1
9286 2
9287 1
9288 2
9289 1
9290 3
9291 1
9292 1
9293 1
9294 1
9295 2
9296 1
9297 2
9298 1
9299 2
9300 3
9301 1
9302 1
9303 2
9304 2
9305 1
9306 1
9307 2
9308 1
9309 2
9310 1
9311 1
9312 4
9313 5
9314 2
9315 2
9316 3
9317 1
9318 1
9319 3
9320 3
9321 1
9322 1
9323 2
9324 1
9325 1
9326 1
9327 2
9328 1
9329 1
9330 1
9331 3
9332 2
9333 2
9334 1
9335 1
9336 1
9337 1
9338 3
9339 1
9340 1
9341 1
9342 1
9343 1
9344 1
9345 1
9346 1
9347 3
9348 2
9349 2
9350 3
9351 4
9352 7
9353 2
9354 1
9355 1
9356 1
9357 1
9358 1
9359 1
9360 1
9361 1
9362 4
9363 5
9364 6
9365 1
9366 2
9367 2
9368 2
9369 2
9370 1
9371 1
9372 2
9373 1
9374 1
9375 1
9376 2
9377 1
9378 1
9379 6
9380 1
9381 1
9382 1
9383 2
9384 2
9385 2
9386 2
9387 4
9388 1
9389 1
9390 1
9391 2
9392 2
9393 1
9394 2
9395 2
9396 2
9397 2
9398 2
9399 2
9400 1
9401 2
9402 2
9403 2
9404 1
9405 1
9406 2
9407 2
9408 1
9409 1
9410 2
9411 4
9412 1
9413 2
9414 1
9415 1
9416 1
9417 2
9418 1
9419 1
9420 1
9421 1
9422 2
9423 2
9424 2
9425 2
9426 7
9427 1
9428 1
9429 1
9430 1
9431 1
9432 4
9433 1
9434 1
9435 2
9436 1
9437 1
9438 1
9439 1
9440 1
9441 2
9442 5
9443 7
9444 1
9445 1
9446 3
9447 1
9448 1
9449 1
9450 2
9451 1
9452 3
9453 2
9454 3
9455 2
9456 1
9457 3
9458 2
9459 1
9460 1
9461 2
9462 1
9463 2
9464 1
9465 3
9466 1
9467 1
9468 1
9469 1
9470 1
9471 1
9472 1
9473 1
9474 5
9475 1
9476 1
9477 1
9478 3
9479 1
9480 1
9481 4
9482 1
9483 2
9484 2
9485 2
9486 1
9487 1
9488 1
9489 2
9490 5
9491 2
9492 1
9493 2
9494 1
9495 1
9496 2
9497 1
9498 1
9499 1
9500 1
9501 1
9502 1
9503 1
9504 2
9505 2
9506 2
9507 2
9508 2
9509 1
9510 2
9511 1
9512 3
9513 2
9514 1
9515 1
9516 1
9517 3
9518 3
9519 2
9520 3
9521 2
9522 2
9523 1
9524 3
9525 1
9526 1
9527 1
9528 2
9529 2
9530 1
9531 2
9532 1
9533 2
9534 5
9535 1
9536 3
9537 4
9538 2
9539 4
9540 1
9541 2
9542 1
9543 1
9544 2
9545 2
9546 1
9547 1
9548 2
9549 3
9550 1
9551 2
9552 1
9553 1
9554 2
9555 1
9556 1
9557 1
9558 5
9559 1
9560 1
9561 1
9562 1
9563 4
9564 1
9565 3
9566 1
9567 1
9568 3
9569 1
9570 2
9571 2
9572 1
9573 1
9574 2
9575 1
9576 1
9577 2
9578 1
9579 4
9580 3
9581 1
9582 1
9583 0
9584 5
9585 2
9586 1
9587 1
9588 4
9589 1
9590 2
9591 1
9592 2
9593 2
9594 2
9595 4
9596 2
9597 1
9598 2
9599 2
9600 1
9601 2
9602 1
9603 1
9604 1
9605 1
9606 1
9607 1
9608 2
9609 1
9610 1
9611 1
9612 1
9613 2
9614 2
9615 2
9616 1
9617 1
9618 1
9619 1
9620 1
9621 1
9622 1
9623 1
9624 1
9625 1
9626 1
9627 1
9628 2
9629 2
9630 1
9631 2
9632 1
9633 2
9634 1
9635 3
9636 1
9637 1
9638 3
9639 3
9640 2
9641 2
9642 1
9643 1
9644 1
9645 2
9646 3
9647 1
9648 1
9649 1
9650 2
9651 2
9652 1
9653 3
9654 2
9655 1
9656 1
9657 2
9658 1
9659 1
9660 1
9661 1
9662 1
9663 1
9664 1
9665 3
9666 2
9667 1
9668 1
9669 3
9670 1
9671 3
9672 3
9673 1
9674 1
9675 3
9676 3
9677 1
9678 1
9679 2
9680 2
9681 2
9682 1
9683 3
9684 1
9685 2
9686 1
9687 2
9688 1
9689 2
9690 1
9691 1
9692 1
9693 1
9694 1
9695 2
9696 1
9697 2
9698 2
9699 1
9700 1
9701 1
9702 2
9703 1
9704 1
9705 1
9706 1
9707 1
9708 1
9709 2
9710 1
9711 2
9712 2
9713 1
9714 1
9715 2
9716 3
9717 1
9718 2
9719 1
9720 1
9721 1
9722 1
9723 1
9724 1
9725 2
9726 1
9727 1
9728 1
9729 1
9730 1
9731 1
9732 1
9733 2
9734 1
9735 1
9736 1
9737 1
9738 1
9739 3
9740 1
9741 1
9742 1
9743 2
9744 2
9745 2
9746 1
9747 1
9748 1
9749 3
9750 1
9751 1
9752 1
9753 1
9754 2
9755 2
9756 2
9757 2
9758 1
9759 2
9760 1
9761 1
9762 1
9763 1
9764 1
9765 1
9766 1
9767 1
9768 1
9769 1
9770 5
9771 2
9772 1
9773 2
9774 0
9775 1
9776 1
9777 4
9778 2
9779 1
9780 1
9781 1
9782 1
9783 1
9784 1
9785 1
9786 1
9787 1
9788 1
9789 1
9790 1
9791 1
9792 1
9793 3
9794 2
9795 3
9796 1
9797 2
9798 3
9799 4
9800 1
9801 2
9802 3
9803 1
9804 1
9805 1
9806 1
9807 1
9808 1
9809 1
9810 2
9811 1
9812 1
9813 2
9814 1
9815 1
9816 1
9817 1
9818 1
9819 1
9820 1
9821 1
9822 1
9823 1
9824 1
9825 1
9826 4
9827 2
9828 2
9829 2
9830 4
9831 1
9832 1
9833 1
9834 2
9835 1
9836 1
9837 1
9838 1
9839 1
9840 1
9841 3
9842 0
9843 2
9844 0
9845 1
9846 2
9847 1
9848 1
9849 1
9850 0
9851 2
9852 1
9853 1
9854 2
9855 1
9856 1
9857 0
9858 2
9859 1
9860 1
9861 2
9862 1
9863 1
9864 1
9865 2
9866 1
9867 3
9868 3
9869 1
9870 5
9871 1
9872 1
9873 4
9874 2
9875 2
9876 3
9877 1
9878 2
9879 4
9880 1
9881 4
9882 1
9883 1
9884 4
9885 2
9886 2
9887 2
9888 1
9889 1
9890 1
9891 1
9892 1
9893 2
9894 2
9895 3
9896 1
9897 1
9898 1
9899 2
9900 3
9901 1
9902 1
9903 1
9904 1
9905 1
9906 4
9907 1
9908 1
9909 1
9910 2
9911 3
9912 2
9913 1
9914 2
9915 3
9916 1
9917 2
9918 2
9919 1
9920 3
9921 2
9922 3
9923 1
9924 1
9925 1
9926 1
9927 1
9928 1
9929 2
9930 0
9931 2
9932 1
9933 1
9934 1
9935 5
9936 4
9937 1
9938 3
9939 1
9940 1
9941 4
9942 2
9943 1
9944 1
9945 2
9946 3
9947 1
9948 1
9949 1
9950 2
9951 2
9952 2
9953 1
9954 1
9955 1
9956 1
9957 2
9958 1
9959 2
9960 1
9961 2
9962 1
9963 1
9964 1
9965 1
9966 1
9967 2
9968 1
9969 3
9970 2
9971 1
9972 1
9973 1
9974 1
9975 1
9976 2
9977 1
9978 1
9979 1
9980 1
9981 1
9982 1
9983 2
9984 1
9985 2
9986 1
9987 1
9988 2
9989 1
9990 2
9991 2
9992 1
9993 1
9994 2
9995 3
9996 1
9997 2
9998 2
9999 2
10000 1
10001 2
10002 2
10003 1
10004 2
10005 3
10006 1
10007 2
10008 1
10009 1
10010 7
10011 1
10012 1
10013 3
10014 1
10015 2
10016 1
10017 1
10018 1
10019 4
10020 1
10021 1
10022 1
10023 1
10024 1
10025 2
10026 1
10027 1
10028 1
10029 2
10030 3
10031 3
10032 1
10033 1
10034 2
10035 1
10036 1
10037 1
10038 1
10039 4
10040 1
10041 1
10042 1
10043 1
10044 1
10045 1
10046 4
10047 1
10048 2
10049 1
10050 1
10051 1
10052 1
10053 1
10054 1
10055 1
10056 1
10057 2
10058 1
10059 1
10060 1
10061 2
10062 1
10063 2
10064 1
10065 1
10066 1
10067 1
10068 1
10069 2
10070 1
10071 2
10072 1
10073 1
10074 1
10075 2
10076 2
10077 1
10078 2
10079 1
10080 3
10081 1
10082 2
10083 2
10084 1
10085 4
10086 1
10087 1
10088 1
10089 2
10090 3
10091 1
10092 2
10093 2
10094 1
10095 4
10096 2
10097 1
10098 1
10099 1
10100 2
10101 1
10102 1
10103 1
10104 2
10105 1
10106 2
10107 2
10108 1
10109 1
10110 2
10111 1
10112 1
10113 1
10114 3
10115 1
10116 1
10117 2
10118 1
10119 1
10120 1
10121 1
10122 1
10123 2
10124 1
10125 1
10126 1
10127 2
10128 1
10129 2
10130 2
10131 1
10132 1
10133 1
10134 1
10135 2
10136 1
10137 1
10138 0
10139 1
10140 1
10141 1
10142 1
10143 1
10144 2
10145 0
10146 0
10147 2
10148 1
10149 1
10150 1
10151 1
10152 1
10153 1
10154 3
10155 1
10156 2
10157 1
10158 1
10159 1
10160 2
10161 1
10162 1
10163 1
10164 1
10165 1
10166 2
10167 1
10168 1
10169 1
10170 1
10171 1
10172 2
10173 1
10174 1
10175 1
10176 0
10177 1
10178 2
10179 2
10180 2
10181 1
10182 1
10183 1
10184 1
10185 1
10186 2
10187 1
10188 2
10189 1
10190 3
10191 1
10192 3
10193 1
10194 1
10195 1
10196 1
10197 1
10198 4
10199 1
10200 1
10201 1
10202 1
10203 1
10204 1
10205 1
10206 1
10207 1
10208 1
10209 1
10210 1
10211 1
10212 1
10213 1
10214 1
10215 1
10216 1
10217 1
10218 1
10219 1
10220 1
10221 1
10222 2
10223 1
10224 2
10225 1
10226 2
10227 1
10228 3
10229 1
10230 1
10231 2
10232 2
10233 2
10234 2
10235 1
10236 1
10237 1
10238 1
10239 1
10240 2
10241 1
10242 1
10243 2
10244 1
10245 1
10246 4
10247 1
10248 1
10249 2
10250 3
10251 1
10252 1
10253 1
10254 1
10255 1
10256 0
10257 2
10258 0
10259 1
10260 1
10261 1
10262 1
10263 1
10264 1
10265 1
10266 1
10267 1
10268 5
10269 2
10270 1
10271 1
10272 1
10273 2
10274 1
10275 1
10276 1
10277 1
10278 3
10279 1
10280 1
10281 1
10282 5
10283 1
10284 3
10285 1
10286 2
10287 2
10288 1
10289 1
10290 1
10291 3
10292 1
10293 2
10294 1
10295 2
10296 1
10297 1
10298 1
10299 2
10300 1
10301 1
10302 1
10303 1
10304 1
10305 1
10306 1
10307 1
10308 1
10309 1
10310 1
10311 1
10312 1
10313 1
10314 1
10315 1
10316 1
10317 1
10318 2
10319 1
10320 1
10321 2
10322 1
10323 1
10324 1
10325 1
10326 2
10327 2
10328 1
10329 2
10330 2
10331 1
10332 1
10333 1
10334 1
10335 1
10336 2
10337 1
10338 1
10339 1
10340 3
10341 2
10342 2
10343 1
10344 1
10345 1
10346 1
10347 2
10348 3
10349 1
10350 1
10351 1
10352 1
10353 3
10354 2
10355 1
10356 1
10357 1
10358 1
10359 1
10360 3
10361 1
10362 1
10363 1
10364 1
10365 1
10366 2
10367 1
10368 1
10369 2
10370 2
10371 1
10372 2
10373 1
10374 2
10375 1
10376 1
10377 1
10378 1
10379 2
10380 2
10381 1
10382 1
10383 1
10384 2
10385 2
10386 1
10387 1
10388 2
10389 1
10390 1
10391 1
10392 1
10393 1
10394 3
10395 1
10396 1
10397 1
10398 1
10399 1
10400 1
10401 1
10402 1
10403 1
10404 1
10405 1
10406 1
10407 2
10408 2
10409 1
10410 1
10411 1
10412 1
10413 1
10414 1
10415 1
10416 1
10417 1
10418 1
10419 2
10420 1
10421 2
10422 1
10423 2
10424 1
10425 1
10426 1
10427 1
10428 2
10429 1
10430 2
10431 1
10432 1
10433 1
10434 1
10435 1
10436 1
10437 1
10438 3
10439 1
10440 2
10441 1
10442 2
10443 1
10444 1
10445 2
10446 1
10447 1
10448 1
10449 1
10450 1
10451 1
10452 1
10453 1
10454 1
10455 1
10456 3
10457 1
10458 1
10459 1
10460 1
10461 2
10462 1
10463 1
10464 1
10465 1
10466 3
10467 1
10468 2
10469 1
10470 2
10471 1
10472 2
10473 1
10474 1
10475 1
10476 2
10477 1
10478 1
10479 1
10480 1
10481 6
10482 2
10483 1
10484 1
10485 1
10486 1
10487 2
10488 1
10489 1
10490 1
10491 1
10492 1
10493 1
10494 1
10495 1
10496 1
10497 1
10498 1
10499 1
10500 1
10501 1
10502 3
10503 2
10504 2
10505 1
10506 1
10507 1
10508 1
10509 1
10510 1
10511 1
10512 1
10513 1
10514 1
10515 1
10516 2
10517 1
10518 1
10519 1
10520 1
10521 1
10522 1
10523 1
10524 2
10525 1
10526 1
10527 1
10528 1
10529 1
10530 1
10531 1
10532 1
10533 1
10534 2
10535 1
10536 1
10537 4
10538 1
10539 1
10540 2
10541 1
10542 1
10543 1
10544 1
10545 2
10546 2
10547 2
10548 2
10549 1
10550 0
10551 1
10552 1
10553 1
10554 1
10555 1
10556 1
10557 2
10558 0
10559 1
10560 1
10561 1
10562 1
10563 2
10564 1
10565 1
10566 1
10567 2
10568 1
10569 1
10570 1
10571 1
10572 1
10573 1
10574 1
10575 1
10576 1
10577 1
10578 1
10579 1
10580 2
10581 1
10582 1
10583 1
10584 1
10585 1
10586 1
10587 1
10588 1
10589 2
10590 1
10591 1
10592 1
10593 2
10594 1
10595 2
10596 1
10597 1
10598 1
10599 1
10600 1
10601 1
10602 1
10603 1
10604 1
10605 1
10606 1
10607 2
10608 1
10609 1
10610 1
10611 1
10612 2
10613 1
10614 1
10615 1
10616 2
10617 1
10618 2
10619 1
10620 2
10621 1
10622 1
10623 1
10624 1
10625 1
10626 1
10627 1
10628 3
10629 1
10630 1
10631 1
10632 1
10633 1
10634 1
10635 2
10636 1
10637 1
10638 1
10639 2
10640 1
10641 1
10642 1
10643 1
10644 1
10645 1
10646 2
10647 1
10648 1
10649 1
10650 2
10651 1
10652 1
10653 1
10654 1
10655 1
10656 1
10657 2
10658 1
10659 1
10660 2
10661 1
10662 2
10663 2
10664 1
10665 1
10666 1
10667 2
10668 2
10669 1
10670 1
10671 1
10672 0
10673 1
10674 1
10675 1
10676 1
10677 1
10678 2
10679 2
10680 1
10681 1
10682 2
10683 3
10684 1
10685 1
10686 1
10687 1
10688 1
10689 2
10690 1
10691 1
10692 1
10693 1
10694 1
10695 1
10696 1
10697 1
10698 1
10699 1
10700 1
10701 1
10702 1
10703 1
10704 1
10705 1
10706 1
10707 1
10708 1
10709 1
10710 2
10711 1
10712 1
10713 1
10714 1
10715 1
10716 1
10717 1
10718 1
10719 1
10720 1
10721 1
10722 1
10723 1
10724 3
10725 1
10726 1
10727 1
10728 2
10729 1
10730 1
10731 1
10732 1
10733 2
10734 1
10735 1
10736 1
10737 2
10738 1
10739 1
10740 1
10741 1
10742 2
10743 1
10744 1
10745 1
10746 1
10747 1
10748 1
10749 1
10750 1
10751 1
10752 1
10753 1
10754 1
10755 1
10756 1
10757 1
10758 1
10759 1
10760 1
10761 2
10762 1
10763 1
10764 1
10765 1
10766 1
10767 1
10768 1
10769 1
10770 1
10771 1
10772 1
10773 1
10774 1
10775 1
10776 1
10777 1
10778 1
10779 2
10780 1
10781 1
10782 1
10783 1
10784 1
10785 2
10786 1
10787 1
10788 1
10789 1
10790 1
10791 1
10792 1
10793 1
10794 2
10795 1
10796 1
10797 1
10798 1
10799 1
10800 1
10801 1
10802 1
10803 1
10804 1
10805 1
10806 2
10807 1
10808 1
10809 2
10810 1
10811 1
10812 1
10813 1
10814 1
10815 1
10816 1
10817 1
10818 1
10819 1
10820 1
10821 1
10822 1
10823 1
10824 1
10825 1
10826 1
10827 1
10828 1
10829 1
10830 1
10831 1
10832 1
10833 1
10834 1
10835 1
10836 1
10837 1
10838 1
10839 1
10840 1
10841 1
10842 1
10843 1
10844 1
10845 1
10846 1
10847 1
10848 1
10849 1
10850 1
10851 1
10852 1
10853 1
10854 1
10855 1
10856 1
10857 1
10858 1
10859 1
10860 1
10861 1
10862 1
10863 1
10864 1
10865 1
10866 1
10867 1
10868 1
10869 1
10870 1
10871 1
10872 1
10873 0
10874 1
10875 1
