188
199
231
270
281
313
322
432
520
620
754
756
761
766
772
789
825
827
829
863
904
995
1026
1031
1033
1150
1153
1155
1158
1199
1388
1452
1469
1529
1622
1686
1808
1815
1816
1819
1823
1825
1846
1975
2149
2153
2157
2158
2198
2199
2201
2202
2204
2205
2256
2271
2320
2331
2423
2544
2545
2694
2695
2770
2819
2830
2832
2833
2834
2835
2946
3107
3114
3174
3308
3346
3347
3409
3417
3557
3578
3604
3605
3606
3607
3656
3672
3751
3768
3797
3872
4051
4053
4084
4130
4231
4381
4472
4556
4579
4586
4587
4588
4607
4636
4648
4700
4722
4897
4914
4975
4994
4996
5051
5107
5108
5111
5112
5114
5115
5185
5269
5292
5293
5298
5308
5359
5360
5361
5362
5435
5526
5530
5646
5682
5683
5690
5691
5704
5905
6024
6025
6032
6130
6155
6216
6355
6359
6364
6380
6444
6629
6631
6655
6656
6778
6810
6825
6845
6846
6847
6860
7074
7080
7082
7084
7085
7086
7198
7199
7240
7271
7288
7444
7445
7466
7494
7497
7498
7529
7595
7634
7761
7773
7794
7863
7892
7904
7905
7918
7919
7930
7943
7944
7945
7947
8026
8102
8126
8207
8209
8242
8248
8335
8396
8399
8419
8421
8422
8484
8511
8513
8553
8554
8555
8556
8606
8607
8611
8638
8639
8712
8713
8714
8715
8737
8738
8787
8788
8789
8996
9278
9279
9392
9403
9511
9519
9545
9570
9572
9573
9709
9712
9745
9778
9779
9810
9899
9964
9986
9995
9998
10045
10052
10053
10110
10168
10203
10213
10224
10276
10292
10378
10397
10450
10451
10557
10580
10581
10640
10675
10677
10678
10679
10697
10710
10712
10713
10717
10727
10754
