0 29 0.0238095238095
8 17 0.015873015873
7 1 0.0769230769231
5 24 0.0102040816327
3 19 0.027027027027
9 4 0.016393442623
23 7 0.0142857142857
18 7 0.0142857142857
24 14 0.010989010989
21 27 0.0175438596491
7 24 0.0102040816327
11 20 0.0105263157895
0 21 0.0434782608696
29 7 0.0142857142857
14 18 0.0555555555556
5 0 0.0102040816327
0 25 0.0434782608696
2 29 0.0238095238095
0 14 0.010989010989
20 10 0.010989010989
15 10 0.010989010989
9 27 0.0175438596491
17 8 0.0135135135135
0 6 0.0555555555556
7 23 0.0113636363636
14 3 0.0208333333333
7 8 0.0135135135135
9 3 0.0208333333333
23 14 0.010989010989
29 23 0.0113636363636
27 2 0.0222222222222
2 10 0.010989010989
8 9 0.0161290322581
24 7 0.0142857142857
17 0 0.0102040816327
29 14 0.010989010989
14 11 0.0114942528736
12 0 0.0102040816327
0 17 0.015873015873
7 0 0.0102040816327
9 11 0.0114942528736
0 15 0.0128205128205
20 3 0.0208333333333
24 15 0.0128205128205
7 27 0.0175438596491
19 17 0.015873015873
0 22 0.0285714285714
10 1 0.0769230769231
18 10 0.010989010989
14 24 0.0102040816327
27 18 0.0555555555556
20 11 0.0114942528736
24 23 0.0113636363636
7 19 0.027027027027
14 27 0.0175438596491
24 0 0.0102040816327
3 2 0.0222222222222
11 15 0.0128205128205
17 15 0.0128205128205
2 18 0.0555555555556
0 7 0.0142857142857
14 0 0.0102040816327
24 4 0.016393442623
9 2 0.0222222222222
23 9 0.0161290322581
20 4 0.016393442623
24 8 0.0135135135135
25 3 0.0208333333333
3 10 0.010989010989
29 13 0.0384615384615
10 9 0.0161290322581
0 10 0.010989010989
10 0 0.0102040816327
9 10 0.010989010989
4 14 0.010989010989
2 3 0.0208333333333
0 8 0.0135135135135
4 23 0.0113636363636
15 24 0.0102040816327
3 13 0.0384615384615
26 0 0.0102040816327
27 21 0.0434782608696
2 27 0.0175438596491
15 20 0.0105263157895
7 18 0.0555555555556
11 14 0.010989010989
19 0 0.0102040816327
13 18 0.0555555555556
19 3 0.0208333333333
0 24 0.0102040816327
7 10 0.010989010989
27 4 0.016393442623
4 7 0.0142857142857
8 11 0.0114942528736
7 29 0.0238095238095
19 11 0.0114942528736
0 16 0.030303030303
14 9 0.0161290322581
10 7 0.0142857142857
8 20 0.0105263157895
7 2 0.0222222222222
3 20 0.0105263157895
23 0 0.0102040816327
28 0 0.0102040816327
2 0 0.0102040816327
0 9 0.0161290322581
18 2 0.0222222222222
13 2 0.0222222222222
0 1 0.0769230769231
10 20 0.0105263157895
16 15 0.0128205128205
22 0 0.0102040816327
25 27 0.0175438596491
0 2 0.0222222222222
4 20 0.0105263157895
9 0 0.0102040816327
8 1 0.0769230769231
27 7 0.0142857142857
25 2 0.0222222222222
4 0 0.0102040816327
2 9 0.0161290322581
3 12 0.0833333333333
16 0 0.0102040816327
11 16 0.030303030303
18 13 0.0384615384615
12 3 0.0208333333333
9 8 0.0135135135135
4 8 0.0135135135135
11 8 0.0135135135135
9 23 0.0113636363636
11 9 0.0161290322581
5 12 0.0833333333333
1 10 0.010989010989
21 14 0.010989010989
17 20 0.0105263157895
2 25 0.0434782608696
11 0 0.0102040816327
29 27 0.0175438596491
27 14 0.010989010989
6 0 0.0102040816327
2 14 0.010989010989
22 2 0.0222222222222
9 16 0.030303030303
3 7 0.0142857142857
0 26 0.047619047619
14 7 0.0142857142857
13 29 0.0238095238095
7 3 0.0208333333333
20 7 0.0142857142857
15 0 0.0102040816327
11 19 0.027027027027
0 18 0.0555555555556
10 5 0.0238095238095
11 4 0.016393442623
23 24 0.0102040816327
23 2 0.0222222222222
4 9 0.0161290322581
17 19 0.027027027027
0 11 0.0114942528736
20 15 0.0128205128205
10 15 0.0128205128205
18 0 0.0102040816327
16 9 0.0161290322581
13 0 0.0102040816327
27 29 0.0238095238095
29 2 0.0222222222222
14 23 0.0113636363636
27 9 0.0161290322581
0 19 0.027027027027
5 11 0.0114942528736
2 22 0.0285714285714
0 3 0.0208333333333
10 18 0.0555555555556
10 11 0.0114942528736
15 17 0.015873015873
8 0 0.0102040816327
19 4 0.016393442623
17 3 0.0208333333333
0 27 0.0175438596491
14 4 0.016393442623
12 5 0.0238095238095
7 4 0.016393442623
3 17 0.015873015873
3 0 0.0102040816327
27 25 0.0434782608696
25 0 0.0102040816327
2 7 0.0142857142857
3 25 0.0434782608696
20 0 0.0102040816327
3 14 0.010989010989
13 3 0.0208333333333
10 2 0.0222222222222
7 20 0.0105263157895
9 14 0.010989010989
23 29 0.0238095238095
0 23 0.0113636363636
0 12 0.0833333333333
16 10 0.010989010989
11 10 0.010989010989
4 24 0.0102040816327
4 19 0.027027027027
5 10 0.010989010989
1 8 0.0135135135135
8 4 0.016393442623
20 8 0.0135135135135
2 23 0.0113636363636
0 4 0.016393442623
24 5 0.0238095238095
15 16 0.030303030303
16 3 0.0208333333333
7 14 0.010989010989
27 0 0.0102040816327
18 27 0.0175438596491
4 27 0.0175438596491
8 7 0.0142857142857
18 14 0.010989010989
3 9 0.0161290322581
1 0 0.0102040816327
13 14 0.010989010989
19 7 0.0142857142857
0 28 0.333333333333
11 5 0.0238095238095
3 16 0.030303030303
23 4 0.016393442623
4 3 0.0208333333333
21 0 0.0102040816327
19 15 0.0128205128205
0 20 0.0105263157895
14 13 0.0384615384615
10 3 0.0208333333333
3 4 0.016393442623
8 24 0.0102040816327
4 11 0.0114942528736
0 13 0.0384615384615
16 11 0.0114942528736
15 11 0.0114942528736
29 0 0.0102040816327
14 21 0.0434782608696
0 5 0.0238095238095
14 2 0.0222222222222
20 17 0.015873015873
10 16 0.030303030303
15 19 0.027027027027
14 29 0.0238095238095
2 13 0.0384615384615
1 7 0.0142857142857
