0 1
1 0
0 2
2 0
0 3
3 0
0 4
4 0
0 5
5 0
0 6
6 0
0 7
7 0
0 8
8 0
0 9
9 0
0 10
10 0
0 11
11 0
0 12
12 0
0 13
13 0
0 14
14 0
0 15
15 0
0 16
16 0
0 17
17 0
0 18
18 0
0 19
19 0
0 20
20 0
0 21
21 0
0 22
22 0
0 23
23 0
0 24
24 0
0 25
25 0
0 26
26 0
0 27
27 0
0 28
28 0
0 29
29 0
1 0
0 1
1 7
7 1
1 8
8 1
1 10
10 1
2 0
0 2
2 3
3 2
2 7
7 2
2 9
9 2
2 10
10 2
2 13
13 2
2 14
14 2
2 18
18 2
2 22
22 2
2 23
23 2
2 25
25 2
2 27
27 2
2 29
29 2
3 2
2 3
3 4
4 3
3 7
7 3
3 9
9 3
3 10
10 3
3 12
12 3
3 13
13 3
3 14
14 3
3 16
16 3
3 17
17 3
3 19
19 3
3 20
20 3
3 25
25 3
4 0
0 4
4 3
3 4
4 7
7 4
4 8
8 4
4 9
9 4
4 11
11 4
4 14
14 4
4 19
19 4
4 20
20 4
4 23
23 4
4 24
24 4
4 27
27 4
5 0
0 5
5 10
10 5
5 11
11 5
5 12
12 5
5 24
24 5
6 0
0 6
7 1
1 7
7 2
2 7
7 3
3 7
7 4
4 7
7 8
8 7
7 10
10 7
7 14
14 7
7 18
18 7
7 19
19 7
7 20
20 7
7 23
23 7
7 24
24 7
7 27
27 7
7 29
29 7
8 4
4 8
8 9
9 8
8 11
11 8
8 17
17 8
8 20
20 8
8 24
24 8
9 0
0 9
9 2
2 9
9 3
3 9
9 4
4 9
9 8
8 9
9 10
10 9
9 11
11 9
9 14
14 9
9 16
16 9
9 23
23 9
9 27
27 9
10 1
1 10
10 3
3 10
10 5
5 10
10 7
7 10
10 9
9 10
10 11
11 10
10 15
15 10
10 16
16 10
10 18
18 10
10 20
20 10
11 4
4 11
11 5
5 11
11 8
8 11
11 9
9 11
11 10
10 11
11 14
14 11
11 15
15 11
11 16
16 11
11 19
19 11
11 20
20 11
12 0
0 12
12 3
3 12
13 0
0 13
13 2
2 13
13 3
3 13
13 14
14 13
13 18
18 13
13 29
29 13
14 2
2 14
14 3
3 14
14 4
4 14
14 7
7 14
14 9
9 14
14 11
11 14
14 13
13 14
14 18
18 14
14 21
21 14
14 23
23 14
14 24
24 14
14 27
27 14
14 29
29 14
15 0
0 15
15 10
10 15
15 11
11 15
15 16
16 15
15 17
17 15
15 19
19 15
15 20
20 15
15 24
24 15
16 0
0 16
16 3
3 16
16 9
9 16
16 10
10 16
16 11
11 16
16 15
15 16
17 0
0 17
17 3
3 17
17 8
8 17
17 15
15 17
17 19
19 17
17 20
20 17
18 0
0 18
18 2
2 18
18 7
7 18
18 10
10 18
18 13
13 18
18 14
14 18
18 27
27 18
19 0
0 19
19 3
3 19
19 4
4 19
19 7
7 19
19 11
11 19
19 15
15 19
19 17
17 19
20 0
0 20
20 3
3 20
20 4
4 20
20 7
7 20
20 8
8 20
20 10
10 20
20 11
11 20
20 15
15 20
20 17
17 20
21 0
0 21
21 14
14 21
21 27
27 21
22 0
0 22
22 2
2 22
23 0
0 23
23 2
2 23
23 4
4 23
23 7
7 23
23 9
9 23
23 14
14 23
23 24
24 23
23 29
29 23
24 0
0 24
24 4
4 24
24 5
5 24
24 7
7 24
24 8
8 24
24 14
14 24
24 15
15 24
24 23
23 24
25 0
0 25
25 2
2 25
25 3
3 25
25 27
27 25
26 0
0 26
27 0
0 27
27 2
2 27
27 4
4 27
27 7
7 27
27 9
9 27
27 14
14 27
27 18
18 27
27 21
21 27
27 25
25 27
27 29
29 27
28 0
0 28
29 0
0 29
29 2
2 29
29 7
7 29
29 13
13 29
29 14
14 29
29 23
23 29
29 27
27 29
