0 0
1 12
2 7
3 3
4 22
5 0
6 8
7 15
8 191
9 0
10 7
11 19
12 2
13 142
14 29
15 10
16 0
17 19
18 15
19 2
20 23
21 7
22 6
23 3
24 25
25 7
26 2
27 18
28 0
29 121
30 9
31 3
32 6
33 73
34 116
35 1
36 9
37 30
38 0
39 20
40 40
41 13
42 19
43 33
44 9
45 116
46 6
47 5
48 9
49 25
50 0
51 7
52 4
53 6
54 5
55 4
56 4
57 3
58 7
59 27
60 4
61 21
62 6
63 20
64 13
65 4
66 6
67 31
68 5
69 25
70 1
71 8
72 5
73 14
74 42
75 3
76 2
77 121
78 25
79 22
80 8
81 23
82 0
83 0
84 6
85 59
86 28
87 0
88 2
89 0
90 0
91 11
92 25
93 33
94 68
95 3
96 22
97 20
98 1
99 13
100 25
101 36
102 2
103 94
104 14
105 14
106 15
107 21
108 67
109 1
110 173
111 9
112 1
113 1
114 4
115 4
116 33
117 8
118 147
119 15
120 79
121 17
122 25
123 20
124 7
125 0
126 4
127 1
128 5
129 0
130 0
131 6
132 82
133 22
134 15
135 31
136 2
137 2
138 102
139 48
140 26
141 7
142 12
143 8
144 3
145 4
146 7
147 5
148 4
149 12
150 13
151 151
152 33
153 30
154 15
155 8
156 13
157 4
158 2
159 110
160 0
161 2
162 145
163 2
164 194
165 43
166 62
167 10
168 7
169 429
170 3
171 4
172 12
173 6
174 91
175 10
176 5
177 14
178 17
179 17
180 52
181 20
182 30
183 8
184 17
185 4
186 12
187 10
188 142
189 118
190 62
191 6
192 5
193 66
194 19
195 33
196 55
197 106
198 7
199 101
200 11
201 1
202 0
203 3
204 1
205 18
206 62
207 0
208 156
209 10
210 238
211 169
212 11
213 2
214 13
215 46
216 0
217 14
218 7
219 29
220 1
221 10
222 22
223 3
224 8
225 12
226 34
227 188
228 0
229 3
230 2
231 26
232 19
233 648
234 18
235 18
236 2
237 28
238 6
239 3
240 24
241 95
242 38
243 6
244 212
245 33
246 60
247 35
248 5
249 5
250 0
251 0
252 0
253 0
254 30
255 11
256 0
257 1
258 41
259 237
260 3
261 72
262 33
263 1
264 40
265 117
266 13
267 15
268 59
269 13
270 42
271 11
272 2
273 33
274 23
275 0
276 168
277 32
278 3
279 4
280 42
281 4
282 16
283 5
284 30
285 132
286 4
287 16
288 5
289 95
290 9
291 25
292 9
293 367
294 14
295 60
296 4
297 16
298 29
299 18
300 7
301 25
302 0
303 11
304 0
305 7
306 2
307 2
308 1
309 10
310 27
311 11
312 223
313 12
314 15
315 13
316 41
317 11
318 118
319 77
320 16
321 20
322 10
323 2
324 34
325 3
326 1
327 4
328 44
329 2
330 12
331 21
332 18
333 0
334 5
335 21
336 22
337 2
338 0
339 14
340 23
341 11
342 8
343 5
344 3
345 104
346 16
347 13
348 24
349 21
350 107
351 59
352 63
353 1
354 15
355 21
356 15
357 19
358 12
359 185
360 0
361 1
362 3
363 1
364 0
365 165
366 52
367 0
368 23
369 27
370 54
371 21
372 79
373 4
374 8
375 90
376 35
377 20
378 13
379 13
380 42
381 20
382 98
383 8
384 64
385 41
386 13
387 0
388 11
389 8
390 16
391 17
392 144
393 23
394 178
395 172
396 14
397 60
398 13
399 87
400 8
401 69
402 44
403 53
404 0
405 7
406 137
407 22
408 307
409 7
410 30
411 5
412 33
413 48
414 56
415 8
416 3
417 99
418 31
419 28
420 38
421 9
422 14
423 105
424 13
425 159
426 0
427 15
428 130
429 4
430 12
431 6
432 7
433 11
434 115
435 10
436 40
437 1
438 13
439 48
440 1
441 7
442 19
443 29
444 40
445 5
446 1
447 10
448 29
449 3
450 24
451 5
452 86
453 9
454 6
455 70
456 4
457 21
458 35
459 85
460 3
461 74
462 9
463 8
464 0
465 54
466 2
467 109
468 41
469 391
470 0
471 4
472 4
473 12
474 2
475 3
476 6
477 5
478 19
479 128
480 1
481 0
482 16
483 4
484 1
485 198
486 31
487 69
488 3
489 1
490 3
491 4
492 19
493 28
494 13
495 129
496 74
497 26
498 22
499 111
500 1
501 0
502 86
503 1
504 3
505 64
506 19
507 15
508 37
509 7
510 1
511 187
512 3
513 151
514 18
515 9
516 36
517 8
518 39
519 4
520 22
521 2
522 50
523 13
524 6
525 3
526 177
527 7
528 32
529 2
530 9
531 29
532 1
533 10
534 75
535 7
536 14
537 18
538 23
539 4
540 4
541 5
542 2
543 101
544 56
545 4
546 15
547 68
548 23
549 23
550 119
551 227
552 4
553 47
554 3
555 22
556 5
557 11
558 1
559 7
560 46
561 12
562 194
563 7
564 5
565 8
566 22
567 11
568 20
569 6
570 47
571 64
572 15
573 69
574 12
575 36
576 5
577 10
578 8
579 0
580 3
581 11
582 21
583 3
584 4
585 3
586 19
587 4
588 9
589 95
590 4
591 10
592 156
593 137
594 6
595 13
596 2
597 28
598 10
599 116
600 46
601 1
602 46
603 16
604 35
605 0
606 18
607 7
608 8
609 5
610 21
611 10
612 71
613 115
614 16
615 6
616 5
617 3
618 7
619 125
620 3
621 23
622 33
623 8
624 48
625 3
626 129
627 2
628 348
629 1
630 113
631 30
632 13
633 11
634 17
635 5
636 19
637 154
638 8
639 21
640 18
641 1
642 22
643 86
644 2
645 41
646 5
647 160
648 31
649 1
650 2
651 4
652 0
653 19
654 72
655 15
656 76
657 51
658 0
659 18
660 12
661 4
662 39
663 82
664 11
665 12
666 43
667 4
668 8
669 26
670 55
671 4
672 12
673 26
674 7
675 23
676 96
677 34
678 121
679 2
680 7
681 7
682 3
683 5
684 68
685 2
686 6
687 0
688 1
689 4
690 95
691 5
692 128
693 20
694 14
695 40
696 8
697 10
698 214
699 152
700 46
701 54
702 136
703 12
704 6
705 65
706 41
707 0
708 7
709 3
710 41
711 77
712 15
713 92
714 0
715 27
716 0
717 91
718 13
719 12
720 6
721 132
722 16
723 8
724 3
725 4
726 195
727 91
728 170
729 172
730 22
731 65
732 14
733 0
734 9
735 36
736 173
737 5
738 8
739 22
740 35
741 88
742 38
743 0
744 0
745 2
746 0
747 11
748 17
749 0
750 1
751 0
752 18
753 1
754 22
755 5
756 14
757 4
758 18
759 4
760 14
761 15
762 23
763 4
764 32
765 59
766 35
767 3
768 124
769 6
770 90
771 74
772 9
773 101
774 1
775 49
776 28
777 4
778 38
779 0
780 5
781 1
782 15
783 17
784 2
785 11
786 13
787 1
788 13
789 98
790 22
791 23
792 29
793 172
794 33
795 9
796 54
797 73
798 14
799 27
800 7
801 10
802 83
803 55
804 41
805 26
806 20
807 6
808 37
809 1
810 3
811 31
812 187
813 13
814 22
815 3
816 89
817 8
818 1
819 19
820 6
821 177
822 66
823 0
824 72
825 9
826 57
827 27
828 50
829 2
830 44
831 34
832 4
833 57
834 36
835 1
836 23
837 4
838 3
839 12
840 0
841 4
842 48
843 224
844 3
845 39
846 5
847 17
848 3
849 19
850 14
851 2
852 156
853 141
854 157
855 7
856 30
857 3
858 2
859 25
860 6
861 12
862 83
863 118
864 1
865 8
866 21
867 8
868 27
869 5
870 4
871 0
872 11
873 59
874 91
875 44
876 5
877 353
878 64
879 23
880 92
881 126
882 127
883 0
884 11
885 66
886 1
887 4
888 38
889 92
890 16
891 43
892 10
893 80
894 49
895 24
896 12
897 3
898 6
899 4
900 1
901 10
902 117
903 71
904 8
905 4
906 3
907 32
908 23
909 30
910 8
911 10
912 0
913 4
914 19
915 4
916 1
917 8
918 41
919 4
920 70
921 3
922 4
923 427
924 10
925 9
926 30
927 5
928 69
929 0
930 14
931 5
932 44
933 41
934 3
935 15
936 4
937 42
938 15
939 241
940 85
941 35
942 56
943 9
944 114
945 8
946 2
947 11
948 27
949 15
950 2
951 20
952 53
953 6
954 37
955 22
956 6
957 4
958 155
959 78
960 9
961 27
962 28
963 32
964 4
965 5
966 19
967 13
968 0
969 90
970 0
971 1
972 81
973 4
974 74
975 64
976 93
977 4
978 14
979 2
980 2
981 24
982 13
983 28
984 55
985 1
986 0
987 29
988 2
989 2
990 9
991 10
992 6
993 9
994 84
995 59
996 41
997 3
998 9
999 2
1000 1
1001 5
1002 4
1003 29
1004 6
1005 2
1006 3
1007 12
1008 8
1009 5
1010 12
1011 85
1012 19
1013 31
1014 60
1015 1
1016 66
1017 10
1018 8
1019 31
1020 4
1021 16
1022 62
1023 11
1024 41
1025 4
1026 2
1027 2
1028 2
1029 7
1030 28
1031 79
1032 3
1033 7
1034 3
1035 11
1036 49
1037 117
1038 81
1039 16
1040 107
1041 34
1042 0
1043 23
1044 29
1045 2
1046 61
1047 4
1048 197
1049 0
1050 8
1051 21
1052 44
1053 230
1054 38
1055 7
1056 2
1057 8
1058 42
1059 7
1060 9
1061 71
1062 10
1063 71
1064 42
1065 2
1066 20
1067 3
1068 26
1069 71
1070 33
1071 9
1072 183
1073 5
1074 7
1075 34
1076 102
1077 9
1078 92
1079 7
1080 45
1081 36
1082 3
1083 20
1084 6
1085 1
1086 24
1087 23
1088 20
1089 34
1090 5
1091 50
1092 3
1093 34
1094 49
1095 21
1096 23
1097 8
1098 7
1099 1
1100 28
1101 36
1102 239
1103 297
1104 4
1105 4
1106 21
1107 7
1108 10
1109 37
1110 6
1111 5
1112 147
1113 0
1114 0
1115 44
1116 111
1117 5
1118 1
1119 29
1120 9
1121 7
1122 1
1123 10
1124 35
1125 26
1126 16
1127 91
1128 36
1129 0
1130 43
1131 2
1132 253
1133 144
1134 5
1135 106
1136 53
1137 8
1138 32
1139 2
1140 72
1141 43
1142 37
1143 87
1144 61
1145 33
1146 8
1147 53
1148 7
1149 4
1150 23
1151 2
1152 9
1153 3
1154 68
1155 11
1156 7
1157 22
1158 12
1159 8
1160 16
1161 171
1162 53
1163 10
1164 41
1165 223
1166 1
1167 49
1168 216
1169 37
1170 33
1171 6
1172 11
1173 8
1174 18
1175 12
1176 11
1177 416
1178 50
1179 19
1180 6
1181 15
1182 15
1183 67
1184 17
1185 4
1186 105
1187 5
1188 2
1189 0
1190 13
1191 2
1192 2
1193 0
1194 11
1195 10
1196 182
1197 2
1198 52
1199 14
1200 2
1201 4
1202 33
1203 171
1204 52
1205 5
1206 20
1207 8
1208 54
1209 25
1210 38
1211 20
1212 47
1213 0
1214 75
1215 10
1216 125
1217 4
1218 38
1219 80
1220 66
1221 66
1222 8
1223 57
1224 94
1225 13
1226 13
1227 16
1228 45
1229 22
1230 131
1231 17
1232 23
1233 1
1234 2
1235 272
1236 15
1237 7
1238 120
1239 24
1240 55
1241 26
1242 188
1243 74
1244 234
1245 30
1246 0
1247 24
1248 33
1249 4
1250 4
1251 21
1252 50
1253 1
1254 8
1255 0
1256 20
1257 12
1258 8
1259 14
1260 8
1261 17
1262 10
1263 5
1264 43
1265 8
1266 68
1267 19
1268 4
1269 4
1270 1
1271 9
1272 13
1273 9
1274 10
1275 14
1276 2
1277 22
1278 10
1279 19
1280 1
1281 6
1282 30
1283 384
1284 30
1285 39
1286 8
1287 0
1288 11
1289 17
1290 319
1291 1
1292 11
1293 192
1294 7
1295 8
1296 14
1297 41
1298 54
1299 3
1300 1
1301 15
1302 10
1303 3
1304 35
1305 2
1306 51
1307 151
1308 10
1309 1
1310 56
1311 7
1312 21
1313 9
1314 5
1315 25
1316 4
1317 5
1318 13
1319 2
1320 0
1321 69
1322 29
1323 6
1324 14
1325 249
1326 34
1327 19
1328 4
1329 34
1330 44
1331 76
1332 69
1333 6
1334 236
1335 83
1336 6
1337 38
1338 6
1339 28
1340 5
1341 61
1342 24
1343 10
1344 14
1345 13
1346 48
1347 3
1348 4
1349 4
1350 3
1351 69
1352 13
1353 1
1354 3
1355 216
1356 0
1357 344
1358 31
1359 57
1360 1
1361 7
1362 6
1363 22
1364 240
1365 5
1366 37
1367 24
1368 58
1369 386
1370 123
1371 19
1372 2
1373 21
1374 85
1375 44
1376 1
1377 33
1378 5
1379 127
1380 35
1381 372
1382 73
1383 4
1384 39
1385 25
1386 368
1387 9
1388 3
1389 1
1390 16
1391 19
1392 16
1393 49
1394 42
1395 72
1396 20
1397 215
1398 12
1399 4
1400 14
1401 3
1402 8
1403 13
1404 0
1405 73
1406 111
1407 16
1408 17
1409 108
1410 21
1411 5
1412 84
1413 2
1414 25
1415 45
1416 36
1417 6
1418 7
1419 4
1420 6
1421 46
1422 13
1423 1
1424 0
1425 32
1426 10
1427 21
1428 3
1429 21
1430 30
1431 4
1432 93
1433 8
1434 5
1435 1
1436 174
1437 211
1438 1
1439 62
1440 49
1441 30
1442 10
1443 30
1444 55
1445 8
1446 26
1447 5
1448 1
1449 40
1450 24
1451 39
1452 175
1453 11
1454 8
1455 4
1456 22
1457 354
1458 11
1459 4
1460 7
1461 3
1462 2
1463 5
1464 19
1465 3
1466 41
1467 37
1468 35
1469 33
1470 3
1471 5
1472 108
1473 66
1474 9
1475 151
1476 111
1477 83
1478 3
1479 31
1480 29
1481 150
1482 5
1483 4
1484 77
1485 9
1486 9
1487 48
1488 8
1489 8
1490 16
1491 95
1492 12
1493 8
1494 12
1495 18
1496 0
1497 13
1498 7
1499 50
1500 17
1501 44
1502 1
1503 10
1504 62
1505 3
1506 40
1507 6
1508 18
1509 24
1510 33
1511 30
1512 8
1513 3
1514 248
1515 10
1516 58
1517 74
1518 8
1519 38
1520 107
1521 187
1522 7
1523 20
1524 0
1525 33
1526 45
1527 31
1528 20
1529 11
1530 27
1531 0
1532 9
1533 7
1534 6
1535 8
1536 54
1537 17
1538 20
1539 3
1540 11
1541 4
1542 5
1543 3
1544 14
1545 86
1546 79
1547 37
1548 3
1549 66
1550 19
1551 3
1552 4
1553 127
1554 14
1555 2
1556 7
1557 5
1558 129
1559 16
1560 3
1561 1
1562 79
1563 37
1564 20
1565 4
1566 12
1567 182
1568 98
1569 18
1570 28
1571 13
1572 3
1573 5
1574 49
1575 9
1576 11
1577 8
1578 5
1579 7
1580 19
1581 4
1582 6
1583 14
1584 24
1585 35
1586 341
1587 3
1588 216
1589 64
1590 40
1591 1
1592 35
1593 1
1594 17
1595 4
1596 23
1597 54
1598 14
1599 19
1600 6
1601 38
1602 3
1603 70
1604 49
1605 7
1606 7
1607 10
1608 34
1609 16
1610 61
1611 178
1612 205
1613 3
1614 5
1615 4
1616 1
1617 3
1618 14
1619 3
1620 22
1621 26
1622 5
1623 156
1624 8
1625 135
1626 4
1627 56
1628 54
1629 5
1630 7
1631 8
1632 4
1633 6
1634 16
1635 67
1636 5
1637 9
1638 2
1639 8
1640 11
1641 93
1642 28
1643 17
1644 16
1645 193
1646 2
1647 15
1648 4
1649 10
1650 49
1651 0
1652 7
1653 40
1654 0
1655 2
1656 0
1657 8
1658 6
1659 2
1660 20
1661 6
1662 21
1663 17
1664 13
1665 3
1666 0
1667 144
1668 106
1669 3
1670 6
1671 13
1672 105
1673 135
1674 38
1675 2
1676 9
1677 152
1678 48
1679 17
1680 25
1681 9
1682 21
1683 8
1684 8
1685 0
1686 25
1687 281
1688 48
1689 3
1690 8
1691 2
1692 258
1693 6
1694 17
1695 99
1696 59
1697 93
1698 0
1699 48
1700 4
1701 35
1702 22
1703 0
1704 3
1705 48
1706 46
1707 45
1708 1
1709 15
1710 711
1711 12
1712 2
1713 5
1714 2
1715 19
1716 76
1717 5
1718 4
1719 14
1720 28
1721 76
1722 14
1723 19
1724 9
1725 6
1726 13
1727 41
1728 150
1729 15
1730 4
1731 7
1732 32
1733 50
1734 91
1735 1
1736 6
1737 9
1738 4
1739 50
1740 107
1741 11
1742 4
1743 15
1744 25
1745 3
1746 3
1747 63
1748 26
1749 127
1750 13
1751 19
1752 10
1753 26
1754 30
1755 17
1756 7
1757 1
1758 100
1759 5
1760 80
1761 43
1762 35
1763 35
1764 1
1765 1
1766 58
1767 52
1768 4
1769 27
1770 35
1771 292
1772 10
1773 9
1774 14
1775 3
1776 14
1777 7
1778 5
1779 8
1780 0
1781 13
1782 6
1783 23
1784 6
1785 5
1786 8
1787 43
1788 22
1789 29
1790 2
1791 10
1792 14
1793 87
1794 16
1795 29
1796 10
1797 11
1798 2
1799 34
1800 7
1801 15
1802 20
1803 228
1804 48
1805 0
1806 369
1807 16
1808 108
1809 19
1810 7
1811 6
1812 0
1813 241
1814 81
1815 10
1816 31
1817 61
1818 26
1819 49
1820 4
1821 33
1822 16
1823 162
1824 11
1825 3
1826 31
1827 129
1828 17
1829 9
1830 5
1831 218
1832 7
1833 35
1834 181
1835 11
1836 11
1837 5
1838 14
1839 11
1840 174
1841 9
1842 75
1843 16
1844 14
1845 60
1846 0
1847 2
1848 9
1849 31
1850 35
1851 2
1852 10
1853 6
1854 193
1855 25
1856 233
1857 130
1858 42
1859 4
1860 42
1861 6
1862 3
1863 77
1864 1
1865 6
1866 21
1867 167
1868 48
1869 12
1870 328
1871 5
1872 7
1873 12
1874 139
1875 16
1876 70
1877 9
1878 303
1879 12
1880 5
1881 17
1882 103
1883 21
1884 21
1885 185
1886 91
1887 15
1888 2
1889 40
1890 6
1891 16
1892 17
1893 58
1894 5
1895 129
1896 113
1897 2
1898 0
1899 20
1900 24
1901 15
1902 15
1903 17
1904 11
1905 20
1906 49
1907 29
1908 96
1909 14
1910 47
1911 2
1912 51
1913 23
1914 2
1915 3
1916 94
1917 27
1918 1
1919 108
1920 16
1921 16
1922 1
1923 5
1924 132
1925 36
1926 21
1927 6
1928 8
1929 3
1930 76
1931 12
1932 48
1933 140
1934 10
1935 15
1936 8
1937 50
1938 18
1939 35
1940 3
1941 36
1942 64
1943 3
1944 14
1945 1
1946 4
1947 4
1948 7
1949 6
1950 2
1951 2
1952 43
1953 3
1954 142
1955 3
1956 6
1957 3
1958 9
1959 6
1960 6
1961 20
1962 19
1963 5
1964 1
1965 16
1966 191
1967 33
1968 84
1969 80
1970 63
1971 1
1972 11
1973 9
1974 1
1975 5
1976 92
1977 45
1978 1
1979 190
1980 5
1981 113
1982 237
1983 1
1984 9
1985 23
1986 32
1987 9
1988 17
1989 29
1990 41
1991 12
1992 3
1993 6
1994 9
1995 104
1996 37
1997 3
1998 202
1999 2
2000 2
2001 103
2002 39
2003 12
2004 51
2005 2
2006 6
2007 12
2008 3
2009 139
2010 21
2011 5
2012 107
2013 50
2014 8
2015 0
2016 35
2017 14
2018 497
2019 7
2020 9
2021 5
2022 23
2023 36
2024 3
2025 99
2026 3
2027 2
2028 25
2029 72
2030 3
2031 193
2032 38
2033 1
2034 82
2035 2
2036 32
2037 25
2038 30
2039 18
2040 2
2041 18
2042 62
2043 132
2044 59
2045 57
2046 7
2047 10
2048 29
2049 15
2050 2
2051 38
2052 2
2053 3
2054 142
2055 13
2056 10
2057 2
2058 25
2059 2
2060 1
2061 33
2062 0
2063 19
2064 3
2065 49
2066 19
2067 0
2068 127
2069 180
2070 4
2071 11
2072 19
2073 77
2074 86
2075 2
2076 15
2077 121
2078 36
2079 2
2080 1
2081 37
2082 51
2083 8
2084 12
2085 2
2086 2
2087 7
2088 23
2089 2
2090 45
2091 11
2092 4
2093 12
2094 28
2095 20
2096 6
2097 169
2098 16
2099 57
2100 22
2101 26
2102 7
2103 79
2104 10
2105 307
2106 22
2107 13
2108 7
2109 4
2110 46
2111 0
2112 7
2113 21
2114 92
2115 88
2116 242
2117 15
2118 216
2119 19
2120 3
2121 9
2122 2
2123 190
2124 6
2125 29
2126 61
2127 52
2128 25
2129 14
2130 2
2131 43
2132 63
2133 29
2134 0
2135 63
2136 16
2137 6
2138 204
2139 62
2140 23
2141 8
2142 306
2143 15
2144 4
2145 99
2146 25
2147 59
2148 3
2149 12
2150 192
2151 107
2152 22
2153 20
2154 49
2155 4
2156 43
2157 17
2158 13
2159 17
2160 211
2161 3
2162 1
2163 4
2164 5
2165 44
2166 15
2167 307
2168 25
2169 43
2170 31
2171 13
2172 66
2173 55
2174 33
2175 318
2176 34
2177 1
2178 13
2179 1
2180 17
2181 9
2182 192
2183 319
2184 181
2185 2
2186 15
2187 28
2188 37
2189 13
2190 59
2191 2
2192 137
2193 3
2194 1
2195 6
2196 13
2197 7
2198 19
2199 3
2200 23
2201 3
2202 38
2203 31
2204 8
2205 145
2206 50
2207 3
2208 4
2209 2
2210 641
2211 3
2212 34
2213 10
2214 14
2215 264
2216 18
2217 3
2218 7
2219 100
2220 14
2221 82
2222 69
2223 5
2224 1
2225 9
2226 53
2227 9
2228 38
2229 4
2230 17
2231 46
2232 118
2233 86
2234 358
2235 2
2236 2
2237 16
2238 21
2239 25
2240 159
2241 13
2242 12
2243 29
2244 344
2245 16
2246 84
2247 22
2248 6
2249 262
2250 20
2251 3
2252 5
2253 37
2254 118
2255 18
2256 20
2257 27
2258 9
2259 14
2260 4
2261 175
2262 26
2263 15
2264 2
2265 68
2266 9
2267 4
2268 4
2269 7
2270 28
2271 76
2272 3
2273 22
2274 116
2275 54
2276 11
2277 53
2278 2
2279 65
2280 27
2281 5
2282 11
2283 64
2284 39
2285 88
2286 177
2287 9
2288 6
2289 7
2290 33
2291 6
2292 4
2293 114
2294 11
2295 11
2296 97
2297 11
2298 48
2299 76
2300 3
2301 21
2302 10
2303 24
2304 214
2305 24
2306 5
2307 3
2308 6
2309 35
2310 23
2311 66
2312 46
2313 9
2314 35
2315 3
2316 18
2317 41
2318 20
2319 12
2320 6
2321 3
2322 296
2323 2
2324 22
2325 121
2326 0
2327 8
2328 105
2329 17
2330 4
2331 3
2332 2
2333 31
2334 147
2335 237
2336 13
2337 11
2338 1
2339 4
2340 43
2341 12
2342 4
2343 118
2344 11
2345 10
2346 3
2347 23
2348 2
2349 261
2350 4
2351 27
2352 57
2353 7
2354 103
2355 66
2356 0
2357 268
2358 159
2359 316
2360 4
2361 40
2362 20
2363 15
2364 160
2365 2
2366 5
2367 4
2368 12
2369 6
2370 141
2371 184
2372 29
2373 6
2374 83
2375 122
2376 51
2377 13
2378 4
2379 10
2380 42
2381 96
2382 34
2383 168
2384 33
2385 13
2386 176
2387 131
2388 9
2389 23
2390 296
2391 10
2392 15
2393 18
2394 5
2395 5
2396 52
2397 1
2398 22
2399 146
2400 62
2401 33
2402 1
2403 4
2404 2
2405 162
2406 3
2407 3
2408 23
2409 139
2410 20
2411 11
2412 10
2413 1
2414 612
2415 184
2416 2
2417 2
2418 33
2419 5
2420 8
2421 70
2422 7
2423 5
2424 35
2425 4
2426 9
2427 6
2428 10
2429 31
2430 7
2431 2
2432 28
2433 51
2434 153
2435 7
2436 42
2437 30
2438 447
2439 20
2440 6
2441 30
2442 13
2443 5
2444 62
2445 95
2446 59
2447 17
2448 4
2449 18
2450 54
2451 27
2452 30
2453 39
2454 8
2455 58
2456 26
2457 36
2458 57
2459 3
2460 93
2461 53
2462 12
2463 32
2464 61
2465 5
2466 163
2467 183
2468 2
2469 14
2470 10
2471 43
2472 1
2473 68
2474 344
2475 8
2476 7
2477 251
2478 29
2479 28
2480 23
2481 2
2482 11
2483 9
2484 5
2485 17
2486 5
2487 60
2488 7
2489 1
2490 12
2491 39
2492 35
2493 10
2494 3
2495 30
2496 63
2497 166
2498 66
2499 11
2500 0
2501 18
2502 7
2503 2
2504 136
2505 6
2506 33
2507 74
2508 5
2509 23
2510 4
2511 19
2512 24
2513 198
2514 10
2515 1
2516 52
2517 5
2518 102
2519 80
2520 16
2521 29
2522 6
2523 20
2524 10
2525 8
2526 12
2527 9
2528 5
2529 21
2530 169
2531 4
2532 1
2533 73
2534 13
2535 4
2536 5
2537 23
2538 160
2539 5
2540 3
2541 4
2542 91
2543 180
2544 5
2545 1
2546 172
2547 13
2548 21
2549 22
2550 10
2551 52
2552 10
2553 132
2554 14
2555 29
2556 0
2557 5
2558 2
2559 76
2560 1
2561 121
2562 12
2563 7
2564 146
2565 9
2566 22
2567 13
2568 67
2569 4
2570 5
2571 1
2572 10
2573 59
2574 258
2575 3
2576 41
2577 4
2578 183
2579 5
2580 308
2581 80
2582 57
2583 5
2584 4
2585 21
2586 16
2587 5
2588 15
2589 8
2590 8
2591 5
2592 2
2593 278
2594 19
2595 14
2596 43
2597 21
2598 11
2599 22
2600 5
2601 2
2602 39
2603 1
2604 22
2605 3
2606 40
2607 134
2608 14
2609 44
2610 267
2611 13
2612 5
2613 35
2614 10
2615 7
2616 81
2617 8
2618 4
2619 23
2620 14
2621 16
2622 15
2623 196
2624 32
2625 67
2626 4
2627 7
2628 39
2629 5
2630 60
2631 25
2632 30
2633 33
2634 30
2635 10
2636 268
2637 15
2638 19
2639 3
2640 6
2641 14
2642 10
2643 125
2644 43
2645 11
2646 23
2647 2
2648 9
2649 8
2650 4
2651 2
2652 9
2653 372
2654 3
2655 22
2656 92
2657 19
2658 26
2659 13
2660 12
2661 4
2662 202
2663 68
2664 36
2665 83
2666 6
2667 11
2668 5
2669 9
2670 13
2671 17
2672 9
2673 11
2674 24
2675 22
2676 32
2677 30
2678 5
2679 145
2680 113
2681 8
2682 5
2683 168
2684 274
2685 55
2686 9
2687 24
2688 8
2689 14
2690 23
2691 14
2692 159
2693 6
2694 7
2695 103
2696 14
2697 22
2698 10
2699 20
2700 110
2701 9
2702 5
2703 29
2704 57
2705 10
2706 6
2707 12
2708 5
2709 41
2710 5
2711 15
2712 5
2713 41
2714 13
2715 76
2716 49
2717 14
2718 117
2719 5
2720 204
2721 6
2722 15
2723 6
2724 1
2725 191
2726 4
2727 28
2728 4
2729 12
2730 87
2731 5
2732 6
2733 8
2734 2
2735 2
2736 2
2737 35
2738 9
2739 8
2740 27
2741 129
2742 27
2743 2
2744 11
2745 7
2746 5
2747 337
2748 7
2749 3
2750 86
2751 1
2752 26
2753 5
2754 11
2755 14
2756 14
2757 43
2758 78
2759 25
2760 163
2761 58
2762 33
2763 17
2764 4
2765 11
2766 35
2767 3
2768 46
2769 5
2770 19
2771 65
2772 38
2773 63
2774 5
2775 9
2776 62
2777 23
2778 1
2779 43
2780 11
2781 27
2782 19
2783 43
2784 13
2785 61
2786 34
2787 9
2788 82
2789 51
2790 131
2791 16
2792 8
2793 8
2794 784
2795 9
2796 2
2797 6
2798 18
2799 46
2800 4
2801 4
2802 7
2803 63
2804 7
2805 10
2806 49
2807 158
2808 10
2809 4
2810 28
2811 128
2812 0
2813 88
2814 22
2815 6
2816 11
2817 22
2818 6
2819 10
2820 119
2821 66
2822 15
2823 191
2824 7
2825 22
2826 4
2827 5
2828 25
2829 3
2830 25
2831 20
2832 10
2833 14
2834 5
2835 6
2836 10
2837 5
2838 12
2839 13
2840 18
2841 12
2842 4
2843 11
2844 42
2845 3
2846 166
2847 11
2848 20
2849 95
2850 15
2851 26
2852 11
2853 3
2854 35
2855 74
2856 92
2857 10
2858 29
2859 1
2860 255
2861 4
2862 21
2863 7
2864 35
2865 36
2866 25
2867 46
2868 53
2869 6
2870 44
2871 2
2872 13
2873 23
2874 11
2875 17
2876 131
2877 60
2878 5
2879 29
2880 101
2881 12
2882 8
2883 2
2884 48
2885 2
2886 11
2887 81
2888 20
2889 213
2890 128
2891 49
2892 11
2893 4
2894 79
2895 10
2896 17
2897 27
2898 6
2899 91
2900 7
2901 102
2902 26
2903 12
2904 131
2905 183
2906 16
2907 13
2908 11
2909 30
2910 200
2911 68
2912 250
2913 42
2914 18
2915 321
2916 146
2917 13
2918 16
2919 31
2920 28
2921 1
2922 69
2923 10
2924 186
2925 99
2926 25
2927 194
2928 18
2929 5
2930 83
2931 46
2932 3
2933 2
2934 10
2935 66
2936 15
2937 17
2938 50
2939 17
2940 12
2941 9
2942 15
2943 8
2944 6
2945 22
2946 84
2947 48
2948 4
2949 503
2950 13
2951 20
2952 11
2953 2
2954 28
2955 7
2956 13
2957 3
2958 124
2959 154
2960 9
2961 10
2962 87
2963 195
2964 8
2965 4
2966 25
2967 16
2968 9
2969 6
2970 1
2971 2
2972 16
2973 27
2974 27
2975 38
2976 22
2977 107
2978 10
2979 10
2980 2
2981 15
2982 28
2983 7
2984 3
2985 41
2986 29
2987 6
2988 3
2989 18
2990 2
2991 129
2992 65
2993 9
2994 81
2995 30
2996 17
2997 59
2998 2
2999 42
3000 12
3001 5
3002 15
3003 51
3004 422
3005 37
3006 2
3007 5
3008 8
3009 46
3010 49
3011 12
3012 17
3013 101
3014 244
3015 15
3016 15
3017 19
3018 34
3019 7
3020 52
3021 18
3022 10
3023 85
3024 34
3025 35
3026 146
3027 7
3028 33
3029 28
3030 11
3031 42
3032 15
3033 7
3034 63
3035 167
3036 6
3037 10
3038 89
3039 6
3040 80
3041 0
3042 270
3043 8
3044 3
3045 7
3046 4
3047 4
3048 38
3049 9
3050 8
3051 26
3052 387
3053 30
3054 1
3055 26
3056 65
3057 24
3058 44
3059 4
3060 13
3061 70
3062 26
3063 156
3064 6
3065 2
3066 251
3067 12
3068 13
3069 9
3070 113
3071 22
3072 7
3073 256
3074 81
3075 1
3076 5
3077 48
3078 14
3079 3
3080 10
3081 66
3082 14
3083 67
3084 246
3085 20
3086 10
3087 7
3088 9
3089 52
3090 33
3091 314
3092 6
3093 262
3094 18
3095 47
3096 2
3097 5
3098 20
3099 38
3100 39
3101 7
3102 1
3103 2
3104 27
3105 7
3106 16
3107 74
3108 80
3109 3
3110 16
3111 19
3112 18
3113 5
3114 60
3115 9
3116 40
3117 45
3118 1
3119 2
3120 8
3121 12
3122 8
3123 0
3124 259
3125 62
3126 21
3127 151
3128 43
3129 2
3130 9
3131 115
3132 23
3133 53
3134 12
3135 87
3136 179
3137 36
3138 1
3139 60
3140 95
3141 0
3142 2
3143 84
3144 13
3145 466
3146 18
3147 78
3148 116
3149 29
3150 191
3151 23
3152 130
3153 30
3154 17
3155 25
3156 43
3157 9
3158 133
3159 29
3160 5
3161 66
3162 4
3163 40
3164 3
3165 93
3166 57
3167 12
3168 8
3169 11
3170 6
3171 11
3172 92
3173 10
3174 5
3175 14
3176 9
3177 133
3178 2
3179 54
3180 154
3181 0
3182 132
3183 11
3184 8
3185 108
3186 113
3187 16
3188 59
3189 77
3190 6
3191 12
3192 64
3193 9
3194 12
3195 17
3196 16
3197 9
3198 13
3199 409
3200 25
3201 25
3202 81
3203 4
3204 9
3205 36
3206 30
3207 665
3208 43
3209 46
3210 8
3211 26
3212 6
3213 12
3214 68
3215 27
3216 1
3217 2
3218 14
3219 10
3220 227
3221 2
3222 1
3223 69
3224 51
3225 3
3226 23
3227 3
3228 11
3229 9
3230 3
3231 5
3232 7
3233 12
3234 13
3235 3
3236 21
3237 3
3238 6
3239 26
3240 5
3241 70
3242 51
3243 11
3244 50
3245 16
3246 14
3247 49
3248 230
3249 41
3250 2
3251 68
3252 2
3253 61
3254 202
3255 63
3256 90
3257 7
3258 28
3259 312
3260 6
3261 74
3262 20
3263 3
3264 108
3265 50
3266 5
3267 6
3268 98
3269 5
3270 4
3271 24
3272 1
3273 62
3274 26
3275 8
3276 17
3277 36
3278 16
3279 11
3280 43
3281 11
3282 315
3283 26
3284 5
3285 4
3286 63
3287 0
3288 3
3289 2
3290 22
3291 247
3292 38
3293 111
3294 17
3295 126
3296 23
3297 147
3298 19
3299 319
3300 14
3301 7
3302 16
3303 6
3304 15
3305 37
3306 9
3307 13
3308 68
3309 19
3310 345
3311 391
3312 5
3313 13
3314 9
3315 57
3316 4
3317 8
3318 2
3319 3
3320 3
3321 34
3322 11
3323 14
3324 11
3325 9
3326 5
3327 18
3328 551
3329 14
3330 13
3331 76
3332 33
3333 25
3334 1
3335 19
3336 127
3337 88
3338 53
3339 6
3340 53
3341 37
3342 159
3343 8
3344 40
3345 108
3346 11
3347 136
3348 288
3349 2
3350 13
3351 4
3352 49
3353 32
3354 21
3355 2
3356 40
3357 187
3358 6
3359 6
3360 9
3361 1
3362 4
3363 263
3364 12
3365 14
3366 17
3367 52
3368 3
3369 9
3370 10
3371 135
3372 41
3373 3
3374 13
3375 10
3376 137
3377 13
3378 10
3379 18
3380 20
3381 11
3382 73
3383 17
3384 13
3385 37
3386 17
3387 117
3388 293
3389 2
3390 58
3391 86
3392 6
3393 6
3394 413
3395 302
3396 9
3397 12
3398 13
3399 45
3400 78
3401 20
3402 63
3403 2
3404 14
3405 8
3406 89
3407 18
3408 7
3409 28
3410 25
3411 3
3412 55
3413 15
3414 2
3415 7
3416 80
3417 10
3418 3
3419 7
3420 29
3421 19
3422 183
3423 80
3424 34
3425 25
3426 4
3427 11
3428 4
3429 11
3430 6
3431 10
3432 579
3433 10
3434 21
3435 2
3436 2
3437 85
3438 105
3439 2
3440 6
3441 130
3442 43
3443 340
3444 10
3445 49
3446 62
3447 4
3448 25
3449 38
3450 65
3451 13
3452 2
3453 13
3454 1
3455 441
3456 49
3457 82
3458 11
3459 23
3460 19
3461 2
3462 59
3463 12
3464 4
3465 2
3466 218
3467 47
3468 77
3469 3
3470 6
3471 34
3472 2
3473 62
3474 47
3475 22
3476 67
3477 14
3478 12
3479 24
3480 117
3481 211
3482 6
3483 3
3484 12
3485 12
3486 5
3487 41
3488 23
3489 108
3490 8
3491 5
3492 2
3493 16
3494 19
3495 2
3496 29
3497 47
3498 6
3499 9
3500 23
3501 3
3502 2
3503 39
3504 108
3505 24
3506 61
3507 1
3508 2
3509 57
3510 42
3511 36
3512 76
3513 138
3514 7
3515 7
3516 13
3517 23
3518 19
3519 3
3520 2
3521 15
3522 37
3523 160
3524 4
3525 133
3526 53
3527 81
3528 14
3529 12
3530 17
3531 13
3532 1
3533 1
3534 73
3535 123
3536 9
3537 19
3538 105
3539 23
3540 40
3541 43
3542 33
3543 3
3544 16
3545 78
3546 59
3547 24
3548 3
3549 175
3550 6
3551 27
3552 2
3553 14
3554 333
3555 97
3556 8
3557 57
3558 10
3559 5
3560 1
3561 3
3562 6
3563 4
3564 11
3565 93
3566 144
3567 25
3568 14
3569 94
3570 8
3571 3
3572 25
3573 55
3574 40
3575 109
3576 21
3577 6
3578 52
3579 120
3580 7
3581 125
3582 23
3583 14
3584 4
3585 26
3586 26
3587 15
3588 22
3589 126
3590 196
3591 4
3592 62
3593 15
3594 7
3595 22
3596 7
3597 3
3598 92
3599 541
3600 30
3601 22
3602 5
3603 14
3604 29
3605 44
3606 58
3607 6
3608 101
3609 28
3610 8
3611 53
3612 13
3613 103
3614 28
3615 125
3616 24
3617 11
3618 4
3619 63
3620 68
3621 42
3622 21
3623 6
3624 17
3625 58
3626 4
3627 15
3628 23
3629 34
3630 3
3631 50
3632 13
3633 13
3634 11
3635 36
3636 37
3637 3
3638 4
3639 2
3640 30
3641 19
3642 1
3643 6
3644 1
3645 28
3646 201
3647 10
3648 2
3649 121
3650 5
3651 7
3652 5
3653 9
3654 70
3655 12
3656 23
3657 1
3658 2
3659 97
3660 12
3661 51
3662 52
3663 8
3664 5
3665 49
3666 50
3667 77
3668 12
3669 316
3670 3
3671 5
3672 36
3673 6
3674 13
3675 6
3676 8
3677 33
3678 28
3679 34
3680 4
3681 3
3682 44
3683 6
3684 6
3685 16
3686 3
3687 11
3688 51
3689 20
3690 7
3691 64
3692 12
3693 422
3694 19
3695 43
3696 3
3697 6
3698 27
3699 54
3700 18
3701 1
3702 190
3703 13
3704 13
3705 235
3706 57
3707 1
3708 13
3709 221
3710 43
3711 16
3712 8
3713 31
3714 38
3715 10
3716 10
3717 9
3718 259
3719 28
3720 22
3721 4
3722 17
3723 15
3724 231
3725 40
3726 224
3727 216
3728 4
3729 111
3730 34
3731 288
3732 6
3733 17
3734 83
3735 18
3736 1
3737 3
3738 354
3739 8
3740 4
3741 2
3742 504
3743 24
3744 39
3745 21
3746 6
3747 18
3748 5
3749 1
3750 2
3751 177
3752 6
3753 112
3754 15
3755 59
3756 1
3757 54
3758 121
3759 110
3760 4
3761 44
3762 47
3763 41
3764 8
3765 9
3766 3
3767 54
3768 141
3769 5
3770 4
3771 25
3772 393
3773 6
3774 107
3775 0
3776 4
3777 71
3778 11
3779 20
3780 1
3781 413
3782 19
3783 4
3784 74
3785 21
3786 8
3787 5
3788 14
3789 4
3790 7
3791 82
3792 24
3793 23
3794 9
3795 6
3796 193
3797 17
3798 1
3799 16
3800 44
3801 268
3802 10
3803 17
3804 10
3805 13
3806 2
3807 25
3808 4
3809 18
3810 30
3811 12
3812 4
3813 8
3814 29
3815 35
3816 17
3817 37
3818 77
3819 19
3820 22
3821 59
3822 486
3823 111
3824 102
3825 3
3826 75
3827 299
3828 16
3829 12
3830 11
3831 63
3832 13
3833 14
3834 12
3835 37
3836 8
3837 14
3838 14
3839 72
3840 37
3841 13
3842 334
3843 3
3844 186
3845 20
3846 18
3847 29
3848 14
3849 10
3850 6
3851 153
3852 19
3853 44
3854 2
3855 487
3856 11
3857 48
3858 312
3859 36
3860 83
3861 114
3862 280
3863 47
3864 372
3865 108
3866 26
3867 75
3868 2
3869 33
3870 45
3871 90
3872 0
3873 2
3874 29
3875 15
3876 14
3877 11
3878 76
3879 12
3880 16
3881 1
3882 6
3883 4
3884 45
3885 9
3886 24
3887 5
3888 52
3889 11
3890 6
3891 3
3892 30
3893 167
3894 30
3895 5
3896 30
3897 25
3898 44
3899 6
3900 10
3901 30
3902 5
3903 19
3904 105
3905 68
3906 214
3907 11
3908 2
3909 20
3910 2
3911 8
3912 47
3913 79
3914 32
3915 4
3916 72
3917 34
3918 191
3919 4
3920 7
3921 1
3922 68
3923 3
3924 1
3925 1
3926 3
3927 10
3928 60
3929 131
3930 163
3931 39
3932 23
3933 15
3934 5
3935 63
3936 3
3937 123
3938 14
3939 22
3940 29
3941 46
3942 33
3943 5
3944 33
3945 159
3946 12
3947 5
3948 5
3949 5
3950 80
3951 22
3952 101
3953 168
3954 12
3955 58
3956 5
3957 25
3958 4
3959 6
3960 12
3961 5
3962 14
3963 10
3964 1
3965 9
3966 13
3967 22
3968 15
3969 96
3970 8
3971 12
3972 20
3973 32
3974 101
3975 11
3976 9
3977 6
3978 6
3979 52
3980 224
3981 35
3982 35
3983 16
3984 56
3985 17
3986 25
3987 11
3988 138
3989 27
3990 4
3991 8
3992 2
3993 8
3994 4
3995 8
3996 25
3997 13
3998 245
3999 23
4000 1
4001 54
4002 101
4003 10
4004 75
4005 11
4006 12
4007 65
4008 42
4009 7
4010 576
4011 41
4012 734
4013 159
4014 9
4015 431
4016 23
4017 23
4018 3
4019 14
4020 59
4021 17
4022 4
4023 8
4024 23
4025 13
4026 9
4027 97
4028 52
4029 11
4030 32
4031 1
4032 24
4033 24
4034 141
4035 4
4036 26
4037 7
4038 4
4039 5
4040 11
4041 2
4042 26
4043 6
4044 30
4045 33
4046 7
4047 176
4048 3
4049 5
4050 40
4051 3
4052 3
4053 52
4054 10
4055 46
4056 2
4057 222
4058 4
4059 26
4060 40
4061 5
4062 32
4063 18
4064 9
4065 24
4066 360
4067 3
4068 6
4069 61
4070 21
4071 24
4072 64
4073 30
4074 56
4075 279
4076 95
4077 7
4078 3
4079 5
4080 81
4081 218
4082 21
4083 6
4084 7
4085 75
4086 11
4087 15
4088 15
4089 50
4090 14
4091 174
4092 44
4093 104
4094 82
4095 1
4096 20
4097 123
4098 16
4099 117
4100 5
4101 12
4102 17
4103 48
4104 6
4105 9
4106 14
4107 11
4108 14
4109 17
4110 45
4111 20
4112 41
4113 49
4114 30
4115 136
4116 343
4117 6
4118 10
4119 11
4120 0
4121 76
4122 6
4123 27
4124 7
4125 1
4126 7
4127 22
4128 10
4129 15
4130 187
4131 11
4132 8
4133 116
4134 57
4135 20
4136 4
4137 37
4138 9
4139 37
4140 41
4141 11
4142 14
4143 7
4144 6
4145 61
4146 43
4147 6
4148 70
4149 119
4150 16
4151 43
4152 1
4153 7
4154 3
4155 32
4156 83
4157 40
4158 202
4159 213
4160 2
4161 4
4162 0
4163 14
4164 3
4165 18
4166 394
4167 50
4168 96
4169 21
4170 7
4171 58
4172 107
4173 29
4174 7
4175 17
4176 108
4177 35
4178 553
4179 24
4180 104
4181 4
4182 20
4183 18
4184 130
4185 93
4186 17
4187 13
4188 87
4189 32
4190 22
4191 421
4192 60
4193 102
4194 2
4195 30
4196 3
4197 1
4198 422
4199 10
4200 46
4201 116
4202 23
4203 153
4204 269
4205 78
4206 26
4207 44
4208 10
4209 16
4210 20
4211 1
4212 7
4213 85
4214 25
4215 13
4216 6
4217 8
4218 22
4219 34
4220 69
4221 27
4222 235
4223 58
4224 42
4225 49
4226 3
4227 5
4228 460
4229 41
4230 31
4231 215
4232 12
4233 22
4234 13
4235 1
4236 233
4237 47
4238 20
4239 54
4240 19
4241 93
4242 570
4243 5
4244 109
4245 4
4246 5
4247 542
4248 6
4249 19
4250 7
4251 5
4252 8
4253 13
4254 3
4255 1
4256 5
4257 18
4258 10
4259 4
4260 121
4261 27
4262 0
4263 257
4264 21
4265 10
4266 33
4267 9
4268 288
4269 4
4270 116
4271 2
4272 10
4273 62
4274 2
4275 19
4276 15
4277 47
4278 6
4279 29
4280 2
4281 9
4282 48
4283 136
4284 5
4285 61
4286 29
4287 39
4288 17
4289 17
4290 46
4291 14
4292 35
4293 27
4294 14
4295 10
4296 99
4297 37
4298 11
4299 10
4300 5
4301 61
4302 38
4303 31
4304 59
4305 5
4306 448
4307 70
4308 2
4309 3
4310 5
4311 13
4312 1
4313 20
4314 34
4315 49
4316 28
4317 66
4318 79
4319 27
4320 22
4321 6
4322 4
4323 23
4324 196
4325 160
4326 6
4327 11
4328 191
4329 56
4330 119
4331 56
4332 34
4333 7
4334 302
4335 6
4336 13
4337 163
4338 57
4339 52
4340 12
4341 27
4342 29
4343 5
4344 19
4345 7
4346 169
4347 34
4348 105
4349 49
4350 96
4351 19
4352 8
4353 103
4354 4
4355 38
4356 9
4357 29
4358 8
4359 80
4360 11
4361 36
4362 6
4363 9
4364 31
4365 18
4366 83
4367 6
4368 7
4369 63
4370 31
4371 6
4372 93
4373 14
4374 51
4375 216
4376 11
4377 43
4378 39
4379 83
4380 184
4381 0
4382 249
4383 62
4384 47
4385 62
4386 3
4387 44
4388 22
4389 66
4390 2
4391 20
4392 13
4393 11
4394 31
4395 52
4396 4
4397 13
4398 30
4399 446
4400 780
4401 9
4402 164
4403 2
4404 308
4405 13
4406 50
4407 3
4408 12
4409 9
4410 86
4411 37
4412 9
4413 35
4414 40
4415 12
4416 5
4417 22
4418 48
4419 43
4420 9
4421 32
4422 16
4423 5
4424 95
4425 222
4426 57
4427 16
4428 4
4429 10
4430 2
4431 7
4432 30
4433 31
4434 18
4435 65
4436 8
4437 68
4438 86
4439 30
4440 10
4441 2
4442 3
4443 39
4444 5
4445 62
4446 14
4447 14
4448 49
4449 4
4450 18
4451 44
4452 168
4453 31
4454 81
4455 141
4456 43
4457 11
4458 284
4459 17
4460 127
4461 17
4462 24
4463 75
4464 13
4465 14
4466 11
4467 5
4468 3
4469 31
4470 4
4471 118
4472 25
4473 20
4474 28
4475 112
4476 16
4477 3
4478 90
4479 7
4480 32
4481 124
4482 8
4483 383
4484 14
4485 14
4486 8
4487 270
4488 274
4489 4
4490 88
4491 22
4492 301
4493 44
4494 64
4495 57
4496 7
4497 18
4498 12
4499 7
4500 10
4501 6
4502 14
4503 16
4504 15
4505 2
4506 267
4507 27
4508 1
4509 87
4510 23
4511 102
4512 42
4513 6
4514 21
4515 12
4516 19
4517 57
4518 87
4519 44
4520 199
4521 248
4522 12
4523 4
4524 4
4525 2
4526 7
4527 9
4528 11
4529 61
4530 12
4531 44
4532 5
4533 16
4534 9
4535 3
4536 28
4537 15
4538 31
4539 15
4540 128
4541 38
4542 13
4543 21
4544 51
4545 42
4546 52
4547 11
4548 66
4549 16
4550 6
4551 26
4552 10
4553 86
4554 83
4555 3
4556 10
4557 29
4558 46
4559 1
4560 7
4561 24
4562 71
4563 89
4564 283
4565 37
4566 41
4567 6
4568 22
4569 6
4570 13
4571 3
4572 8
4573 19
4574 36
4575 41
4576 20
4577 126
4578 3
4579 21
4580 204
4581 20
4582 33
4583 1
4584 12
4585 21
4586 22
4587 14
4588 4
4589 149
4590 62
4591 151
4592 1
4593 12
4594 5
4595 7
4596 6
4597 48
4598 122
4599 49
4600 20
4601 11
4602 41
4603 41
4604 76
4605 93
4606 19
4607 11
4608 12
4609 28
4610 24
4611 104
4612 1
4613 12
4614 12
4615 5
4616 18
4617 8
4618 16
4619 72
4620 6
4621 2
4622 1
4623 4
4624 17
4625 1
4626 10
4627 220
4628 23
4629 14
4630 32
4631 75
4632 13
4633 16
4634 151
4635 49
4636 3
4637 10
4638 257
4639 171
4640 1
4641 32
4642 41
4643 5
4644 214
4645 8
4646 72
4647 27
4648 6
4649 9
4650 6
4651 5
4652 27
4653 5
4654 327
4655 37
4656 133
4657 7
4658 5
4659 45
4660 20
4661 62
4662 4
4663 5
4664 34
4665 12
4666 187
4667 129
4668 126
4669 2
4670 166
4671 205
4672 2
4673 7
4674 38
4675 48
4676 1
4677 5
4678 30
4679 7
4680 69
4681 70
4682 35
4683 252
4684 1
4685 31
4686 136
4687 12
4688 1
4689 18
4690 513
4691 30
4692 12
4693 32
4694 130
4695 29
4696 68
4697 26
4698 137
4699 5
4700 32
4701 9
4702 193
4703 59
4704 39
4705 9
4706 9
4707 128
4708 26
4709 37
4710 183
4711 6
4712 1
4713 13
4714 13
4715 56
4716 27
4717 46
4718 6
4719 8
4720 90
4721 12
4722 10
4723 10
4724 15
4725 148
4726 55
4727 11
4728 5
4729 34
4730 78
4731 26
4732 35
4733 85
4734 15
4735 607
4736 5
4737 4
4738 15
4739 22
4740 9
4741 20
4742 27
4743 33
4744 8
4745 143
4746 73
4747 26
4748 3
4749 15
4750 5
4751 12
4752 29
4753 291
4754 23
4755 12
4756 5
4757 158
4758 70
4759 13
4760 20
4761 108
4762 12
4763 10
4764 1
4765 36
4766 397
4767 6
4768 32
4769 12
4770 8
4771 19
4772 14
4773 23
4774 107
4775 78
4776 1
4777 4
4778 62
4779 9
4780 114
4781 358
4782 26
4783 1
4784 33
4785 1
4786 10
4787 24
4788 116
4789 6
4790 16
4791 5
4792 176
4793 67
4794 35
4795 14
4796 10
4797 2
4798 9
4799 76
4800 242
4801 21
4802 58
4803 48
4804 6
4805 13
4806 10
4807 62
4808 107
4809 16
4810 94
4811 22
4812 88
4813 41
4814 287
4815 51
4816 70
4817 21
4818 9
4819 42
4820 35
4821 19
4822 142
4823 1
4824 7
4825 55
4826 2
4827 62
4828 17
4829 3
4830 41
4831 50
4832 38
4833 6
4834 32
4835 26
4836 15
4837 11
4838 85
4839 18
4840 33
4841 903
4842 95
4843 3
4844 174
4845 1153
4846 48
4847 231
4848 5
4849 7
4850 18
4851 3
4852 17
4853 414
4854 44
4855 2
4856 16
4857 4
4858 12
4859 3
4860 214
4861 17
4862 18
4863 11
4864 4
4865 30
4866 32
4867 1
4868 385
4869 75
4870 10
4871 1
4872 10
4873 9
4874 3
4875 34
4876 11
4877 41
4878 13
4879 6
4880 4
4881 553
4882 6
4883 1
4884 3
4885 5
4886 2
4887 12
4888 25
4889 104
4890 21
4891 11
4892 1
4893 33
4894 93
4895 4
4896 3
4897 23
4898 8
4899 47
4900 5
4901 3
4902 15
4903 30
4904 11
4905 10
4906 5
4907 9
4908 165
4909 20
4910 14
4911 11
4912 53
4913 123
4914 7
4915 8
4916 163
4917 41
4918 142
4919 16
4920 6
4921 5
4922 1
4923 11
4924 13
4925 33
4926 73
4927 11
4928 8
4929 82
4930 84
4931 43
4932 35
4933 3
4934 3
4935 5
4936 1
4937 12
4938 2
4939 307
4940 15
4941 10
4942 13
4943 24
4944 9
4945 16
4946 23
4947 4
4948 21
4949 87
4950 14
4951 1
4952 22
4953 76
4954 232
4955 107
4956 215
4957 54
4958 42
4959 474
4960 5
4961 37
4962 16
4963 7
4964 69
4965 375
4966 50
4967 47
4968 1
4969 4
4970 58
4971 18
4972 89
4973 10
4974 13
4975 32
4976 34
4977 80
4978 29
4979 57
4980 5
4981 38
4982 6
4983 42
4984 15
4985 53
4986 53
4987 122
4988 3
4989 8
4990 4
4991 11
4992 13
4993 22
4994 333
4995 49
4996 16
4997 385
4998 6
4999 9
5000 6
5001 28
5002 54
5003 6
5004 46
5005 36
5006 3
5007 122
5008 6
5009 1
5010 126
5011 128
5012 1
5013 17
5014 42
5015 58
5016 170
5017 34
5018 31
5019 10
5020 13
5021 12
5022 10
5023 8
5024 16
5025 38
5026 120
5027 11
5028 58
5029 47
5030 145
5031 3
5032 71
5033 13
5034 8
5035 21
5036 45
5037 5
5038 9
5039 5
5040 114
5041 167
5042 14
5043 6
5044 36
5045 44
5046 4
5047 53
5048 14
5049 15
5050 17
5051 24
5052 61
5053 79
5054 734
5055 10
5056 100
5057 24
5058 9
5059 9
5060 6
5061 8
5062 20
5063 11
5064 4
5065 3
5066 10
5067 7
5068 70
5069 11
5070 12
5071 48
5072 1
5073 40
5074 19
5075 20
5076 454
5077 7
5078 139
5079 16
5080 36
5081 5
5082 410
5083 5
5084 56
5085 16
5086 12
5087 23
5088 8
5089 12
5090 69
5091 56
5092 9
5093 21
5094 13
5095 27
5096 7
5097 31
5098 6
5099 13
5100 223
5101 92
5102 6
5103 98
5104 3
5105 11
5106 0
5107 155
5108 4
5109 52
5110 8
5111 2
5112 8
5113 80
5114 65
5115 126
5116 29
5117 5
5118 26
5119 23
5120 22
5121 55
5122 36
5123 5
5124 44
5125 73
5126 9
5127 304
5128 43
5129 12
5130 29
5131 27
5132 16
5133 91
5134 0
5135 4
5136 28
5137 16
5138 3
5139 142
5140 4
5141 16
5142 16
5143 26
5144 14
5145 0
5146 3
5147 90
5148 3
5149 17
5150 48
5151 143
5152 12
5153 92
5154 102
5155 114
5156 5
5157 80
5158 7
5159 5
5160 24
5161 373
5162 61
5163 105
5164 12
5165 18
5166 15
5167 14
5168 57
5169 2
5170 86
5171 298
5172 12
5173 184
5174 41
5175 400
5176 11
5177 55
5178 4
5179 19
5180 28
5181 51
5182 10
5183 4
5184 37
5185 3
5186 5
5187 2
5188 6
5189 10
5190 10
5191 70
5192 57
5193 46
5194 4
5195 8
5196 7
5197 3
5198 33
5199 95
5200 20
5201 6
5202 235
5203 24
5204 17
5205 22
5206 35
5207 119
5208 249
5209 23
5210 17
5211 5
5212 11
5213 79
5214 13
5215 5
5216 117
5217 236
5218 17
5219 4
5220 93
5221 24
5222 15
5223 4
5224 3
5225 39
5226 1
5227 92
5228 21
5229 53
5230 187
5231 4
5232 24
5233 44
5234 8
5235 36
5236 110
5237 12
5238 20
5239 7
5240 10
5241 9
5242 11
5243 278
5244 44
5245 48
5246 7
5247 26
5248 2
5249 10
5250 104
5251 6
5252 22
5253 14
5254 3
5255 59
5256 23
5257 30
5258 79
5259 14
5260 16
5261 31
5262 104
5263 16
5264 85
5265 12
5266 188
5267 240
5268 4
5269 10
5270 11
5271 71
5272 6
5273 53
5274 16
5275 8
5276 56
5277 6
5278 72
5279 116
5280 35
5281 66
5282 2
5283 8
5284 80
5285 19
5286 6
5287 201
5288 24
5289 84
5290 44
5291 66
5292 4
5293 41
5294 5
5295 4
5296 18
5297 4
5298 5
5299 9
5300 528
5301 29
5302 1
5303 21
5304 23
5305 19
5306 29
5307 17
5308 54
5309 60
5310 12
5311 12
5312 22
5313 40
5314 3
5315 10
5316 166
5317 67
5318 3
5319 2
5320 8
5321 19
5322 388
5323 826
5324 6
5325 225
5326 26
5327 7
5328 33
5329 36
5330 24
5331 6
5332 94
5333 1
5334 5
5335 98
5336 8
5337 6
5338 17
5339 3
5340 2
5341 79
5342 38
5343 8
5344 85
5345 2
5346 93
5347 65
5348 7
5349 7
5350 96
5351 12
5352 9
5353 41
5354 18
5355 8
5356 6
5357 7
5358 8
5359 10
5360 5
5361 25
5362 245
5363 12
5364 23
5365 31
5366 69
5367 93
5368 39
5369 236
5370 5
5371 19
5372 23
5373 7
5374 2
5375 123
5376 41
5377 3
5378 428
5379 2
5380 252
5381 120
5382 9
5383 146
5384 11
5385 37
5386 95
5387 25
5388 21
5389 324
5390 459
5391 10
5392 36
5393 121
5394 3
5395 249
5396 113
5397 11
5398 61
5399 9
5400 5
5401 45
5402 22
5403 26
5404 2
5405 120
5406 7
5407 3
5408 16
5409 131
5410 57
5411 185
5412 62
5413 56
5414 5
5415 36
5416 112
5417 4
5418 19
5419 4
5420 61
5421 7
5422 12
5423 28
5424 4
5425 5
5426 339
5427 3
5428 4
5429 9
5430 136
5431 29
5432 285
5433 22
5434 7
5435 56
5436 76
5437 167
5438 2
5439 10
5440 16
5441 34
5442 30
5443 2
5444 34
5445 5
5446 51
5447 20
5448 3
5449 28
5450 105
5451 45
5452 21
5453 22
5454 93
5455 10
5456 14
5457 206
5458 2
5459 12
5460 1
5461 11
5462 31
5463 173
5464 5
5465 3
5466 60
5467 140
5468 266
5469 200
5470 10
5471 4
5472 18
5473 35
5474 3
5475 27
5476 34
5477 192
5478 123
5479 3
5480 23
5481 12
5482 5
5483 297
5484 43
5485 2
5486 36
5487 18
5488 9
5489 6
5490 293
5491 67
5492 3
5493 45
5494 177
5495 22
5496 5
5497 10
5498 11
5499 7
5500 11
5501 60
5502 55
5503 7
5504 97
5505 29
5506 34
5507 3
5508 46
5509 62
5510 12
5511 77
5512 1
5513 47
5514 25
5515 29
5516 5
5517 5
5518 35
5519 2
5520 171
5521 51
5522 12
5523 309
5524 24
5525 9
5526 57
5527 16
5528 14
5529 1
5530 88
5531 13
5532 14
5533 3
5534 16
5535 2
5536 4
5537 301
5538 1
5539 91
5540 34
5541 2
5542 351
5543 188
5544 13
5545 7
5546 32
5547 25
5548 29
5549 76
5550 276
5551 31
5552 15
5553 68
5554 1
5555 5
5556 48
5557 5
5558 25
5559 9
5560 2
5561 6
5562 60
5563 40
5564 83
5565 20
5566 124
5567 68
5568 30
5569 28
5570 23
5571 47
5572 7
5573 240
5574 5
5575 1
5576 15
5577 157
5578 106
5579 82
5580 3
5581 131
5582 12
5583 7
5584 52
5585 13
5586 54
5587 63
5588 68
5589 109
5590 14
5591 25
5592 10
5593 16
5594 52
5595 5
5596 47
5597 23
5598 135
5599 23
5600 28
5601 25
5602 38
5603 286
5604 12
5605 5
5606 8
5607 2
5608 63
5609 7
5610 9
5611 13
5612 267
5613 83
5614 4
5615 47
5616 8
5617 5
5618 12
5619 9
5620 124
5621 10
5622 2
5623 34
5624 63
5625 256
5626 26
5627 55
5628 385
5629 9
5630 21
5631 4
5632 19
5633 208
5634 7
5635 23
5636 7
5637 18
5638 6
5639 7
5640 6
5641 39
5642 5
5643 104
5644 41
5645 97
5646 21
5647 20
5648 52
5649 18
5650 1
5651 5
5652 4
5653 26
5654 25
5655 321
5656 19
5657 37
5658 40
5659 153
5660 23
5661 79
5662 44
5663 1
5664 11
5665 13
5666 6
5667 9
5668 30
5669 63
5670 4
5671 6
5672 47
5673 26
5674 2
5675 10
5676 18
5677 37
5678 42
5679 111
5680 108
5681 37
5682 33
5683 88
5684 14
5685 40
5686 7
5687 9
5688 4
5689 11
5690 7
5691 10
5692 21
5693 60
5694 5
5695 15
5696 9
5697 3
5698 13
5699 13
5700 6
5701 48
5702 0
5703 26
5704 35
5705 2
5706 7
5707 24
5708 3
5709 12
5710 13
5711 71
5712 45
5713 18
5714 149
5715 5
5716 7
5717 59
5718 27
5719 355
5720 5
5721 28
5722 7
5723 1
5724 19
5725 16
5726 9
5727 447
5728 40
5729 3
5730 263
5731 11
5732 3
5733 39
5734 30
5735 2
5736 1
5737 19
5738 36
5739 460
5740 13
5741 35
5742 72
5743 45
5744 17
5745 30
5746 3
5747 22
5748 4
5749 9
5750 46
5751 23
5752 10
5753 35
5754 55
5755 13
5756 36
5757 4
5758 16
5759 10
5760 9
5761 9
5762 13
5763 9
5764 27
5765 40
5766 2
5767 225
5768 6
5769 5
5770 10
5771 2
5772 13
5773 123
5774 10
5775 200
5776 6
5777 3
5778 1839
5779 1
5780 1
5781 8
5782 87
5783 42
5784 24
5785 6
5786 51
5787 4
5788 239
5789 320
5790 40
5791 39
5792 8
5793 4
5794 97
5795 301
5796 3
5797 38
5798 2
5799 138
5800 9
5801 192
5802 7
5803 17
5804 1
5805 49
5806 45
5807 256
5808 5
5809 2
5810 97
5811 67
5812 136
5813 3
5814 52
5815 557
5816 117
5817 14
5818 7
5819 4
5820 3
5821 22
5822 25
5823 6
5824 10
5825 4
5826 98
5827 16
5828 527
5829 7
5830 6
5831 73
5832 15
5833 133
5834 4
5835 3
5836 22
5837 8
5838 1
5839 16
5840 14
5841 346
5842 13
5843 39
5844 53
5845 7
5846 32
5847 4
5848 24
5849 116
5850 33
5851 16
5852 17
5853 5
5854 14
5855 1
5856 32
5857 30
5858 61
5859 3
5860 9
5861 14
5862 15
5863 71
5864 43
5865 3
5866 192
5867 95
5868 9
5869 33
5870 46
5871 13
5872 6
5873 16
5874 70
5875 25
5876 65
5877 92
5878 194
5879 50
5880 14
5881 19
5882 15
5883 282
5884 35
5885 8
5886 32
5887 6
5888 58
5889 44
5890 61
5891 7
5892 28
5893 8
5894 14
5895 6
5896 3
5897 23
5898 92
5899 201
5900 23
5901 23
5902 48
5903 14
5904 39
5905 3
5906 5
5907 15
5908 42
5909 6
5910 4
5911 39
5912 3
5913 15
5914 18
5915 14
5916 5
5917 7
5918 306
5919 101
5920 16
5921 2
5922 8
5923 73
5924 14
5925 63
5926 27
5927 78
5928 3
5929 1
5930 33
5931 50
5932 2
5933 15
5934 33
5935 33
5936 145
5937 2
5938 5
5939 25
5940 5
5941 56
5942 75
5943 4
5944 117
5945 76
5946 310
5947 99
5948 5
5949 24
5950 8
5951 70
5952 80
5953 223
5954 14
5955 44
5956 5
5957 67
5958 183
5959 2
5960 16
5961 8
5962 29
5963 2
5964 2
5965 139
5966 27
5967 8
5968 4
5969 321
5970 39
5971 45
5972 8
5973 9
5974 29
5975 4
5976 56
5977 153
5978 15
5979 26
5980 5
5981 67
5982 126
5983 12
5984 6
5985 33
5986 87
5987 58
5988 40
5989 26
5990 13
5991 3
5992 9
5993 9
5994 93
5995 6
5996 13
5997 9
5998 889
5999 4
6000 8
6001 16
6002 75
6003 14
6004 8
6005 15
6006 9
6007 1
6008 3
6009 13
6010 12
6011 26
6012 6
6013 6
6014 1
6015 10
6016 37
6017 18
6018 11
6019 21
6020 153
6021 12
6022 27
6023 21
6024 8
6025 57
6026 6
6027 14
6028 46
6029 46
6030 73
6031 29
6032 6
6033 211
6034 16
6035 19
6036 21
6037 8
6038 22
6039 550
6040 9
6041 9
6042 17
6043 48
6044 2
6045 33
6046 31
6047 11
6048 3
6049 8
6050 4
6051 16
6052 7
6053 4
6054 62
6055 7
6056 129
6057 62
6058 515
6059 11
6060 8
6061 42
6062 18
6063 12
6064 5
6065 30
6066 5
6067 29
6068 4
6069 15
6070 7
6071 176
6072 13
6073 1
6074 7
6075 26
6076 37
6077 83
6078 3
6079 100
6080 24
6081 18
6082 22
6083 6
6084 580
6085 365
6086 172
6087 177
6088 24
6089 289
6090 182
6091 141
6092 4
6093 6
6094 19
6095 175
6096 8
6097 36
6098 27
6099 33
6100 111
6101 159
6102 136
6103 43
6104 14
6105 9
6106 359
6107 10
6108 5
6109 44
6110 5
6111 34
6112 121
6113 5
6114 4
6115 4
6116 42
6117 1
6118 19
6119 17
6120 69
6121 16
6122 24
6123 5
6124 15
6125 62
6126 55
6127 25
6128 14
6129 113
6130 4
6131 3
6132 138
6133 6
6134 17
6135 70
6136 10
6137 15
6138 38
6139 25
6140 9
6141 49
6142 13
6143 23
6144 6
6145 8
6146 70
6147 52
6148 106
6149 15
6150 5
6151 6
6152 44
6153 61
6154 5
6155 3
6156 13
6157 40
6158 4
6159 10
6160 165
6161 57
6162 6
6163 39
6164 91
6165 17
6166 5
6167 5
6168 25
6169 89
6170 4
6171 13
6172 15
6173 35
6174 40
6175 9
6176 37
6177 22
6178 4
6179 4
6180 5
6181 1017
6182 23
6183 20
6184 72
6185 6
6186 21
6187 8
6188 26
6189 6
6190 13
6191 29
6192 9
6193 6
6194 10
6195 6
6196 17
6197 15
6198 12
6199 2
6200 10
6201 11
6202 19
6203 9
6204 84
6205 5
6206 25
6207 4
6208 17
6209 22
6210 19
6211 18
6212 27
6213 7
6214 5
6215 51
6216 264
6217 48
6218 4
6219 84
6220 6
6221 8
6222 8
6223 31
6224 14
6225 20
6226 65
6227 76
6228 81
6229 28
6230 1
6231 6
6232 12
6233 16
6234 25
6235 112
6236 24
6237 18
6238 15
6239 6
6240 4
6241 7
6242 219
6243 7
6244 9
6245 138
6246 24
6247 67
6248 65
6249 103
6250 18
6251 4
6252 12
6253 22
6254 179
6255 2
6256 32
6257 17
6258 15
6259 21
6260 117
6261 17
6262 172
6263 216
6264 9
6265 39
6266 56
6267 10
6268 52
6269 16
6270 12
6271 10
6272 42
6273 120
6274 104
6275 164
6276 4
6277 125
6278 291
6279 140
6280 25
6281 9
6282 36
6283 6
6284 63
6285 11
6286 21
6287 8
6288 31
6289 72
6290 24
6291 31
6292 33
6293 125
6294 45
6295 3
6296 5
6297 65
6298 26
6299 61
6300 253
6301 14
6302 134
6303 118
6304 4
6305 20
6306 84
6307 113
6308 12
6309 38
6310 11
6311 21
6312 103
6313 307
6314 5
6315 7
6316 84
6317 13
6318 82
6319 353
6320 122
6321 13
6322 442
6323 15
6324 4
6325 6
6326 26
6327 6
6328 50
6329 5
6330 108
6331 18
6332 55
6333 11
6334 80
6335 23
6336 109
6337 54
6338 4
6339 55
6340 19
6341 9
6342 53
6343 3
6344 28
6345 150
6346 10
6347 6
6348 52
6349 4
6350 3
6351 168
6352 52
6353 2
6354 16
6355 45
6356 5
6357 52
6358 20
6359 115
6360 3
6361 5
6362 115
6363 15
6364 11
6365 630
6366 26
6367 7
6368 2
6369 15
6370 12
6371 16
6372 121
6373 3
6374 158
6375 18
6376 10
6377 98
6378 42
6379 239
6380 50
6381 9
6382 31
6383 10
6384 5
6385 437
6386 45
6387 11
6388 21
6389 20
6390 33
6391 7
6392 32
6393 1
6394 7
6395 62
6396 8
6397 10
6398 12
6399 48
6400 53
6401 150
6402 12
6403 3
6404 20
6405 3
6406 15
6407 387
6408 25
6409 145
6410 13
6411 30
6412 148
6413 68
6414 67
6415 42
6416 11
6417 27
6418 61
6419 7
6420 3
6421 55
6422 77
6423 153
6424 7
6425 35
6426 26
6427 173
6428 11
6429 25
6430 3
6431 110
6432 40
6433 406
6434 52
6435 96
6436 15
6437 29
6438 288
6439 12
6440 6
6441 5
6442 6
6443 5
6444 456
6445 32
6446 16
6447 66
6448 296
6449 131
6450 35
6451 60
6452 85
6453 25
6454 66
6455 111
6456 12
6457 32
6458 58
6459 65
6460 8
6461 532
6462 49
6463 119
6464 55
6465 33
6466 10
6467 18
6468 12
6469 12
6470 19
6471 15
6472 34
6473 15
6474 379
6475 2
6476 4
6477 67
6478 13
6479 349
6480 32
6481 23
6482 105
6483 220
6484 57
6485 129
6486 10
6487 10
6488 3
6489 28
6490 82
6491 197
6492 28
6493 21
6494 82
6495 26
6496 9
6497 11
6498 8
6499 9
6500 10
6501 21
6502 24
6503 66
6504 6
6505 518
6506 24
6507 152
6508 27
6509 84
6510 48
6511 14
6512 18
6513 3
6514 29
6515 36
6516 346
6517 26
6518 422
6519 91
6520 12
6521 12
6522 84
6523 3
6524 13
6525 27
6526 35
6527 10
6528 24
6529 5
6530 6
6531 234
6532 776
6533 32
6534 55
6535 4
6536 6
6537 72
6538 30
6539 37
6540 106
6541 17
6542 244
6543 116
6544 14
6545 6
6546 24
6547 8
6548 15
6549 1
6550 122
6551 26
6552 19
6553 418
6554 39
6555 4
6556 41
6557 20
6558 9
6559 7
6560 3
6561 59
6562 128
6563 7
6564 7
6565 3
6566 29
6567 39
6568 15
6569 26
6570 3
6571 10
6572 5
6573 12
6574 29
6575 46
6576 17
6577 10
6578 103
6579 63
6580 8
6581 14
6582 9
6583 2
6584 70
6585 32
6586 13
6587 134
6588 10
6589 119
6590 57
6591 145
6592 215
6593 208
6594 42
6595 21
6596 3
6597 57
6598 31
6599 10
6600 65
6601 164
6602 4
6603 19
6604 71
6605 19
6606 100
6607 10
6608 58
6609 3
6610 3
6611 20
6612 17
6613 24
6614 9
6615 15
6616 26
6617 7
6618 59
6619 88
6620 146
6621 68
6622 290
6623 42
6624 37
6625 42
6626 6
6627 93
6628 329
6629 7
6630 6
6631 47
6632 91
6633 19
6634 6
6635 7
6636 276
6637 8
6638 6
6639 10
6640 91
6641 17
6642 1
6643 9
6644 35
6645 403
6646 48
6647 43
6648 18
6649 87
6650 249
6651 634
6652 210
6653 93
6654 5
6655 47
6656 253
6657 36
6658 35
6659 36
6660 6
6661 5
6662 6
6663 107
6664 49
6665 4
6666 9
6667 75
6668 14
6669 17
6670 15
6671 84
6672 5
6673 50
6674 30
6675 149
6676 7
6677 522
6678 330
6679 15
6680 7
6681 34
6682 27
6683 55
6684 80
6685 36
6686 40
6687 19
6688 104
6689 266
6690 7
6691 4
6692 91
6693 31
6694 7
6695 7
6696 15
6697 4
6698 7
6699 17
6700 143
6701 5
6702 15
6703 2
6704 139
6705 10
6706 5
6707 11
6708 122
6709 32
6710 5
6711 12
6712 1021
6713 12
6714 15
6715 13
6716 28
6717 18
6718 38
6719 60
6720 22
6721 47
6722 9
6723 192
6724 51
6725 15
6726 4
6727 20
6728 44
6729 36
6730 2
6731 68
6732 3
6733 29
6734 50
6735 25
6736 17
6737 18
6738 14
6739 16
6740 4
6741 37
6742 14
6743 18
6744 30
6745 4
6746 14
6747 12
6748 34
6749 15
6750 25
6751 5
6752 94
6753 23
6754 85
6755 4
6756 12
6757 4
6758 18
6759 29
6760 16
6761 257
6762 8
6763 4
6764 5
6765 10
6766 30
6767 32
6768 2
6769 16
6770 10
6771 9
6772 258
6773 4
6774 11
6775 13
6776 9
6777 33
6778 49
6779 12
6780 6
6781 4
6782 10
6783 13
6784 12
6785 28
6786 12
6787 657
6788 158
6789 6
6790 28
6791 122
6792 15
6793 69
6794 88
6795 179
6796 20
6797 298
6798 3
6799 39
6800 4
6801 36
6802 55
6803 90
6804 26
6805 37
6806 44
6807 311
6808 7
6809 75
6810 17
6811 15
6812 54
6813 110
6814 12
6815 32
6816 17
6817 9
6818 134
6819 16
6820 17
6821 16
6822 52
6823 49
6824 10
6825 4
6826 42
6827 5
6828 91
6829 15
6830 4
6831 19
6832 105
6833 32
6834 143
6835 4
6836 9
6837 9
6838 3
6839 58
6840 7
6841 38
6842 6
6843 12
6844 36
6845 5
6846 55
6847 21
6848 139
6849 24
6850 42
6851 15
