0 179
1 22
2 88
3 92
4 121
5 82
6 35
7 138
8 144
9 120
10 141
11 127
12 9
13 23
14 107
15 116
16 59
17 113
18 32
19 70
20 88
21 24
22 39
23 77
24 97
25 18
26 10
27 62
28 6
29 44
30 16
31 59
32 20
33 26
34 82
35 20
36 140
37 15
38 25
39 9
40 38
41 26
42 109
43 2
44 94
45 27
46 128
47 80
48 13
49 46
50 18
51 2
52 6
53 7
54 24
55 143
56 34
57 69
58 12
59 41
60 18
61 12
62 6
63 14
64 50
65 2
66 34
67 8
68 38
69 55
70 56
71 14
72 65
73 2
74 58
75 30
76 34
77 2
78 2
79 42
80 87
81 60
82 16
83 26
84 2
85 4
86 10
87 54
88 121
89 91
90 16
91 19
92 70
93 16
94 34
95 20
96 2
97 25
98 97
99 80
100 105
101 49
102 280
103 12
104 24
105 34
106 6
107 10
108 6
109 22
110 68
111 4
112 42
113 449
114 234
115 83
116 64
117 72
118 122
119 170
120 3
121 18
122 9
123 24
124 114
125 104
126 68
127 18
128 84
129 106
130 92
131 11
132 24
133 123
134 135
135 6
136 18
137 44
138 15
139 12
140 17
141 11
142 8
143 58
144 176
145 79
146 8
147 114
148 33
149 21
150 19
151 12
152 6
153 17
154 8
155 72
156 19
157 6
158 18
159 37
160 14
161 52
162 125
163 14
164 63
165 120
166 137
167 53
168 67
169 78
170 9
171 3
172 4
173 13
174 11
175 13
176 6
177 14
178 18
179 10
180 10
181 4
182 12
183 2
184 10
185 29
186 80
187 49
188 27
189 12
190 14
191 100
192 76
193 40
194 32
195 21
196 11
197 10
198 27
199 19
200 60
201 110
202 22
203 102
204 22
205 110
206 14
207 79
208 86
209 48
210 34
211 6
212 37
213 25
214 28
215 21
216 42
217 30
218 48
219 20
220 67
221 20
222 20
223 22
224 57
225 10
226 29
227 18
228 36
229 50
230 29
231 6
232 19
233 54
234 23
235 10
236 10
237 12
238 14
239 8
240 14
241 12
242 42
243 14
244 28
245 1
246 3
247 6
248 2
249 8
250 2
251 16
252 2
253 2
254 34
255 4
256 26
257 48
258 12
259 18
260 14
261 14
262 20
263 24
264 28
265 38
266 10
267 28
268 14
269 33
270 20
271 35
272 36
273 14
274 21
275 26
276 8
277 18
278 13
279 10
280 44
281 48
282 24
283 25
284 12
285 4
286 6
287 15
288 21
289 18
290 31
291 4
292 8
293 20
294 10
295 12
296 16
297 20
298 24
299 24
300 2
301 43
302 2
303 35
304 23
305 17
306 8
307 24
308 35
309 12
310 18
311 14
312 2
313 61
314 16
315 8
316 14
317 8
318 8
319 2
320 24
321 18
322 6
323 50
324 22
325 8
326 10
327 10
328 19
329 26
330 24
331 12
332 16
333 12
334 16
335 5
336 38
337 6
338 29
339 6
340 4
341 16
342 21
343 12
344 16
345 2
346 18
347 6
348 39
349 10
350 6
351 30
352 22
353 20
354 14
355 12
356 14
357 10
358 25
359 5
360 21
361 4
362 16
363 29
364 38
365 18
366 18
367 2
368 2
369 8
370 4
371 12
372 8
373 8
374 10
375 4
376 4
377 20
378 4
379 6
380 40
381 24
382 26
383 34
384 20
385 16
386 4
387 28
388 16
389 2
390 12
391 35
392 12
393 72
394 28
395 23
396 8
397 10
398 10
399 8
400 2
401 6
402 25
403 4
404 2
405 19
406 8
407 19
408 6
409 31
410 31
411 29
412 25
413 12
414 23
415 32
416 12
417 26
418 6
419 12
420 3
421 24
422 16
423 2
424 10
425 6
426 21
427 19
428 20
429 38
430 18
431 10
432 4
433 24
434 4
435 14
436 16
437 28
438 10
439 24
440 24
441 20
442 16
443 8
444 12
445 22
446 24
447 18
448 4
449 18
450 14
451 20
452 4
453 24
454 16
455 14
456 16
457 12
458 14
459 4
460 24
461 20
462 14
463 6
464 18
465 22
466 18
467 14
468 4
469 7
470 12
471 25
472 2
473 15
474 14
475 13
476 22
477 12
478 16
479 24
480 10
481 4
482 8
483 13
484 8
485 18
486 20
487 22
488 22
489 6
490 6
491 6
492 16
493 12
494 16
495 21
496 20
497 22
498 8
499 18
