13326719 2 42 49 56
18010025 47
44016343 11
11548 75
117675 94
2600891 60
16793897 34
3090834 10 57
18727430 32
835782 38 56
956375 56
36964584 42 88
36787545 1 7 64 69 72
26625961 9
2180828 86
881282 75
54300548 59
58071058 87
27184573 10
19624856 20 76 88
68263002 3 10 72 74
40296147 8
847100 10
22713668 47 59
326575 5
559241 20 46
56905 15 36 46 47 55 80
10610786 42
401654 41
26674344 10
12655314 38 97
23418636 47
491722 11 42 64
14565482 42
7611485 47
62830729 10 88
69591132 75
6886479 46 47
33054001 5 88
20003922 9 10 22 35 89
30941724 86
8443785 86
1748958 61
78003054 42 59
17328980 47
35146598 88
14091340 40
30637940 25
72188644 24 72
993380 29
10414636 75
3346 11
31524350 16 69
5979222 20
21898612 47
8163 5 14 47 91
17933632 59
25784042 56
32671120 38
11269496 20 47
33913959 0
3437299 15 20 46 55
7862131 9 11 47 71
12973072 32
313288 46
15454975 92
52256562 47
2251146 88
39963309 56
16955216 88
343678 5 42 46 55
12244467 3
19274133 9 56
6971358 47 69
12065 10 11 15 36 42
28845160 10
229885 72
23972239 56
19676862 47
8045419 28
6600875 29
3809586 10 11 15 42 46 55 80
26983334 46
6221086 59
9024999 76 88
83256656 42
58071225 56
374 8
28617606 88
1413164 69 92
43606005 22
36621546 44 97
300241 4 9 11 14
6263996 10 15 42 46 47 59
4513524 20 80
5724948 47
5559502 69
18144352 47
24230705 30
14655319 47
1041468 10 11 15 36 42 46 47 80 92
98331381 14
32160614 10 18
153493 60 80
14825296 47
22742053 3 10 17 34 42 44 57 70 72 81
1099548 46
57291 32
61040032 56
3484351 52
24680099 37
20953650 28
176 46
16865825 47
2051 75
1536954 43
9953916 15 46 47 68
23698921 47
18537646 0 2 88
2039778 10 47
12329919 31 39
43157549 88
20507844 59
4235146 14
19935551 47
66115189 5
41934068 36
16306210 74
13860036 39
9284243 15 42 47
36524488 22
14721677 36
6631844 47
63273 2 55 72
16347673 39
79419972 68
695452 47
29257408 17
29049670 10
42692205 42
454825 59
70272430 22 72
3359 86
7530419 23 27 92
28920624 24
18420081 47
2282842 87
11203119 16
1934227 88
17914609 75
11217217 75
35608560 5 74
24943107 46
53289240 3 17 72 74
8715 15 46 47 55 69 91
42533142 43
24942291 72 88
13748715 74 83 87
15108509 47
64543679 23 24
30576005 72
18768371 10
49965450 5
924736 75
16748068 88
42800749 43
70034991 10 72
23350293 47
18054893 47
10046115 47
34203973 22
10202619 32 42
7595677 88
388 31 75
33993855 22 27
10420579 90
638050 57
17151750 47 92
2137961 45
40142391 75
19770 56
33468739 88
17699310 47 58
22104192 56
16330638 31
11768663 76
52449121 72 75
34072502 64
259 68 75
74100 27 33 50 54 61 62 80
250 5 10 11 15 42 46 55
17833018 47
23294824 39
13094124 5 40
44856739 88
12338650 20 99 47 59
8371427 46
30610292 92
634552 44
40693256 59
6970476 47
17704462 11 87
21245022 16
6140500 11 76 88
15494746 40
16652013 59
23568161 83
12065534 46 47
2700573 5
23637723 3
28615597 75
16292535 42
19708991 47 69
5027158 5 9 15 98 36 46 55 61
23304496 10
64873726 46
40520383 88
52557389 3 17 22 57 70 72 74 97
28551727 9 11 22 36 66 74 89 95
12754909 47
35142949 69
84204021 22
39873171 65
18424378 15 42 47 59
40784 88
49069650 10
807 29 60
27038667 10 11
55623462 32
33938434 69
10186 14
23820213 6 22
24226428 30
43882751 14 65
27059963 10
43791433 75 88
32169030 10
56131042 56
26323878 69
49510 75 87
660457 40
56 2 14 18 27 33 40 41 50 54 90
48930 24 68 75 93
33217169 70
8849498 71
38265510 81
10916742 42 87
359911 10
28658784 10
21396707 22
6516 88
37893653 45
13100788 65
95143256 24 72
6968868 44
54725864 56
32581846 5 10
10545129 20 47
13580681 45
60556804 69 72
439285 69
6208990 46
20430641 22
25126334 68
12883846 47
31281892 17 20
21785703 47
31968 86
64980878 0 3 7 10 57 64 70 72
64753819 37
43444 47
31239704 88
29504521 59
57837 10
42794 80
24622695 42
35830923 75 87
1666499 91
6904 20 32
17308995 47 57
36464432 35 53
4869095 65
74005614 64 66 72 89
10051186 47
37938407 71
16755758 74 94
10173 33 54
14771487 72
17307892 20 88
9199 11 15 36 42 46 47 55
11902059 69
37566234 46
37617644 56
7248168 42
18496184 56
22108446 10 88
46053087 5
22360637 56
218434 75
60140141 0 3 10 64 70 81 89
817 38
119238 56
13218420 47
54384231 89
33078588 3
32754081 64
6726778 3
23328006 47
40616711 5
34732382 46
53280908 4
56676771 5
52937328 32
23032497 69
6048891 47 69 71
20979746 3 10 11 17
51221821 10
16072378 47
23041357 47
50670410 8
2699897 47
90323190 34 64 72 75
145717 14 57
17142930 47
52353780 5
995173 11 23 46 69 92
13132537 42 88
207831 10
27971192 17 75
22072549 47
58208 32
17605931 70
30698831 53
29850167 56
38358012 75
17774145 99 59
64915591 72 88
2225587 76
56866769 15 31 47 55 68
46391596 81
4252164 45
26612359 66
55616410 75
9152133 47
63828933 32
6727044 36
14830562 47
10056 56
53326850 32
140878 42
12087360 72
19099601 47
7631200 42
26284064 56 72
45743656 9 56
74682016 59
51263136 69
3938162 36
4796057 11 15 46 55 80
25997323 46
27737110 72
3796 11
4980 93
29349169 5
13559341 47
28560020 39
38306835 81
87403989 62
27033745 45
1713145 56
226056 59
1235453 11 15 20
47218327 24
291951 15 20 46 55
12906 56
2353553 59
167937 46
1206152 46
2241875 47
10933209 3 16 72
46789042 90
129412 20 46 55 69
798 56
27 34
2089898 10
3678155 5
43350645 14 88
26326157 10
74099769 88
25604655 11
16011437 10
38331877 42
11278372 42
7916859 16
516 75
339767 72
22557448 47
5613734 47 75
11081461 88
971699 37
58770829 5 32
39545549 24 31 81 88
786158 62
5940718 11 88
28542288 16
98093993 10 64 66 70 72 74 89 97
6498004 69
14650304 47
40696878 20
71428278 10
27331843 23
18274024 47
2478142 11 46
60308 10
10471718 39
31780673 48
2368321 86
25 9
32872901 69
1273675 51
68471567 99
21435992 75
2402894 88
1201225 83
2682332 41 77
11571896 72
1508481 45
30838025 31
41876 46
11462611 22 52 53 64 89
26567649 56
34352731 22
30238125 22 69
464074 20 75 83
23390361 56
51126635 69
40243513 55
73920686 42
8973338 64
100448870 75 87
26919587 65
35502680 89
456237 5 34 36 44 60
40144103 69
90973635 57
48592127 50
46074 59
7184198 42
60450 57
30067066 64 69
9576 70 83
1201915 31
23941010 10
23442230 81
16318499 47
54033089 46 81
29990678 61
68218830 10 64 66 72 74 88 89 97
54530077 5 42
304925 15 42 44 55
39073572 26
2091411 15 42 46 80
47823180 3
21168682 10
23167904 47
26 63 91
5801427 42
42956080 14
58231415 88
702839 39
35318914 29
11283939 11 20 88
12908334 17
685187 59
16513568 20 47 59
710053 66 83
76468595 59
3948856 45
31626313 88
636 67
89023 10 11 15 42 47 55 69 80
16864555 14
137760 10 11 15 20 46 55
17335976 5
4377 42 47
33258470 32
21782002 10
34883517 10 81 88
32871847 88
2898741 47 93
19635864 99 47 69
8960075 47
708996 45
82197743 46
62354583 28
1233932 21
35683765 7 87
17318405 98 44
7773 38
16454699 38
27570362 75
57311413 10 72
38594695 42
20894983 62 75
558802 60
36256527 40
11679652 42 87
2267962 59
861537 69
40180261 14
19816263 11 20 22 83
36586077 46
8999834 99
606161 61
44241745 56
28819922 48
86810 91
25652728 99
77988045 14
32603038 55
71741545 10 42 72 76
100854 40 66 70
10819 59
15559582 88
75 32
6683387 5 36 42 46 47 55 59
25003531 48
1503168 44
6508 5 56
52346600 47 81
104224126 10 24 64 72
20191714 48
76088560 10
21435877 10
49466225 25
28524639 10 23
43187100 40
41199309 56
46891492 10
50773057 64 71
4059 42 46
34096377 55
16317357 47
912 11 91
25597480 10
45941918 28
84299 8 31 45
23693861 56 61
41004550 56
842 44 56
11007530 59
39538039 59
13453258 99 47 92
8030023 6
17580429 47
54683761 37
2389183 47
31352326 59
21448929 52
14076224 36 47
957689 5
1584125 10
36370675 89
1392397 59
202651 46 69
15282086 9 15 98 42 47 55 59 80
14727573 11
49849615 0 3 7 10 72 89
33148745 5
4623644 32
79568 93
33737722 0 7 10 64 72 88
20299403 87
156782 38
23038 59
16606557 47
30108655 66
2786175 10 15
3772759 52
35933019 1 15 24 34 36 59
19552815 10
1390433 90
489 60
35169624 10 72 88
12031704 99
653578 59
41245103 35
670335 11
1751376 10 46
72357221 20 42 55 80 93
14282666 42 47 59 92
17228 31
75325 75
37696771 20 75
20844846 76
52066671 11 43 88 92
57607828 15
38815615 70
2846583 11 46 69 80 92
27952753 47
28177709 93
25205856 43
3676 4 46
4551 20 46 91
50916994 20
15152413 9 10
42295799 56
10890802 47
18352107 47
1971825 90
128753 83
16289816 56
71337789 35
29287308 44
13741576 64
49429736 7 75
33343894 47
30913680 32
1047611 17 83
26680240 46
46265914 88
3450 13
78218 14 23 98
20878405 2
17970496 47
67940544 14 92
35979824 10
27726363 56
77319 46
45069589 75
43933222 22
42637878 88
125323 15
320379 14 33
11750210 59
27315475 56
25380626 10 56 72
21596037 47
28575732 56
38746748 56
19724711 11 83
1336451 46 58 69
407002 70
28446 46 69 91
155954 10
41554252 56
32277870 0 7 10 36 64 72 81 88
12191739 88
89 35
51754188 88
27895065 5
7304400 88
25901021 38 56
39981749 64 69
8426 38
6118982 11
15108470 86
27154626 10 58
31549978 40
13849986 20 76 88
46090161 88
12739279 88
14392085 61
318936 25
10227805 8 56
13080565 22 61
15230192 66
55378623 24 88
37677782 40
2341720 75
4137 67
14866310 46
47897949 57
31733986 56
17252918 88
30062798 9
4042 58
45912936 37
23705146 10
10613 93
25752 92
41616797 69
46712 87
41101320 42 88
8340830 14 33
33460301 32
34959094 10
11507831 83
52298374 56
57217 56
5037 4 69
13323 68
9230379 42
7608696 59
1878 56
8158519 92 93
5520194 59
20458507 52
716722 36
49819226 31
9113990 47
71374161 47
1566053 10
37231453 30
34662672 32
8945 81
93587968 86
42223439 45
35323770 30
8370895 88
9517345 56 86
173891 10
9498128 9 10 15 47
9708217 47
86252957 61
10429985 20 46
33288425 88
51812807 42
15855891 56
63 3
6778441 46
2128244 14
17901362 47
41185226 22 61 72
417060 23 58
35453503 69
43639514 2 5
58560136 46
15956248 38
35157161 62
43882028 46 50
38621951 78
21573937 47
242817 15
40709983 56
1267 9 23
8258 15 20 42 47 55 69
27059851 10
23109295 5 10 42 81
6219601 47 88
7108339 40 62
242652 10 11 15 23 46 55 80 92
40527789 32
11677623 39
524993 3
6582296 43
43517580 10 70 72
12139392 9 10 15 99 36 46 47 55 80
19546487 22
848845 62
182896 98
11308335 90
32223654 59
26047394 42 75 88
6100713 10
315 10 15 36 42 46 47 55
13122073 42
4738229 99 47
25362950 48
57403678 15 16 17 55 69
126406 72
16513036 20 42 47 55 59
2496837 59
18249708 10 88
3967885 71
56926808 40
36831577 59
89648995 75
1567285 98 42
1136859 61
10414916 37 42
73982897 47
8810488 59
27136800 10 22 39 89
34100726 69
9892340 75
98920964 24 45
7239664 47
38191902 21
12969918 31 91
30496554 17
27823606 88
31778585 46
15953460 83
6563062 11 15 98 42 55 59 69 80
4682 35
67991642 72
2322270 57
231210 52
8710148 9 47 71
35043897 65
20868929 10
49065210 27 31 47 50
23361078 10
6834595 37 42
40388305 97
20972439 71
898 67
48455539 56
33280930 40
9291063 14
23209329 47
75348244 46
39585228 99
252591 75
68519692 56
27098092 10
82339873 15 46
762 38 47
79042454 43
38496818 89
4610057 88
4304577 10 11 15 98 42 46 55 80
6073628 47
1140233 46
43462544 10 72
21985 42 75 87
23702661 10
20202 57 60 92
298621 70 87
5502303 9 10 69
80588489 83
34891421 42
4945681 47 88
52630202 3 10 22 34 44 49 57 70 72 73 89
376600 75
43052530 15 87
151000 11 15 42 46 55 69 80
43165524 29
58770928 88
466815 98
22229 10 15 42 47 69 80 92
11770 56
2295629 22
11445015 56
16122499 42
73993 87 89
96759519 5 15 36 55
5704 56
3737019 31 47
1215239 11 17
8671041 46
4039171 61
55533849 64 88
18954214 56
9441985 56
43259665 42 88
41126705 3
800544 61
78239825 62
42496831 88
1159695 75
37154532 5
13151887 69
24086381 43
87396564 34 64
45491419 17
30911023 59
30371336 56
30712025 52
60836770 59
44345464 5
54799175 57
25674481 69
71533306 56
26117 54 75 90
32992653 42
29464166 5
43149268 42
40700944 43 88
9063838 9 11 15 46 61 80
31022965 14 40
16446087 5 11 15 20 98 42 47 59 69 80
4772 61
4581 67
34689126 3
3601189 14
1336442 69
9974975 15 99 46 47 59 61
12607615 5 45
50950293 87
20648916 8
711 5 91
22222639 92
10249245 10
26438876 30
46674907 81
2258789 10 47 68 92
1863630 53
68744177 75
283124 11 14 23 46 80 92
8614887 46
20535 86
4326 11 57 60 75
67635883 3
40923474 72
25951817 32
1018417 88
1928975 86
19020508 20 80
20169232 3 10
56385830 72
40680 10
11141453 10
1244 33
55476622 3 4 7 70
16285728 11
158047 98
34914911 16 93
34779149 10
4213422 46 55 80 92
38906049 88
10829597 2
37988240 45
29468395 97
20007607 92
10423272 22 88
34957872 3
33276697 3
21401443 2 7 10 89
4285598 10
28737231 40
28108165 56
2063666 94
4881754 47 89
74286 17 57
379767 11 80
22055 73
37948240 97
8116149 10
32759 56 88
744205 57
422149 46
10121713 20
44647041 42
19703812 88
9117 88
2052322 42 92
60929052 60
20176100 48 58
6039 47 90
35524891 88
253502 40
41658003 56
75816042 87
20716903 65
21937875 32 47
38504341 35 75
9528501 56
44934832 10
31275926 22 88
77434579 20
11823021 22
29640359 5
25207919 3
28473842 81
25289420 56
27469 47 80
120914 52
24931353 42
7250 66
4409099 15 42 46 47 59
202773 55 91 92
700 91
42113600 3 28
34129360 49
20342578 70
4728516 40
18379091 47
257857 15 46
4071361 47
23700182 47
586 75
1222378 46 69
12996 15 17 24 42 47
11665721 88
733752 5 15 42 46 47 59
5768235 35
22174554 47
36361982 75
52920027 39
532520 37 42 75
23402051 5 10
17740473 47
34499332 10
41226040 42 88
17426650 47 58
40241778 39 75
18527031 10 67
33091449 88
34079523 11 43 88
22413328 47
27019642 28
11235 47
4291887 47
16812541 42
11480580 47
168111 70
55 3 10 14
1902673 47
5297100 29
17484306 11 88
15940073 47 80
3961281 64
29175030 15 46
755 70
9893 88
39236499 10
50621 14 23
70154 42
26517977 88
9093006 9 10 47
351665 88
82476651 25
36283224 44
9072377 10
63946356 80
16006187 98 56
8187184 20
35277521 61
592412 46 59
22743153 56
2907090 46 61
49054859 22
8623907 47
4573103 83 88
18867957 38
31081152 42
76709587 52
601624 57
595820 44
80900341 39
29354345 88
55903572 42
412747 69
21380046 10
12252747 88
9963715 46 47
327201 10
49063005 56
21572207 47
181221 37
58924612 59
10386956 86
64223815 69
2165384 2
798041 6
39949065 72
43011722 32 65
59829810 64
7223788 47
1229601 46 47 75
94085140 20
30318830 56
4058873 20
5027532 45
5437 56
2315987 10
22736114 10 22 43 64 70 73 75 89 93
15148385 98 47 59
23356494 88
736 56
77050362 20
1513304 42
52811981 69
79473592 57
20786632 32
12090783 20
34777837 10 56
1392957 10 61 72
44057096 56
15106510 10
289753 14
861576 57
211984 5 15 36 47 55
16986287 10
328898 88
2475205 55
56785962 3 72 81
11700343 47 58
68625102 75
43251403 71
1099616 69 88
248268 46
28859693 21
25678227 2 22
51106511 15 17 57
7667106 47
35691604 74
45757863 87
10069907 86
19418369 29
30683033 87
15755767 59
39664770 44
21798810 47
9272686 90
33780182 11 57 64
72924755 40
28490858 56
71718434 42
18750533 31
18100582 47
57466174 20
9471494 58 71
20172268 89
39387529 47
33501295 88
2497 61
13827627 47
54034301 88
2269683 59
9999939 22 29 34 44 57 78 87
30767675 10 14
170898 56
24341507 33
7393 31
14497873 88
10214986 86
4804 14 40 55 69
34245535 22
19716522 52
12314782 99
12390 39 81
17975248 0 88
32333672 99
39482285 2
329107 42 75
49107082 22
37777824 42 88
43799913 39 88
20811498 99 55
102635 42
7270 75
13142894 56
31319658 10
7275 42
47610596 56
18401298 47
167451 15 36 42 44 47 55 75
40368555 5
8023848 9 47 61
20954489 22
379354 92
58269 56
2159595 45
7995 56
4522954 5 46 59
36047276 88
18493580 47
11881588 45
38182092 80
78676 75
56210743 64
69573177 36
41757 46 50
35982622 97
1290856 42
27532693 2 3 10 72
44848088 56
22011395 47
728 22
16202769 56
20894 70
186593 14
7877668 92
30266386 10
1019652 10
4885380 55
1684344 59
5772000 47 69
13037415 72
43896571 81
225666 72
