70 81 0.0212765957447
5 46 0.01
25 31 0.0119047619048
94 66 0.0104166666667
44 36 0.0126582278481
93 0 0.0102040816327
0 29 0.0238095238095
27 58 0.0833333333333
7 79 0.0416666666667
72 0 0.0102040816327
8 17 0.015873015873
0 87 0.010989010989
14 80 0.0181818181818
7 1 0.0769230769231
69 9 0.0161290322581
5 24 0.0102040816327
89 73 0.5
67 0 0.0102040816327
3 19 0.027027027027
9 4 0.016393442623
66 94 0.00990099009901
44 11 0.0114942528736
0 97 0.047619047619
23 7 0.0142857142857
92 46 0.01
62 0 0.0102040816327
24 68 0.0188679245283
3 70 0.0208333333333
0 54 0.0666666666667
98 79 0.0416666666667
0 70 0.0208333333333
41 0 0.0102040816327
70 36 0.0126582278481
19 68 0.0188679245283
18 7 0.0142857142857
24 14 0.010989010989
10 97 0.047619047619
0 64 0.0357142857143
36 0 0.0102040816327
79 19 0.027027027027
98 24 0.0102040816327
21 27 0.0175438596491
7 24 0.0102040816327
34 9 0.0161290322581
86 0 0.0102040816327
11 20 0.0105263157895
10 87 0.010989010989
80 61 0.0714285714286
94 74 0.00574712643678
31 0 0.0102040816327
93 24 0.0102040816327
0 21 0.0434782608696
29 7 0.0142857142857
42 37 0.0243902439024
71 67 0.0454545454545
91 3 0.0208333333333
14 18 0.0555555555556
27 50 0.0555555555556
70 7 0.0142857142857
33 27 0.0175438596491
25 45 0.037037037037
17 55 0.0102040816327
3 81 0.0212765957447
59 36 0.0126582278481
9 70 0.0208333333333
0 47 0.0144927536232
5 0 0.0102040816327
89 81 0.0212765957447
24 55 0.0102040816327
46 14 0.010989010989
44 3 0.0208333333333
0 25 0.0434782608696
41 11 0.0114942528736
40 21 0.0434782608696
94 83 0.0133333333333
46 99 0.02
2 29 0.0238095238095
4 36 0.0126582278481
1 89 0.0114942528736
0 14 0.010989010989
99 4 0.016393442623
36 70 0.0208333333333
20 10 0.010989010989
66 60 0.0151515151515
8 98 0.0131578947368
0 88 0.00377358490566
57 10 0.010989010989
36 8 0.0135135135135
92 5 0.0238095238095
15 10 0.010989010989
41 54 0.0666666666667
2 45 0.037037037037
10 95 0.04
3 34 0.0169491525424
9 27 0.0175438596491
14 89 0.0114942528736
72 70 0.0208333333333
31 55 0.0102040816327
3 89 0.0114942528736
2 50 0.0555555555556
87 89 0.0114942528736
0 39 0.0384615384615
36 47 0.0144927536232
90 29 0.0238095238095
0 69 0.0285714285714
82 7 0.0142857142857
47 80 0.0181818181818
0 96 0.2
80 20 0.0105263157895
2 72 0.0212765957447
45 55 0.0102040816327
20 69 0.0285714285714
70 94 0.00990099009901
76 9 0.0161290322581
17 8 0.0135135135135
95 0 0.0102040816327
0 6 0.0555555555556
7 23 0.0113636363636
14 3 0.0208333333333
74 0 0.0102040816327
73 89 0.0114942528736
0 80 0.0181818181818
7 8 0.0135135135135
91 89 0.0114942528736
90 2 0.0222222222222
69 0 0.0102040816327
55 45 0.037037037037
64 3 0.0208333333333
54 21 0.0434782608696
24 40 0.0232558139535
9 3 0.0208333333333
44 12 0.0833333333333
23 14 0.010989010989
29 23 0.0113636363636
15 36 0.0126582278481
99 45 0.037037037037
48 0 0.0102040816327
27 2 0.0222222222222
34 98 0.0131578947368
76 94 0.00990099009901
89 14 0.010989010989
3 44 0.0192307692308
46 80 0.0181818181818
2 10 0.010989010989
44 70 0.0208333333333
8 9 0.0161290322581
0 63 0.0714285714286
43 0 0.0102040816327
29 45 0.037037037037
14 40 0.0232558139535
24 7 0.0142857142857
46 19 0.027027027027
38 0 0.0102040816327
0 73 0.5
79 10 0.010989010989
98 1 0.0769230769231
34 14 0.010989010989
74 66 0.0104166666667
54 2 0.0222222222222
47 55 0.0102040816327
17 0 0.0102040816327
24 92 0.0196078431373
0 30 0.047619047619
29 14 0.010989010989
50 29 0.0238095238095
14 11 0.0114942528736
33 2 0.0222222222222
88 72 0.0212765957447
12 0 0.0102040816327
55 19 0.027027027027
4 46 0.01
0 17 0.015873015873
0 40 0.0232558139535
7 0 0.0102040816327
69 8 0.0135135135135
4 80 0.0181818181818
89 72 0.0212765957447
88 63 0.0714285714286
10 79 0.0416666666667
9 11 0.0114942528736
8 92 0.0196078431373
44 4 0.016393442623
40 46 0.01
20 57 0.0172413793103
89 22 0.0285714285714
81 8 0.0135135135135
48 99 0.02
0 15 0.0128205128205
0 55 0.0102040816327
97 10 0.010989010989
7 97 0.047619047619
20 3 0.0208333333333
55 10 0.010989010989
4 55 0.0102040816327
88 30 0.047619047619
24 15 0.0128205128205
46 38 0.0434782608696
2 88 0.00377358490566
0 65 0.2
36 1 0.0769230769231
79 18 0.0555555555556
49 27 0.0175438596491
92 14 0.010989010989
7 27 0.0175438596491
40 13 0.0384615384615
19 17 0.015873015873
72 95 0.04
0 22 0.0285714285714
40 55 0.0102040816327
7 70 0.0208333333333
55 2 0.0222222222222
10 1 0.0769230769231
66 10 0.010989010989
45 8 0.0135135135135
54 41 0.0555555555556
9 69 0.0285714285714
0 32 0.037037037037
57 34 0.0169491525424
18 10 0.010989010989
98 56 0.0116279069767
80 29 0.0238095238095
46 15 0.0128205128205
66 87 0.010989010989
56 42 0.00819672131148
42 5 0.0238095238095
14 24 0.0102040816327
27 18 0.0555555555556
88 81 0.0212765957447
81 0 0.0102040816327
74 83 0.0133333333333
70 57 0.0172413793103
99 7 0.0142857142857
7 89 0.0114942528736
34 72 0.0212765957447
20 11 0.0114942528736
76 0 0.0102040816327
89 36 0.0126582278481
0 89 0.0114942528736
19 79 0.0416666666667
24 23 0.0113636363636
2 80 0.0181818181818
45 31 0.0119047619048
9 44 0.0192307692308
30 26 0.047619047619
7 19 0.027027027027
69 7 0.0142857142857
90 0 0.0102040816327
54 18 0.0555555555556
71 0 0.0102040816327
50 0 0.0102040816327
99 36 0.0126582278481
14 27 0.0175438596491
55 99 0.02
45 0 0.0102040816327
72 49 0.0434782608696
87 88 0.00377358490566
0 56 0.0116279069767
23 92 0.0196078431373
10 69 0.0285714285714
89 88 0.00377358490566
11 44 0.0192307692308
24 0 0.0102040816327
98 3 0.0208333333333
3 2 0.0222222222222
95 89 0.0114942528736
11 15 0.0128205128205
69 46 0.01
88 89 0.0114942528736
47 46 0.01
17 15 0.0128205128205
60 26 0.047619047619
94 88 0.00377358490566
2 18 0.0555555555556
50 25 0.0434782608696
0 7 0.0142857142857
57 75 0.010989010989
14 0 0.0102040816327
7 81 0.0212765957447
19 87 0.010989010989
2 40 0.0232558139535
0 81 0.0212765957447
49 11 0.0114942528736
69 15 0.0128205128205
85 0 0.0102040816327
82 29 0.0238095238095
24 4 0.016393442623
68 67 0.0454545454545
81 89 0.0114942528736
80 46 0.01
9 2 0.0222222222222
1 36 0.0126582278481
23 9 0.0161290322581
92 80 0.0181818181818
99 44 0.0192307692308
34 99 0.02
67 68 0.0188679245283
3 64 0.0357142857143
72 57 0.0172413793103
0 48 0.0333333333333
14 41 0.0555555555556
83 66 0.0104166666667
20 4 0.016393442623
11 36 0.0126582278481
24 8 0.0135135135135
53 52 0.25
25 3 0.0208333333333
3 10 0.010989010989
9 35 0.0333333333333
0 74 0.00574712643678
29 98 0.0131578947368
72 88 0.00377358490566
57 83 0.0133333333333
29 13 0.0384615384615
42 59 0.0232558139535
99 55 0.0102040816327
69 92 0.0196078431373
74 9 0.0161290322581
59 46 0.01
10 9 0.0161290322581
0 10 0.010989010989
72 2 0.0222222222222
87 75 0.010989010989
0 41 0.0555555555556
36 57 0.0172413793103
21 50 0.0555555555556
64 0 0.0102040816327
55 36 0.0126582278481
89 79 0.0416666666667
88 0 0.0102040816327
46 4 0.016393442623
10 0 0.0102040816327
9 10 0.010989010989
4 44 0.0192307692308
15 47 0.0144927536232
74 10 0.010989010989
83 0 0.0102040816327
69 61 0.0714285714286
18 79 0.0416666666667
4 14 0.010989010989
11 98 0.0131578947368
10 57 0.0172413793103
2 3 0.0208333333333
31 45 0.037037037037
64 7 0.0142857142857
79 70 0.0208333333333
0 8 0.0135135135135
78 0 0.0102040816327
83 74 0.00574712643678
34 49 0.0434782608696
55 5 0.0238095238095
11 92 0.0196078431373
2 89 0.0114942528736
14 33 0.047619047619
0 66 0.0104166666667
57 0 0.0102040816327
79 29 0.0238095238095
40 29 0.0238095238095
2 44 0.0192307692308
34 7 0.0142857142857
70 79 0.0416666666667
40 14 0.010989010989
55 80 0.0181818181818
54 27 0.0175438596491
52 0 0.0102040816327
87 9 0.0161290322581
4 23 0.0113636363636
47 0 0.0102040816327
15 24 0.0102040816327
3 83 0.0133333333333
72 10 0.010989010989
3 13 0.0384615384615
0 33 0.047619047619
26 0 0.0102040816327
82 13 0.0384615384615
33 90 0.0666666666667
89 87 0.010989010989
17 99 0.02
9 34 0.0169491525424
15 55 0.0102040816327
27 21 0.0434782608696
40 23 0.0113636363636
97 75 0.010989010989
62 14 0.010989010989
89 29 0.0238095238095
81 7 0.0142857142857
2 27 0.0175438596491
57 66 0.0104166666667
98 69 0.0285714285714
41 14 0.010989010989
46 47 0.0144927536232
2 81 0.0212765957447
72 19 0.027027027027
0 90 0.0666666666667
36 10 0.010989010989
92 7 0.0142857142857
15 20 0.0105263157895
21 33 0.047619047619
7 18 0.0555555555556
6 89 0.0114942528736
4 98 0.0131578947368
88 49 0.0434782608696
11 14 0.010989010989
80 55 0.0102040816327
40 7 0.0142857142857
26 66 0.0104166666667
74 57 0.0172413793103
3 91 0.05
31 60 0.0151515151515
44 72 0.0212765957447
9 76 0.0204081632653
64 8 0.0135135135135
0 57 0.0172413793103
99 17 0.015873015873
98 49 0.0434782608696
19 0 0.0102040816327
90 27 0.0175438596491
11 47 0.0144927536232
46 20 0.0105263157895
2 70 0.0208333333333
90 33 0.047619047619
13 18 0.0555555555556
95 10 0.010989010989
19 3 0.0208333333333
74 88 0.00377358490566
72 81 0.0212765957447
8 34 0.0169491525424
0 24 0.0102040816327
57 74 0.00574712643678
70 10 0.010989010989
7 80 0.0181818181818
3 98 0.0131578947368
46 55 0.0102040816327
2 41 0.0555555555556
0 82 0.1
7 10 0.010989010989
55 47 0.0144927536232
89 70 0.0208333333333
81 88 0.00377358490566
80 47 0.0144927536232
27 4 0.016393442623
70 2 0.0222222222222
33 41 0.0555555555556
75 97 0.047619047619
54 33 0.047619047619
67 71 0.0322580645161
4 7 0.0142857142857
87 83 0.0133333333333
8 11 0.0114942528736
0 49 0.0434782608696
14 46 0.01
80 14 0.010989010989
13 40 0.0232558139535
0 75 0.010989010989
7 29 0.0238095238095
19 11 0.0114942528736
5 36 0.0126582278481
54 0 0.0102040816327
74 64 0.0357142857143
72 89 0.0114942528736
50 14 0.010989010989
0 16 0.030303030303
56 5 0.0238095238095
42 56 0.0116279069767
71 68 0.0188679245283
35 9 0.0161290322581
14 9 0.0161290322581
40 49 0.0434782608696
7 72 0.0212765957447
33 0 0.0102040816327
11 68 0.0188679245283
10 7 0.0142857142857
2 33 0.047619047619
72 3 0.0208333333333
87 74 0.00574712643678
8 20 0.0105263157895
64 57 0.0172413793103
0 42 0.00819672131148
49 2 0.0222222222222
92 23 0.0113636363636
7 2 0.0222222222222
83 57 0.0172413793103
3 20 0.0105263157895
98 34 0.0169491525424
46 5 0.0238095238095
14 92 0.0196078431373
23 0 0.0102040816327
60 66 0.0104166666667
83 3 0.0208333333333
28 0 0.0102040816327
2 0 0.0102040816327
0 9 0.0161290322581
99 1 0.0769230769231
36 89 0.0114942528736
15 69 0.0285714285714
14 54 0.0666666666667
69 98 0.0131578947368
7 99 0.02
55 4 0.016393442623
18 2 0.0222222222222
9 42 0.00819672131148
95 72 0.0212765957447
0 67 0.0454545454545
57 7 0.0142857142857
92 8 0.0135135135135
76 88 0.00377358490566
13 2 0.0222222222222
57 3 0.0208333333333
3 63 0.0714285714286
74 72 0.0212765957447
7 64 0.0357142857143
25 50 0.0555555555556
22 89 0.0114942528736
79 9 0.0161290322581
0 34 0.0169491525424
29 90 0.0666666666667
36 34 0.0169491525424
32 20 0.0105263157895
81 72 0.0212765957447
9 49 0.0434782608696
24 93 0.0333333333333
79 7 0.0142857142857
7 44 0.0192307692308
0 1 0.0769230769231
91 63 0.0714285714286
14 62 0.0526315789474
15 46 0.01
34 70 0.0208333333333
19 81 0.0212765957447
74 7 0.0142857142857
10 20 0.0105263157895
16 15 0.0128205128205
45 29 0.0238095238095
36 11 0.0114942528736
92 0 0.0102040816327
4 99 0.02
47 42 0.00819672131148
66 72 0.0212765957447
47 11 0.0114942528736
66 0 0.0102040816327
0 58 0.0833333333333
29 82 0.1
63 9 0.0161290322581
32 44 0.0192307692308
61 0 0.0102040816327
22 0 0.0102040816327
11 46 0.01
80 23 0.0113636363636
42 11 0.0114942528736
98 4 0.016393442623
89 6 0.0555555555556
7 36 0.0126582278481
25 27 0.0175438596491
74 89 0.0114942528736
72 34 0.0169491525424
0 2 0.0222222222222
57 64 0.0357142857143
79 81 0.0212765957447
66 26 0.047619047619
35 0 0.0102040816327
7 83 0.0133333333333
55 20 0.0105263157895
66 57 0.0172413793103
44 98 0.0131578947368
30 0 0.0102040816327
4 20 0.0105263157895
21 40 0.0232558139535
55 46 0.01
82 27 0.0175438596491
10 66 0.0104166666667
9 0 0.0102040816327
37 42 0.00819672131148
8 1 0.0769230769231
99 46 0.01
27 7 0.0142857142857
97 57 0.0172413793103
33 40 0.0232558139535
76 89 0.0114942528736
55 31 0.0119047619048
88 68 0.0188679245283
25 2 0.0222222222222
4 0 0.0102040816327
17 36 0.0126582278481
2 9 0.0161290322581
0 50 0.0555555555556
70 34 0.0169491525424
55 15 0.0128205128205
34 57 0.0172413793103
3 12 0.0833333333333
0 76 0.0204081632653
23 40 0.0232558139535
36 4 0.016393442623
16 0 0.0102040816327
69 20 0.0105263157895
0 85 0.333333333333
11 16 0.030303030303
40 0 0.0102040816327
94 70 0.0208333333333
18 13 0.0384615384615
44 32 0.037037037037
79 89 0.0114942528736
70 3 0.0208333333333
12 3 0.0208333333333
68 24 0.0102040816327
19 55 0.0102040816327
30 8 0.0135135135135
0 43 0.0434782608696
36 59 0.0232558139535
34 44 0.0192307692308
88 2 0.0222222222222
11 49 0.0434782608696
10 74 0.00574712643678
46 10 0.010989010989
9 8 0.0135135135135
44 7 0.0142857142857
64 79 0.0416666666667
7 55 0.0102040816327
70 98 0.0131578947368
88 76 0.0204081632653
4 8 0.0135135135135
3 74 0.00574712643678
44 57 0.0172413793103
79 64 0.0357142857143
69 4 0.016393442623
49 34 0.0169491525424
14 55 0.0102040816327
27 41 0.0555555555556
7 98 0.0131578947368
55 7 0.0142857142857
19 72 0.0212765957447
65 0 0.0102040816327
80 7 0.0142857142857
36 17 0.015873015873
94 0 0.0102040816327
0 68 0.0188679245283
7 34 0.0169491525424
41 50 0.0555555555556
24 36 0.0126582278481
98 20 0.0105263157895
34 5 0.0238095238095
20 80 0.0181818181818
75 57 0.0172413793103
11 8 0.0135135135135
68 94 0.00990099009901
73 0 0.0102040816327
9 23 0.0113636363636
89 3 0.0208333333333
72 66 0.0104166666667
11 9 0.0161290322581
57 89 0.0114942528736
27 54 0.0666666666667
89 2 0.0222222222222
68 0 0.0102040816327
18 98 0.0131578947368
2 54 0.0666666666667
9 74 0.00574712643678
0 35 0.0333333333333
29 89 0.0114942528736
34 36 0.0126582278481
63 0 0.0102040816327
5 12 0.0833333333333
88 10 0.010989010989
11 41 0.0555555555556
80 16 0.030303030303
7 57 0.0172413793103
1 10 0.010989010989
72 97 0.047619047619
49 10 0.010989010989
56 45 0.037037037037
42 0 0.0102040816327
21 14 0.010989010989
17 20 0.0105263157895
34 19 0.027027027027
10 47 0.0144927536232
94 87 0.010989010989
2 25 0.0434782608696
44 49 0.0434782608696
37 0 0.0102040816327
79 72 0.0212765957447
27 33 0.047619047619
97 7 0.0142857142857
76 3 0.0208333333333
47 36 0.0126582278481
60 0 0.0102040816327
19 80 0.0181818181818
89 1 0.0769230769231
30 25 0.0434782608696
0 92 0.0196078431373
49 9 0.0161290322581
98 44 0.0192307692308
20 88 0.00377358490566
11 0 0.0102040816327
72 74 0.00574712643678
87 3 0.0208333333333
57 97 0.047619047619
29 27 0.0175438596491
27 14 0.010989010989
6 0 0.0102040816327
89 10 0.010989010989
47 10 0.010989010989
2 14 0.010989010989
64 10 0.010989010989
0 59 0.0232558139535
99 19 0.027027027027
22 2 0.0222222222222
41 27 0.0175438596491
27 88 0.00377358490566
9 16 0.030303030303
3 7 0.0142857142857
8 79 0.0416666666667
22 88 0.00377358490566
98 5 0.0238095238095
23 80 0.0181818181818
54 14 0.010989010989
3 49 0.0434782608696
74 70 0.0208333333333
8 36 0.0126582278481
75 87 0.010989010989
0 26 0.047619047619
57 72 0.0212765957447
29 50 0.0555555555556
99 48 0.0333333333333
36 74 0.00574712643678
49 82 0.1
14 7 0.0142857142857
69 81 0.0212765957447
7 82 0.1
33 14 0.010989010989
89 49 0.0434782608696
24 98 0.0131578947368
2 39 0.0384615384615
72 29 0.0238095238095
44 99 0.02
87 76 0.0204081632653
9 89 0.0114942528736
1 99 0.02
0 84 0.111111111111
29 72 0.0212765957447
98 36 0.0126582278481
79 97 0.047619047619
90 14 0.010989010989
19 34 0.0169491525424
44 8 0.0135135135135
64 72 0.0212765957447
13 29 0.0238095238095
42 17 0.015873015873
49 3 0.0208333333333
14 49 0.0434782608696
89 18 0.0555555555556
0 51 0.333333333333
57 55 0.0102040816327
7 3 0.0208333333333
20 7 0.0142857142857
10 70 0.0208333333333
75 93 0.0333333333333
13 82 0.1
26 30 0.047619047619
55 14 0.010989010989
10 98 0.0131578947368
80 0 0.0102040816327
2 92 0.0196078431373
0 77 0.0169491525424
36 5 0.0238095238095
49 29 0.0238095238095
98 29 0.0238095238095
7 31 0.0119047619048
97 89 0.0114942528736
82 49 0.0434782608696
5 34 0.0169491525424
75 0 0.0102040816327
15 0 0.0102040816327
11 19 0.027027027027
68 87 0.010989010989
61 98 0.0131578947368
3 57 0.0172413793103
31 7 0.0142857142857
64 97 0.047619047619
0 18 0.0555555555556
27 49 0.0434782608696
70 0 0.0102040816327
7 74 0.00574712643678
89 57 0.0172413793103
89 64 0.0357142857143
10 5 0.0238095238095
2 63 0.0714285714286
87 68 0.0188679245283
79 98 0.0131578947368
0 44 0.0192307692308
81 98 0.0131578947368
49 0 0.0102040816327
11 4 0.016393442623
89 76 0.0204081632653
46 11 0.0114942528736
23 24 0.0102040816327
0 31 0.0119047619048
50 41 0.0555555555556
8 64 0.0357142857143
44 0 0.0102040816327
87 19 0.027027027027
23 2 0.0222222222222
19 46 0.01
4 9 0.0161290322581
17 19 0.027027027027
74 87 0.010989010989
10 36 0.0126582278481
39 0 0.0102040816327
46 92 0.0196078431373
92 40 0.0232558139535
0 11 0.0114942528736
29 33 0.047619047619
98 72 0.0212765957447
27 40 0.0232558139535
40 92 0.0196078431373
20 15 0.0128205128205
10 15 0.0128205128205
18 0 0.0102040816327
40 24 0.0102040816327
46 42 0.00819672131148
16 9 0.0161290322581
95 74 0.00574712643678
13 0 0.0102040816327
70 66 0.0104166666667
5 42 0.00819672131148
18 54 0.0666666666667
27 29 0.0238095238095
50 2 0.0222222222222
87 10 0.010989010989
29 2 0.0222222222222
42 46 0.01
76 87 0.010989010989
14 23 0.0113636363636
27 9 0.0161290322581
20 46 0.01
88 74 0.00574712643678
17 42 0.00819672131148
46 69 0.0285714285714
2 55 0.0102040816327
8 30 0.047619047619
10 46 0.01
0 19 0.027027027027
0 36 0.0126582278481
36 44 0.0192307692308
63 3 0.0208333333333
55 57 0.0172413793103
5 11 0.0114942528736
88 11 0.0114942528736
80 17 0.015873015873
31 20 0.0105263157895
66 83 0.0133333333333
72 98 0.0131578947368
98 10 0.010989010989
89 7 0.0142857142857
61 69 0.0285714285714
97 72 0.0212765957447
3 72 0.0212765957447
62 13 0.0384615384615
89 98 0.0131578947368
74 95 0.04
10 44 0.0192307692308
95 7 0.0142857142857
2 22 0.0285714285714
72 44 0.0192307692308
66 89 0.0114942528736
0 3 0.0208333333333
98 64 0.0357142857143
49 89 0.0114942528736
83 87 0.010989010989
10 18 0.0555555555556
10 11 0.0114942528736
9 80 0.0181818181818
0 93 0.0333333333333
88 27 0.0175438596491
29 79 0.0416666666667
92 2 0.0222222222222
15 17 0.015873015873
97 0 0.0102040816327
49 44 0.0192307692308
68 71 0.0322580645161
10 88 0.00377358490566
2 98 0.0131578947368
8 81 0.0212765957447
44 17 0.015873015873
8 0 0.0102040816327
36 98 0.0131578947368
14 31 0.0119047619048
89 9 0.0161290322581
12 44 0.0192307692308
81 19 0.027027027027
74 36 0.0126582278481
57 36 0.0126582278481
0 60 0.0151515151515
29 80 0.0181818181818
82 0 0.0102040816327
81 70 0.0208333333333
80 9 0.0161290322581
9 63 0.0714285714286
42 9 0.0161290322581
98 2 0.0222222222222
77 0 0.0102040816327
40 2 0.0222222222222
97 64 0.0357142857143
19 4 0.016393442623
17 3 0.0208333333333
31 30 0.047619047619
50 21 0.0434782608696
98 61 0.0714285714286
88 22 0.0285714285714
30 88 0.00377358490566
0 27 0.0175438596491
29 49 0.0434782608696
56 0 0.0102040816327
49 81 0.0212765957447
14 4 0.016393442623
70 9 0.0161290322581
20 31 0.0119047619048
0 91 0.05
12 5 0.0238095238095
59 42 0.00819672131148
51 0 0.0102040816327
1 98 0.0131578947368
14 82 0.1
41 33 0.047619047619
21 54 0.0666666666667
11 42 0.00819672131148
7 4 0.016393442623
26 60 0.0151515151515
55 40 0.0232558139535
10 64 0.0357142857143
3 17 0.015873015873
46 0 0.0102040816327
66 64 0.0357142857143
3 0 0.0102040816327
44 9 0.0161290322581
81 79 0.0416666666667
27 25 0.0434782608696
88 70 0.0208333333333
25 0 0.0102040816327
80 92 0.0196078431373
72 79 0.0416666666667
3 68 0.0188679245283
2 7 0.0142857142857
3 25 0.0434782608696
0 52 0.25
29 40 0.0232558139535
49 40 0.0232558139535
41 2 0.0222222222222
20 0 0.0102040816327
17 80 0.0181818181818
11 88 0.00377358490566
3 14 0.010989010989
13 3 0.0208333333333
36 16 0.030303030303
0 78 0.5
98 8 0.0135135135135
94 68 0.0188679245283
44 34 0.0169491525424
8 45 0.037037037037
64 98 0.0131578947368
92 69 0.0285714285714
75 31 0.0119047619048
99 59 0.0232558139535
66 74 0.00574712643678
19 99 0.02
5 92 0.0196078431373
10 2 0.0222222222222
7 20 0.0105263157895
25 30 0.047619047619
0 45 0.037037037037
49 7 0.0142857142857
87 0 0.0102040816327
14 90 0.0666666666667
89 83 0.0133333333333
10 72 0.0212765957447
46 8 0.0135135135135
9 14 0.010989010989
72 64 0.0357142857143
23 29 0.0238095238095
71 38 0.0434782608696
7 49 0.0434782608696
81 3 0.0208333333333
16 80 0.0181818181818
38 71 0.0322580645161
0 23 0.0113636363636
0 12 0.0833333333333
7 92 0.0196078431373
55 1 0.0769230769231
40 33 0.047619047619
5 99 0.02
11 80 0.0181818181818
16 10 0.010989010989
92 11 0.0114942528736
98 18 0.0555555555556
34 3 0.0208333333333
3 76 0.0204081632653
11 10 0.010989010989
68 88 0.00377358490566
10 81 0.0212765957447
94 76 0.0204081632653
31 14 0.010989010989
58 27 0.0175438596491
42 47 0.0144927536232
4 24 0.0102040816327
17 44 0.0192307692308
63 88 0.00377358490566
4 19 0.027027027027
3 87 0.010989010989
10 55 0.0102040816327
0 37 0.0243902439024
14 34 0.0169491525424
84 0 0.0102040816327
63 2 0.0222222222222
2 49 0.0434782608696
5 10 0.010989010989
4 69 0.0285714285714
89 91 0.05
1 8 0.0135135135135
33 21 0.0434782608696
64 89 0.0114942528736
79 0 0.0102040816327
8 4 0.016393442623
42 14 0.010989010989
98 11 0.0114942528736
49 98 0.0131578947368
70 88 0.00377358490566
40 27 0.0175438596491
97 79 0.0416666666667
89 97 0.047619047619
61 80 0.0181818181818
60 31 0.0119047619048
20 8 0.0135135135135
68 19 0.027027027027
52 53 0.25
2 23 0.0113636363636
58 0 0.0102040816327
0 4 0.016393442623
57 70 0.0208333333333
24 5 0.0238095238095
49 88 0.00377358490566
36 42 0.00819672131148
81 49 0.0434782608696
53 0 0.0102040816327
9 87 0.010989010989
30 31 0.0119047619048
0 94 0.00990099009901
15 16 0.030303030303
16 3 0.0208333333333
7 14 0.010989010989
32 0 0.0102040816327
89 66 0.0104166666667
10 89 0.0114942528736
36 99 0.02
27 0 0.0102040816327
18 27 0.0175438596491
20 55 0.0102040816327
36 24 0.0102040816327
4 27 0.0175438596491
8 7 0.0142857142857
0 61 0.0714285714286
56 98 0.0131578947368
14 42 0.00819672131148
27 90 0.0666666666667
89 95 0.04
18 14 0.010989010989
88 20 0.0105263157895
81 69 0.0285714285714
3 9 0.0161290322581
1 0 0.0102040816327
93 75 0.010989010989
79 8 0.0135135135135
13 14 0.010989010989
33 54 0.0666666666667
19 7 0.0142857142857
5 56 0.0116279069767
88 94 0.00990099009901
31 25 0.0434782608696
0 28 0.333333333333
10 49 0.0434782608696
98 89 0.0114942528736
83 94 0.00990099009901
55 17 0.015873015873
8 69 0.0285714285714
46 59 0.0232558139535
0 86 0.025
57 20 0.0105263157895
49 14 0.010989010989
11 5 0.0238095238095
34 10 0.010989010989
20 98 0.0131578947368
69 10 0.010989010989
89 74 0.00574712643678
3 16 0.030303030303
70 74 0.00574712643678
44 10 0.010989010989
23 4 0.016393442623
64 74 0.00574712643678
66 70 0.0208333333333
81 10 0.010989010989
4 3 0.0208333333333
21 0 0.0102040816327
0 53 0.25
59 0 0.0102040816327
14 50 0.0555555555556
27 82 0.1
55 8 0.0135135135135
80 2 0.0222222222222
2 90 0.0666666666667
0 79 0.0416666666667
36 7 0.0142857142857
34 8 0.0135135135135
70 72 0.0212765957447
96 0 0.0102040816327
19 15 0.0128205128205
98 7 0.0142857142857
7 69 0.0285714285714
8 46 0.01
0 20 0.0105263157895
42 36 0.0126582278481
98 81 0.0212765957447
49 72 0.0212765957447
91 0 0.0102040816327
14 13 0.0384615384615
8 44 0.0192307692308
20 32 0.037037037037
10 3 0.0208333333333
31 75 0.010989010989
72 7 0.0142857142857
3 4 0.016393442623
8 24 0.0102040816327
0 46 0.01
13 39 0.0384615384615
82 14 0.010989010989
46 9 0.0161290322581
1 55 0.0102040816327
44 2 0.0222222222222
33 29 0.0238095238095
64 66 0.0104166666667
89 0 0.0102040816327
18 89 0.0114942528736
83 7 0.0142857142857
5 55 0.0102040816327
81 2 0.0222222222222
4 11 0.0114942528736
10 34 0.0169491525424
39 2 0.0222222222222
3 79 0.0416666666667
8 55 0.0102040816327
39 13 0.0384615384615
0 13 0.0384615384615
99 5 0.0238095238095
98 70 0.0208333333333
7 95 0.04
55 0 0.0102040816327
5 98 0.0131578947368
46 40 0.0232558139535
16 11 0.0114942528736
9 46 0.01
0 71 0.0322580645161
36 15 0.0128205128205
15 11 0.0114942528736
34 0 0.0102040816327
13 62 0.0526315789474
0 62 0.0526315789474
38 46 0.01
59 99 0.02
29 0 0.0102040816327
99 34 0.0169491525424
14 21 0.0434782608696
63 91 0.05
68 3 0.0208333333333
47 15 0.0128205128205
45 2 0.0222222222222
87 94 0.00990099009901
9 79 0.0416666666667
0 38 0.0434782608696
80 19 0.027027027027
74 94 0.00990099009901
16 36 0.0126582278481
45 56 0.0116279069767
87 66 0.0104166666667
79 3 0.0208333333333
7 40 0.0232558139535
70 89 0.0114942528736
88 87 0.010989010989
0 83 0.0133333333333
80 4 0.016393442623
45 99 0.02
50 27 0.0175438596491
0 5 0.0238095238095
14 2 0.0222222222222
83 89 0.0114942528736
92 24 0.0102040816327
20 17 0.015873015873
55 24 0.0102040816327
74 3 0.0208333333333
80 11 0.0114942528736
10 16 0.030303030303
45 25 0.0434782608696
0 95 0.04
36 55 0.0102040816327
74 2 0.0222222222222
15 19 0.027027027027
2 74 0.00574712643678
14 29 0.0238095238095
68 11 0.0114942528736
2 13 0.0384615384615
57 44 0.0192307692308
70 44 0.0192307692308
1 7 0.0142857142857
0 72 0.0212765957447
