0 1
1 0
0 2
2 0
0 3
3 0
0 4
4 0
0 5
5 0
0 6
6 0
0 7
7 0
0 8
8 0
0 9
9 0
0 10
10 0
0 11
11 0
0 12
12 0
0 13
13 0
0 14
14 0
0 15
15 0
0 16
16 0
0 17
17 0
0 18
18 0
0 19
19 0
0 20
20 0
0 21
21 0
0 22
22 0
0 23
23 0
0 24
24 0
0 25
25 0
0 26
26 0
0 27
27 0
0 28
28 0
0 29
29 0
0 30
30 0
0 31
31 0
0 32
32 0
0 33
33 0
0 34
34 0
0 35
35 0
0 36
36 0
0 37
37 0
0 38
38 0
0 39
39 0
0 40
40 0
0 41
41 0
0 42
42 0
0 43
43 0
0 44
44 0
0 45
45 0
0 46
46 0
0 47
47 0
0 48
48 0
0 49
49 0
0 50
50 0
0 51
51 0
0 52
52 0
0 53
53 0
0 54
54 0
0 55
55 0
0 56
56 0
0 57
57 0
0 58
58 0
0 59
59 0
0 60
60 0
0 61
61 0
0 62
62 0
0 63
63 0
0 64
64 0
0 65
65 0
0 66
66 0
0 67
67 0
0 68
68 0
0 69
69 0
0 70
70 0
0 71
71 0
0 72
72 0
0 73
73 0
0 74
74 0
0 75
75 0
0 76
76 0
0 77
77 0
0 78
78 0
0 79
79 0
0 80
80 0
0 81
81 0
0 82
82 0
0 83
83 0
0 84
84 0
0 85
85 0
0 86
86 0
0 87
87 0
0 88
88 0
0 89
89 0
0 90
90 0
0 91
91 0
0 92
92 0
0 93
93 0
0 94
94 0
0 95
95 0
0 96
96 0
0 97
97 0
1 0
0 1
1 7
7 1
1 8
8 1
1 10
10 1
1 98
98 1
1 99
99 1
1 36
36 1
1 55
55 1
1 89
89 1
2 0
0 2
2 3
3 2
2 7
7 2
2 9
9 2
2 10
10 2
2 13
13 2
2 14
14 2
2 18
18 2
2 22
22 2
2 23
23 2
2 25
25 2
2 27
27 2
2 98
98 2
2 29
29 2
2 33
33 2
2 39
39 2
2 40
40 2
2 41
41 2
2 44
44 2
2 45
45 2
2 49
49 2
2 50
50 2
2 54
54 2
2 55
55 2
2 63
63 2
2 70
70 2
2 72
72 2
2 74
74 2
2 80
80 2
2 81
81 2
2 88
88 2
2 89
89 2
2 90
90 2
2 92
92 2
3 2
2 3
3 4
4 3
3 7
7 3
3 9
9 3
3 10
10 3
3 12
12 3
3 13
13 3
3 14
14 3
3 16
16 3
3 17
17 3
3 19
19 3
3 20
20 3
3 25
25 3
3 98
98 3
3 34
34 3
3 44
44 3
3 49
49 3
3 57
57 3
3 63
63 3
3 64
64 3
3 68
68 3
3 70
70 3
3 72
72 3
3 74
74 3
3 76
76 3
3 79
79 3
3 81
81 3
3 83
83 3
3 87
87 3
3 89
89 3
3 91
91 3
4 0
0 4
4 3
3 4
4 7
7 4
4 8
8 4
4 9
9 4
4 11
11 4
4 14
14 4
4 19
19 4
4 20
20 4
4 23
23 4
4 24
24 4
4 27
27 4
4 98
98 4
4 99
99 4
4 36
36 4
4 44
44 4
4 46
46 4
4 55
55 4
4 69
69 4
4 80
80 4
5 0
0 5
5 10
10 5
5 11
11 5
5 12
12 5
5 24
24 5
5 98
98 5
5 34
34 5
5 99
99 5
5 36
36 5
5 42
42 5
5 46
46 5
5 55
55 5
5 56
56 5
5 92
92 5
6 0
0 6
6 89
89 6
7 1
1 7
7 2
2 7
7 3
3 7
7 4
4 7
7 8
8 7
7 10
10 7
7 14
14 7
7 18
18 7
7 19
19 7
7 20
20 7
7 23
23 7
7 24
24 7
7 27
27 7
7 98
98 7
7 29
29 7
7 31
31 7
7 34
34 7
7 99
99 7
7 36
36 7
7 40
40 7
7 44
44 7
7 49
49 7
7 55
55 7
7 57
57 7
7 64
64 7
7 69
69 7
7 70
70 7
7 72
72 7
7 74
74 7
7 79
79 7
7 80
80 7
7 81
81 7
7 82
82 7
7 83
83 7
7 89
89 7
7 92
92 7
7 95
95 7
7 97
97 7
8 4
4 8
8 9
9 8
8 11
11 8
8 17
17 8
8 20
20 8
8 24
24 8
8 98
98 8
8 30
30 8
8 34
34 8
8 36
36 8
8 44
44 8
8 45
45 8
8 46
46 8
8 55
55 8
8 64
64 8
8 69
69 8
8 79
79 8
8 81
81 8
8 92
92 8
9 0
0 9
9 2
2 9
9 3
3 9
9 4
4 9
9 8
8 9
9 10
10 9
9 11
11 9
9 14
14 9
9 16
16 9
9 23
23 9
9 27
27 9
9 34
34 9
9 35
35 9
9 42
42 9
9 44
44 9
9 46
46 9
9 49
49 9
9 63
63 9
9 69
69 9
9 70
70 9
9 74
74 9
9 76
76 9
9 79
79 9
9 80
80 9
9 87
87 9
9 89
89 9
10 1
1 10
10 3
3 10
10 5
5 10
10 7
7 10
10 9
9 10
10 11
11 10
10 15
15 10
10 16
16 10
10 18
18 10
10 20
20 10
10 98
98 10
10 34
34 10
10 36
36 10
10 44
44 10
10 46
46 10
10 47
47 10
10 49
49 10
10 55
55 10
10 57
57 10
10 64
64 10
10 66
66 10
10 69
69 10
10 70
70 10
10 72
72 10
10 74
74 10
10 79
79 10
10 81
81 10
10 87
87 10
10 88
88 10
10 89
89 10
10 95
95 10
10 97
97 10
11 4
4 11
11 5
5 11
11 8
8 11
11 9
9 11
11 10
10 11
11 14
14 11
11 15
15 11
11 16
16 11
11 19
19 11
11 20
20 11
11 98
98 11
11 36
36 11
11 41
41 11
11 42
42 11
11 44
44 11
11 46
46 11
11 47
47 11
11 49
49 11
11 68
68 11
11 80
80 11
11 88
88 11
11 92
92 11
12 0
0 12
12 3
3 12
13 0
0 13
13 2
2 13
13 3
3 13
13 14
14 13
13 18
18 13
13 29
29 13
13 39
39 13
13 40
40 13
13 62
62 13
13 82
82 13
14 2
2 14
14 3
3 14
14 4
4 14
14 7
7 14
14 9
9 14
14 11
11 14
14 13
13 14
14 18
18 14
14 21
21 14
14 23
23 14
14 24
24 14
14 27
27 14
14 29
29 14
14 31
31 14
14 33
33 14
14 34
34 14
14 40
40 14
14 41
41 14
14 42
42 14
14 46
46 14
14 49
49 14
14 50
50 14
14 54
54 14
14 55
55 14
14 62
62 14
14 80
80 14
14 82
82 14
14 89
89 14
14 90
90 14
14 92
92 14
15 0
0 15
15 10
10 15
15 11
11 15
15 16
16 15
15 17
17 15
15 19
19 15
15 20
20 15
15 24
24 15
15 36
36 15
15 46
46 15
15 47
47 15
15 55
55 15
15 69
69 15
16 0
0 16
16 3
3 16
16 9
9 16
16 10
10 16
16 11
11 16
16 15
15 16
16 36
36 16
16 80
80 16
17 0
0 17
17 3
3 17
17 8
8 17
17 15
15 17
17 19
19 17
17 20
20 17
17 99
99 17
17 36
36 17
17 42
42 17
17 44
44 17
17 55
55 17
17 80
80 17
18 0
0 18
18 2
2 18
18 7
7 18
18 10
10 18
18 13
13 18
18 14
14 18
18 27
27 18
18 98
98 18
18 54
54 18
18 79
79 18
18 89
89 18
19 0
0 19
19 3
3 19
19 4
4 19
19 7
7 19
19 11
11 19
19 15
15 19
19 17
17 19
19 34
34 19
19 99
99 19
19 46
46 19
19 55
55 19
19 68
68 19
19 72
72 19
19 79
79 19
19 80
80 19
19 81
81 19
19 87
87 19
20 0
0 20
20 3
3 20
20 4
4 20
20 7
7 20
20 8
8 20
20 10
10 20
20 11
11 20
20 15
15 20
20 17
17 20
20 98
98 20
20 31
31 20
20 32
32 20
20 46
46 20
20 55
55 20
20 57
57 20
20 69
69 20
20 80
80 20
20 88
88 20
21 0
0 21
21 14
14 21
21 27
27 21
21 33
33 21
21 40
40 21
21 50
50 21
21 54
54 21
22 0
0 22
22 2
2 22
22 88
88 22
22 89
89 22
23 0
0 23
23 2
2 23
23 4
4 23
23 7
7 23
23 9
9 23
23 14
14 23
23 24
24 23
23 29
29 23
23 40
40 23
23 80
80 23
23 92
92 23
24 0
0 24
24 4
4 24
24 5
5 24
24 7
7 24
24 8
8 24
24 14
14 24
24 15
15 24
24 23
23 24
24 98
98 24
24 36
36 24
24 40
40 24
24 55
55 24
24 68
68 24
24 92
92 24
24 93
93 24
25 0
0 25
25 2
2 25
25 3
3 25
25 27
27 25
25 30
30 25
25 31
31 25
25 45
45 25
25 50
50 25
26 0
0 26
26 30
30 26
26 60
60 26
26 66
66 26
27 0
0 27
27 2
2 27
27 4
4 27
27 7
7 27
27 9
9 27
27 14
14 27
27 18
18 27
27 21
21 27
27 25
25 27
27 29
29 27
27 33
33 27
27 40
40 27
27 41
41 27
27 49
49 27
27 50
50 27
27 54
54 27
27 58
58 27
27 82
82 27
27 88
88 27
27 90
90 27
28 0
0 28
98 1
1 98
98 2
2 98
98 3
3 98
98 4
4 98
98 5
5 98
98 7
7 98
98 8
8 98
98 10
10 98
98 11
11 98
98 18
18 98
98 20
20 98
98 24
24 98
98 34
34 98
98 36
36 98
98 44
44 98
98 49
49 98
98 56
56 98
98 61
61 98
98 64
64 98
98 69
69 98
98 70
70 98
98 72
72 98
98 79
79 98
98 81
81 98
98 89
89 98
29 0
0 29
29 2
2 29
29 7
7 29
29 13
13 29
29 14
14 29
29 23
23 29
29 27
27 29
29 98
98 29
29 33
33 29
29 40
40 29
29 45
45 29
29 49
49 29
29 50
50 29
29 72
72 29
29 79
79 29
29 80
80 29
29 82
82 29
29 89
89 29
29 90
90 29
30 0
0 30
30 8
8 30
30 25
25 30
30 26
26 30
30 31
31 30
30 88
88 30
31 0
0 31
31 7
7 31
31 14
14 31
31 20
20 31
31 25
25 31
31 30
30 31
31 45
45 31
31 55
55 31
31 60
60 31
31 75
75 31
32 0
0 32
32 20
20 32
32 44
44 32
33 0
0 33
33 2
2 33
33 14
14 33
33 21
21 33
33 27
27 33
33 29
29 33
33 40
40 33
33 41
41 33
33 54
54 33
33 90
90 33
34 0
0 34
34 3
3 34
34 5
5 34
34 7
7 34
34 8
8 34
34 9
9 34
34 10
10 34
34 14
14 34
34 19
19 34
34 98
98 34
34 99
99 34
34 36
36 34
34 44
44 34
34 49
49 34
34 57
57 34
34 70
70 34
34 72
72 34
35 0
0 35
35 9
9 35
99 1
1 99
99 4
4 99
99 5
5 99
99 7
7 99
99 17
17 99
99 19
19 99
99 34
34 99
99 36
36 99
99 44
44 99
99 45
45 99
99 46
46 99
99 48
48 99
99 55
55 99
99 59
59 99
36 0
0 36
36 1
1 36
36 4
4 36
36 5
5 36
36 7
7 36
36 8
8 36
36 10
10 36
36 11
11 36
36 15
15 36
36 16
16 36
36 17
17 36
36 24
24 36
36 98
98 36
36 34
34 36
36 99
99 36
36 42
42 36
36 44
44 36
36 47
47 36
36 55
55 36
36 57
57 36
36 59
59 36
36 70
70 36
36 74
74 36
36 89
89 36
37 42
42 37
38 46
46 38
38 71
71 38
39 2
2 39
39 13
13 39
40 0
0 40
40 2
2 40
40 7
7 40
40 13
13 40
40 14
14 40
40 21
21 40
40 23
23 40
40 24
24 40
40 27
27 40
40 29
29 40
40 33
33 40
40 46
46 40
40 49
49 40
40 55
55 40
40 92
92 40
41 0
0 41
41 2
2 41
41 11
11 41
41 14
14 41
41 27
27 41
41 33
33 41
41 50
50 41
41 54
54 41
42 5
5 42
42 9
9 42
42 11
11 42
42 14
14 42
42 17
17 42
42 36
36 42
42 37
37 42
42 46
46 42
42 47
47 42
42 56
56 42
42 59
59 42
43 0
0 43
44 0
0 44
44 2
2 44
44 3
3 44
44 4
4 44
44 7
7 44
44 8
8 44
44 9
9 44
44 10
10 44
44 11
11 44
44 12
12 44
44 17
17 44
44 98
98 44
44 32
32 44
44 34
34 44
44 99
99 44
44 36
36 44
44 49
49 44
44 57
57 44
44 70
70 44
44 72
72 44
45 2
2 45
45 8
8 45
45 25
25 45
45 29
29 45
45 31
31 45
45 99
99 45
45 55
55 45
45 56
56 45
46 0
0 46
46 4
4 46
46 5
5 46
46 8
8 46
46 9
9 46
46 10
10 46
46 11
11 46
46 14
14 46
46 15
15 46
46 19
19 46
46 20
20 46
46 99
99 46
46 38
38 46
46 40
40 46
46 42
42 46
46 47
47 46
46 55
55 46
46 59
59 46
46 69
69 46
46 80
80 46
46 92
92 46
47 10
10 47
47 11
11 47
47 15
15 47
47 36
36 47
47 42
42 47
47 46
46 47
47 55
55 47
47 80
80 47
48 0
0 48
48 99
99 48
49 0
0 49
49 2
2 49
49 3
3 49
49 7
7 49
49 9
9 49
49 10
10 49
49 11
11 49
49 14
14 49
49 27
27 49
49 98
98 49
49 29
29 49
49 34
34 49
49 40
40 49
49 44
44 49
49 72
72 49
49 81
81 49
49 82
82 49
49 88
88 49
49 89
89 49
50 0
0 50
50 2
2 50
50 14
14 50
50 21
21 50
50 25
25 50
50 27
27 50
50 29
29 50
50 41
41 50
51 0
0 51
52 0
0 52
52 53
53 52
53 52
52 53
54 0
0 54
54 2
2 54
54 14
14 54
54 18
18 54
54 21
21 54
54 27
27 54
54 33
33 54
54 41
41 54
55 0
0 55
55 1
1 55
55 2
2 55
55 4
4 55
55 5
5 55
55 7
7 55
55 8
8 55
55 10
10 55
55 14
14 55
55 15
15 55
55 17
17 55
55 19
19 55
55 20
20 55
55 24
24 55
55 31
31 55
55 99
99 55
55 36
36 55
55 40
40 55
55 45
45 55
55 46
46 55
55 47
47 55
55 57
57 55
55 80
80 55
56 0
0 56
56 5
5 56
56 98
98 56
56 42
42 56
56 45
45 56
57 0
0 57
57 3
3 57
57 7
7 57
57 10
10 57
57 20
20 57
57 34
34 57
57 36
36 57
57 44
44 57
57 55
55 57
57 64
64 57
57 66
66 57
57 70
70 57
57 72
72 57
57 74
74 57
57 75
75 57
57 83
83 57
57 89
89 57
57 97
97 57
58 0
0 58
58 27
27 58
59 0
0 59
59 99
99 59
59 36
36 59
59 42
42 59
59 46
46 59
60 0
0 60
60 26
26 60
60 31
31 60
60 66
66 60
61 0
0 61
61 98
98 61
61 69
69 61
61 80
80 61
62 0
0 62
62 13
13 62
62 14
14 62
63 0
0 63
63 2
2 63
63 3
3 63
63 9
9 63
63 88
88 63
63 91
91 63
64 0
0 64
64 3
3 64
64 7
7 64
64 8
8 64
64 10
10 64
64 98
98 64
64 57
57 64
64 66
66 64
64 72
72 64
64 74
74 64
64 79
79 64
64 89
89 64
64 97
97 64
65 0
0 65
66 0
0 66
66 10
10 66
66 26
26 66
66 57
57 66
66 60
60 66
66 64
64 66
66 70
70 66
66 72
72 66
66 74
74 66
66 83
83 66
66 87
87 66
66 89
89 66
66 94
94 66
67 0
0 67
67 68
68 67
67 71
71 67
68 0
0 68
68 3
3 68
68 11
11 68
68 19
19 68
68 24
24 68
68 67
67 68
68 71
71 68
68 87
87 68
68 88
88 68
68 94
94 68
69 0
0 69
69 4
4 69
69 7
7 69
69 8
8 69
69 9
9 69
69 10
10 69
69 15
15 69
69 20
20 69
69 98
98 69
69 46
46 69
69 61
61 69
69 81
81 69
69 92
92 69
70 0
0 70
70 2
2 70
70 3
3 70
70 7
7 70
70 9
9 70
70 10
10 70
70 98
98 70
70 34
34 70
70 36
36 70
70 44
44 70
70 57
57 70
70 66
66 70
70 72
72 70
70 74
74 70
70 79
79 70
70 81
81 70
70 88
88 70
70 89
89 70
70 94
94 70
71 0
0 71
71 38
38 71
71 67
67 71
71 68
68 71
72 0
0 72
72 2
2 72
72 3
3 72
72 7
7 72
72 10
10 72
72 19
19 72
72 98
98 72
72 29
29 72
72 34
34 72
72 44
44 72
72 49
49 72
72 57
57 72
72 64
64 72
72 66
66 72
72 70
70 72
72 74
74 72
72 79
79 72
72 81
81 72
72 88
88 72
72 89
89 72
72 95
95 72
72 97
97 72
74 0
0 74
74 2
2 74
74 3
3 74
74 7
7 74
74 9
9 74
74 10
10 74
74 36
36 74
74 57
57 74
74 64
64 74
74 66
66 74
74 70
70 74
74 72
72 74
74 83
83 74
74 87
87 74
74 88
88 74
74 89
89 74
74 94
94 74
74 95
95 74
75 0
0 75
75 31
31 75
75 57
57 75
75 87
87 75
75 93
93 75
75 97
97 75
76 0
0 76
76 3
3 76
76 9
9 76
76 87
87 76
76 88
88 76
76 89
89 76
76 94
94 76
77 0
0 77
78 0
0 78
79 0
0 79
79 3
3 79
79 7
7 79
79 8
8 79
79 9
9 79
79 10
10 79
79 18
18 79
79 19
19 79
79 98
98 79
79 29
29 79
79 64
64 79
79 70
70 79
79 72
72 79
79 81
81 79
79 89
89 79
79 97
97 79
80 2
2 80
80 4
4 80
80 7
7 80
80 9
9 80
80 11
11 80
80 14
14 80
80 16
16 80
80 17
17 80
80 19
19 80
80 20
20 80
80 23
23 80
80 29
29 80
80 46
46 80
80 47
47 80
80 55
55 80
80 61
61 80
80 92
92 80
81 0
0 81
81 2
2 81
81 3
3 81
81 7
7 81
81 8
8 81
81 10
10 81
81 19
19 81
81 98
98 81
81 49
49 81
81 69
69 81
81 70
70 81
81 72
72 81
81 79
79 81
81 88
88 81
81 89
89 81
82 0
0 82
82 7
7 82
82 13
13 82
82 14
14 82
82 27
27 82
82 29
29 82
82 49
49 82
83 0
0 83
83 3
3 83
83 7
7 83
83 57
57 83
83 66
66 83
83 74
74 83
83 87
87 83
83 89
89 83
83 94
94 83
84 0
0 84
85 0
0 85
86 0
0 86
87 0
0 87
87 3
3 87
87 9
9 87
87 10
10 87
87 19
19 87
87 66
66 87
87 68
68 87
87 74
74 87
87 75
75 87
87 76
76 87
87 83
83 87
87 88
88 87
87 89
89 87
87 94
94 87
88 0
0 88
88 2
2 88
88 10
10 88
88 11
11 88
88 20
20 88
88 22
22 88
88 27
27 88
88 30
30 88
88 49
49 88
88 63
63 88
88 68
68 88
88 70
70 88
88 72
72 88
88 74
74 88
88 76
76 88
88 81
81 88
88 87
87 88
88 89
89 88
88 94
94 88
89 0
0 89
89 1
1 89
89 2
2 89
89 3
3 89
89 6
6 89
89 7
7 89
89 9
9 89
89 10
10 89
89 14
14 89
89 18
18 89
89 22
22 89
89 98
98 89
89 29
29 89
89 36
36 89
89 49
49 89
89 57
57 89
89 64
64 89
89 66
66 89
89 70
70 89
89 72
72 89
89 73
73 89
89 74
74 89
89 76
76 89
89 79
79 89
89 81
81 89
89 83
83 89
89 87
87 89
89 88
88 89
89 91
91 89
89 95
95 89
89 97
97 89
90 14
14 90
90 27
27 90
90 29
29 90
90 33
33 90
91 0
0 91
91 3
3 91
91 63
63 91
91 89
89 91
92 0
0 92
92 2
2 92
92 5
5 92
92 7
7 92
92 8
8 92
92 11
11 92
92 14
14 92
92 23
23 92
92 24
24 92
92 40
40 92
92 46
46 92
92 69
69 92
92 80
80 92
93 0
0 93
93 24
24 93
93 75
75 93
94 0
0 94
94 66
66 94
94 68
68 94
94 70
70 94
94 74
74 94
94 76
76 94
94 83
83 94
94 87
87 94
94 88
88 94
95 0
0 95
95 7
7 95
95 10
10 95
95 72
72 95
95 74
74 95
95 89
89 95
96 0
0 96
97 0
0 97
97 7
7 97
97 10
10 97
97 57
57 97
97 64
64 97
97 72
72 97
97 75
75 97
97 79
79 97
97 89
89 97
