0 33913959 18537646 64980878 60140141 49849615 33737722 32277870 17975248
1 36787545 35933019
2 13326719 18537646 63273 56 20878405 43639514 10829597 21401443 2165384 25678227 39482285 27532693
3 68263002 12244467 22742053 53289240 23637723 52557389 64980878 60140141 33078588 6726778 20979746 10933209 47823180 49849615 63 524993 52630202 41126705 34689126 67635883 20169232 55476622 34957872 33276697 25207919 42113600 55 56785962 27532693
4 300241 53280908 3676 5037 55476622
5 326575 33054001 8163 343678 66115189 35608560 49965450 250 13094124 2700573 5027158 32581846 46053087 40616711 56676771 52353780 29349169 3678155 58770829 456237 54530077 17335976 6683387 6508 957689 33148745 27895065 43639514 23109295 96759519 37154532 44345464 29464166 16446087 12607615 711 29640359 733752 23402051 211984 40368555 4522954
6 23820213 8030023 798041
7 36787545 64980878 35683765 49849615 33737722 49429736 32277870 55476622 21401443
8 40296147 374 50670410 84299 10227805 20648916
9 26625961 20003922 7862131 19274133 300241 5027158 28551727 45743656 25 15282086 15152413 30062798 9498128 1267 12139392 8710148 5502303 9063838 9093006 8023848
10 3090834 27184573 68263002 847100 26674344 62830729 20003922 12065 28845160 3809586 6263996 1041468 32160614 22742053 2039778 29049670 18768371 70034991 250 23304496 49069650 27038667 27059963 32169030 359911 28658784 32581846 64980878 57837 22108446 60140141 20979746 51221821 207831 2089898 26326157 16011437 98093993 71428278 60308 23941010 68218830 21168682 89023 137760 21782002 34883517 57311413 71741545 104224126 76088560 21435877 28524639 46891492 25597480 1584125 49849615 33737722 2786175 19552815 35169624 1751376 15152413 35979824 25380626 155954 32277870 27154626 23705146 34959094 1566053 173891 9498128 27059851 23109295 242652 43517580 12139392 6100713 315 18249708 27136800 20868929 23361078 27098092 4304577 43462544 23702661 5502303 52630202 22229 10249245 2258789 20169232 40680 11141453 34779149 21401443 4285598 8116149 44934832 23402051 34499332 18527031 55 39236499 9093006 9072377 21380046 327201 2315987 22736114 34777837 1392957 15106510 16986287 30767675 31319658 27532693 30266386 1019652
11 44016343 491722 3346 7862131 12065 3809586 300241 1041468 250 17704462 6140500 28551727 27038667 9199 20979746 995173 4796057 3796 1235453 25604655 5940718 2478142 11283939 89023 137760 19816263 912 14727573 670335 52066671 2846583 19724711 6118982 242652 6563062 4304577 151000 1215239 9063838 16446087 283124 4326 16285728 379767 34079523 17484306 33780182
12 12678498
13 3450
14 8163 300241 98331381 4235146 10186 43882751 56 145717 43350645 42956080 16864555 40180261 77988045 78218 67940544 320379 8340830 2128244 9291063 31022965 3601189 283124 55 50621 289753 30767675 4804 186593
15 56905 3437299 12065 3809586 6263996 1041468 9953916 9284243 8715 250 5027158 18424378 9199 56866769 4796057 1235453 291951 304925 2091411 89023 137760 15282086 2786175 35933019 57607828 125323 9498128 242817 8258 242652 12139392 315 57403678 6563062 82339873 4304577 43052530 151000 22229 96759519 9063838 16446087 9974975 4409099 257857 12996 733752 29175030 211984 51106511 167451
16 31524350 11203119 21245022 10933209 7916859 28542288 57403678 34914911
17 22742053 29257408 53289240 52557389 31281892 20979746 27971192 12908334 1047611 57403678 30496554 1215239 45491419 74286 12996 51106511
18 32160614 56
19 662196
20 19624856 559241 5979222 11269496 3437299 4513524 12338650 10545129 31281892 6904 17307892 1235453 291951 129412 40696878 464074 11283939 16513568 137760 19816263 72357221 37696771 4551 50916994 13849986 10429985 8258 16513036 16446087 19020508 10121713 77434579 8187184 94085140 4058873 77050362 12090783 57466174
21 1233932 38191902 28859693
22 20003922 43606005 36524488 70272430 34203973 33993855 52557389 28551727 84204021 23820213 21396707 20430641 11462611 34352731 30238125 19816263 43933222 13080565 41185226 19546487 27136800 52630202 2295629 10423272 31275926 11823021 49054859 22736114 25678227 9999939 34245535 49107082 20954489 728
23 7530419 64543679 995173 27331843 28524639 78218 417060 1267 242652 283124 50621
24 72188644 28920624 64543679 48930 95143256 47218327 39545549 104224126 35933019 55378623 98920964 12996
25 30637940 49466225 318936 82476651
26 39073572
27 7530419 33993855 74100 56 49065210
28 8045419 20953650 62354583 45941918 42113600 27019642
29 993380 6600875 807 35318914 43165524 5297100 19418369 9999939
30 24230705 24226428 37231453 35323770 26438876
31 12329919 388 16330638 56866769 39545549 30838025 1201915 84299 17228 49819226 12969918 49065210 3737019 18750533 7393
32 18727430 12973072 57291 10202619 55623462 6904 52937328 58208 63828933 53326850 58770829 33258470 75 4623644 30913680 33460301 34662672 40527789 25951817 21937875 43011722 20786632
33 74100 56 10173 320379 8340830 1244 24341507
34 16793897 22742053 90323190 27 456237 35933019 52630202 87396564 9999939
35 20003922 36464432 41245103 71337789 89 4682 38504341 5768235
36 56905 12065 1041468 41934068 14721677 5027158 28551727 9199 6727044 3938162 456237 6683387 14076224 35933019 32277870 716722 12139392 315 96759519 211984 167451 69573177
37 24680099 64753819 971699 54683761 45912936 10414916 6834595 532520 181221
38 835782 12655314 32671120 817 7773 16454699 156782 25901021 8426 15956248 762 18867957
39 12329919 13860036 16347673 23294824 28560020 10471718 702839 11677623 27136800 52920027 40241778 80900341 12390 43799913
40 14091340 13094124 15494746 660457 56 36256527 100854 43187100 31549978 37677782 7108339 56926808 33280930 31022965 28737231 253502 4728516 72924755 4804
41 401654 56 2682332
42 13326719 36964584 10610786 491722 14565482 78003054 343678 12065 3809586 83256656 6263996 1041468 22742053 9284243 42692205 10202619 250 16292535 18424378 10916742 24622695 9199 7248168 13132537 140878 7631200 38331877 11278372 73920686 7184198 54530077 304925 2091411 5801427 89023 4377 38594695 11679652 71741545 6683387 4059 15282086 72357221 14282666 41101320 9230379 51812807 8258 23109295 26047394 315 13122073 16513036 1567285 10414916 6563062 6834595 4304577 21985 34891421 151000 22229 16122499 43259665 32992653 43149268 16446087 44647041 2052322 24931353 4409099 12996 733752 532520 41226040 16812541 70154 31081152 55903572 1513304 71718434 329107 37777824 102635 7275 167451 1290856
43 1536954 42533142 42800749 52066671 25205856 6582296 79042454 24086381 40700944 34079523 22736114
44 36621546 22742053 634552 6968868 456237 304925 17318405 1503168 842 29287308 52630202 36283224 595820 39664770 9999939 167451
45 2137961 37893653 13580681 4252164 27033745 1508481 3948856 708996 84299 42223439 98920964 12607615 37988240 5027532 2159595 11881588
46 559241 56905 6886479 3437299 313288 343678 3809586 26983334 6263996 1041468 1099548 176 9953916 24943107 8715 250 8371427 12065534 5027158 64873726 6208990 9199 37566234 34732382 995173 4796057 25997323 291951 167937 1206152 129412 2478142 41876 54033089 2091411 137760 82197743 36586077 6683387 4059 202651 1751376 2846583 3676 4551 26680240 77319 1336451 28446 14866310 10429985 6778441 58560136 43882028 242652 12139392 315 31778585 75348244 82339873 4304577 1140233 151000 8671041 9063838 9974975 283124 8614887 4213422 422149 4409099 257857 1222378 733752 29175030 592412 2907090 9963715 1229601 248268 4522954 41757
47 18010025 22713668 56905 23418636 7611485 6886479 17328980 21898612 8163 11269496 7862131 52256562 6971358 19676862 6263996 5724948 18144352 14655319 1041468 14825296 16865825 9953916 23698921 2039778 19935551 9284243 6631844 695452 18420081 8715 15108509 23350293 18054893 10046115 17151750 17699310 17833018 12338650 6970476 12065534 19708991 12754909 18424378 10545129 12883846 21785703 43444 17308995 10051186 9199 13218420 23328006 6048891 16072378 23041357 2699897 17142930 22072549 56866769 9152133 14830562 19099601 13559341 2241875 22557448 5613734 14650304 18274024 16318499 23167904 16513568 89023 4377 2898741 19635864 8960075 6683387 52346600 16317357 13453258 17580429 2389183 14076224 15282086 16606557 14282666 27952753 10890802 18352107 33343894 17970496 21596037 9113990 71374161 9498128 9708217 17901362 21573937 8258 6219601 12139392 315 4738229 16513036 73982897 7239664 8710148 49065210 23209329 762 6073628 4945681 22229 3737019 16446087 9974975 2258789 4881754 6039 21937875 27469 4409099 18379091 4071361 23700182 12996 733752 22174554 17740473 17426650 22413328 11235 4291887 11480580 1902673 15940073 9093006 8623907 9963715 21572207 7223788 1229601 15148385 211984 11700343 7667106 21798810 18100582 39387529 13827627 18401298 167451 8023848 18493580 22011395 5772000
48 31780673 28819922 25003531 20191714 25362950 20176100
49 13326719 52630202 34129360
50 74100 56 48592127 43882028 49065210 41757
51 1273675
52 3484351 11462611 21448929 3772759 20458507 231210 30712025 120914 76709587 19716522
53 36464432 30698831 11462611 1863630
54 74100 56 10173 26117
55 56905 3437299 343678 3809586 63273 8715 250 5027158 9199 56866769 4796057 291951 129412 40243513 304925 89023 137760 32603038 6683387 34096377 15282086 72357221 8258 242652 12139392 315 57403678 16513036 6563062 4304577 151000 96759519 4213422 202773 211984 2475205 4804 20811498 167451 4885380
56 13326719 835782 956375 25784042 39963309 19274133 23972239 58071225 61040032 19770 22104192 56131042 54725864 37617644 18496184 22360637 119238 29850167 10056 26284064 45743656 1713145 12906 798 26567649 23390361 44241745 6508 41199309 23693861 41004550 842 42295799 16289816 27726363 27315475 25380626 28575732 38746748 41554252 25901021 10227805 31733986 52298374 57217 1878 9517345 15855891 40709983 48455539 68519692 11770 11445015 5704 18954214 9441985 30371336 71533306 28108165 32759 41658003 9528501 25289420 16006187 22743153 49063005 30318830 5437 736 34777837 44057096 28490858 170898 13142894 47610596 58269 7995 44848088 16202769
57 3090834 22742053 638050 52557389 64980878 17308995 145717 90973635 60450 47897949 2322270 20202 52630202 54799175 4326 74286 744205 601624 79473592 861576 51106511 33780182 9999939
58 17699310 1336451 27154626 4042 417060 20176100 17426650 11700343 9471494
59 54300548 22713668 78003054 17933632 6221086 6263996 20507844 454825 12338650 40693256 16652013 18424378 29504521 17774145 74682016 226056 2353553 46074 685187 16513568 76468595 2267962 10819 6683387 11007530 39538039 31352326 1392397 15282086 23038 35933019 653578 14282666 11750210 7608696 5520194 32223654 16513036 2496837 36831577 8810488 6563062 30911023 60836770 16446087 9974975 4409099 733752 592412 58924612 15148385 15755767 2269683 4522954 1684344
60 2600891 153493 807 456237 558802 489 20202 4326 60929052
61 1748958 74100 5027158 29990678 606161 23693861 14392085 13080565 86252957 41185226 1136859 4039171 800544 9063838 4772 9974975 35277521 2907090 1392957 2497 8023848
62 74100 87403989 786158 20894983 35157161 7108339 848845 78239825
63 26
64 36787545 491722 34072502 64980878 74005614 60140141 32754081 90323190 98093993 11462611 8973338 30067066 68218830 104224126 50773057 33737722 13741576 32277870 39981749 55533849 87396564 3961281 59829810 22736114 33780182 56210743
65 39873171 43882751 13100788 4869095 26919587 35043897 20716903 43011722
66 28551727 74005614 26612359 98093993 68218830 710053 100854 30108655 15230192 7250
67 636 4137 898 4581 18527031
68 9953916 79419972 259 48930 25126334 56866769 13323 2258789
69 36787545 31524350 6971358 1413164 5559502 8715 19708991 35142949 33938434 26323878 60556804 439285 11902059 23032497 6048891 995173 51263136 129412 6498004 32872901 30238125 51126635 40144103 30067066 89023 19635864 861537 202651 2846583 1336451 28446 39981749 41616797 5037 35453503 8258 57403678 34100726 6563062 5502303 151000 22229 13151887 25674481 16446087 1336442 1222378 412747 64223815 52811981 1099616 4804 5772000
70 22742053 52557389 33217169 64980878 60140141 17605931 98093993 9576 100854 38815615 407002 43517580 298621 52630202 55476622 20342578 168111 755 22736114 20894
71 7862131 8849498 37938407 6048891 50773057 3967885 8710148 20972439 43251403 9471494
72 36787545 68263002 72188644 229885 22742053 63273 70272430 53289240 24942291 30576005 70034991 52449121 52557389 95143256 60556804 64980878 74005614 14771487 90323190 64915591 12087360 26284064 27737110 10933209 339767 98093993 11571896 68218830 57311413 71741545 104224126 49849615 33737722 35169624 25380626 32277870 41185226 43517580 126406 67991642 43462544 52630202 40923474 56385830 39949065 1392957 56785962 27532693 13037415 225666
73 52630202 22055 22736114
74 68263002 16306210 35608560 53289240 13748715 52557389 28551727 16755758 98093993 68218830 35691604
75 11548 881282 69591132 10414636 2051 17914609 11217217 924736 388 40142391 52449121 259 28615597 43791433 49510 48930 35830923 218434 90323190 27971192 38358012 55616410 516 5613734 21435992 464074 100448870 27570362 20894983 75325 37696771 49429736 45069589 2341720 26047394 89648995 9892340 252591 21985 376600 1159695 26117 68744177 4326 38504341 586 36361982 532520 40241778 1229601 22736114 68625102 329107 7270 167451 78676
76 19624856 9024999 11768663 6140500 2225587 71741545 20844846 13849986
77 2682332
78 38621951 9999939
79 5227
80 56905 3809586 4513524 1041468 153493 74100 42794 4796057 2091411 89023 15282086 72357221 2846583 242652 12139392 6563062 4304577 151000 22229 9063838 16446087 283124 19020508 4213422 379767 27469 15940073 63946356 38182092
81 22742053 38265510 60140141 46391596 38306835 39545549 23442230 54033089 34883517 52346600 32277870 8945 23109295 46674907 28473842 56785962 12390 43896571
82 25951817
83 13748715 23568161 1201225 464074 9576 710053 19816263 128753 1047611 19724711 11507831 15953460 80588489 4573103
84 79553695
85 11340148
86 2180828 30941724 8443785 3359 31968 2368321 15108470 93587968 9517345 20535 1928975 10386956 10069907 10214986
87 58071058 2282842 13748715 17704462 49510 10916742 35830923 100448870 35683765 11679652 20299403 46712 21985 298621 43052530 73993 50950293 75816042 45757863 30683033 9999939
88 36964584 19624856 62830729 33054001 35146598 2251146 16955216 9024999 28617606 18537646 43157549 1934227 24942291 16748068 7595677 33468739 44856739 6140500 40520383 40784 43791433 6516 31239704 17307892 22108446 13132537 64915591 43350645 74099769 11081461 39545549 5940718 2402894 68218830 58231415 11283939 31626313 34883517 32871847 15559582 33737722 35169624 52066671 46265914 42637878 32277870 12191739 51754188 7304400 13849986 46090161 12739279 55378623 17252918 41101320 8370895 33288425 6219601 26047394 18249708 27823606 4610057 4945681 58770928 55533849 43259665 42496831 40700944 1018417 38906049 10423272 32759 19703812 9117 35524891 31275926 11665721 41226040 33091449 34079523 17484306 9893 26517977 351665 4573103 29354345 12252747 23356494 328898 1099616 33501295 54034301 14497873 17975248 37777824 43799913 36047276
89 20003922 28551727 74005614 60140141 54384231 98093993 11462611 35502680 68218830 36370675 49849615 27136800 38496818 52630202 73993 21401443 4881754 22736114 20172268
90 10420579 56 46789042 1390433 1971825 11308335 26117 6039 9272686
91 8163 8715 1666499 26 86810 912 4551 28446 12969918 711 202773 700
92 15454975 1413164 1041468 7530419 17151750 30610292 995173 13453258 14282666 52066671 2846583 67940544 25752 8158519 242652 20202 22229 22222639 2258789 283124 4213422 20007607 2052322 202773 379354 7877668
93 48930 4980 2898741 79568 72357221 28177709 10613 8158519 34914911 22736114
94 117675 16755758 2063666
95 28551727
96 43214791
97 12655314 36621546 52557389 98093993 68218830 40388305 29468395 37948240 35982622
98 5027158 17318405 15282086 78218 182896 1567285 6563062 4304577 466815 16446087 158047 16006187 15148385
99 12338650 17774145 68471567 19635864 8999834 25652728 13453258 12031704 12139392 4738229 39585228 9974975 12314782 32333672 20811498