0 178
1 17
2 66
3 63
4 40
5 27
6 4
7 76
8 41
9 52
10 66
11 45
12 6
13 20
14 61
15 26
16 16
17 24
18 22
19 34
20 36
21 14
22 8
23 22
24 30
25 16
26 8
27 40
28 2
29 37
30 12
31 20
32 6
33 20
34 34
35 4
36 48
37 3
38 5
39 5
40 30
41 16
42 23
43 2
44 39
45 17
46 42
47 17
48 4
49 38
50 16
51 2
52 4
53 3
54 16
55 46
56 10
57 36
58 4
59 10
60 8
61 8
62 6
63 12
64 26
65 2
66 26
67 6
68 20
69 26
70 38
71 8
72 44
73 2
74 36
75 12
76 14
77 2
78 2
79 32
80 35
81 30
82 14
83 18
84 2
85 2
86 2
87 28
88 38
89 61
90 10
91 8
92 26
93 6
94 18
95 12
96 2
97 18
98 51
99 28
