70 81 0.00212765957447
5 46 0.001
25 31 0.00119047619048
94 66 0.0010416666666700001
44 36 0.00126582278481
93 0 0.0005617977528089888
0 29 0.0023809523809500003
27 58 0.008333333333329999
7 79 0.003125
72 0 0.0005617977528089888
8 17 0.0015873015873
0 87 0.0010989010989000002
14 80 0.0018181818181800002
7 1 0.0058823529411764705
69 9 0.0016129032258100002
5 24 0.0010204081632700002
89 73 0.05
67 0 0.0005617977528089888
3 19 0.0027027027027
9 4 0.0016393442623000001
66 94 0.000990099009901
44 11 0.00114942528736
0 97 0.0047619047619000005
23 7 0.0013157894736842105
92 46 0.001
62 0 0.0005617977528089888
24 68 0.00188679245283
3 70 0.00208333333333
0 54 0.00625
98 79 0.003125
0 70 0.00208333333333
41 0 0.0005617977528089888
70 36 0.00126582278481
19 68 0.00188679245283
18 7 0.0013157894736842105
24 14 0.0010989010989000002
10 97 0.0047619047619000005
0 64 0.0035714285714300003
36 0 0.0005617977528089888
79 19 0.0027027027027
98 24 0.0010204081632700002
21 27 0.0017543859649100002
7 24 0.0010204081632700002
34 9 0.0016129032258100002
86 0 0.0005617977528089888
11 20 0.00105263157895
10 87 0.0010989010989000002
80 61 0.007142857142860001
94 74 0.000574712643678
31 0 0.0005617977528089888
93 24 0.0010204081632700002
0 21 0.00434782608696
29 7 0.0013157894736842105
42 37 0.00243902439024
71 67 0.00454545454545
91 3 0.0015873015873015873
14 18 0.004545454545454546
27 50 0.005555555555560001
70 7 0.0013157894736842105
33 27 0.0017543859649100002
25 45 0.0037037037037
17 55 0.0010204081632700002
3 81 0.00212765957447
59 36 0.00126582278481
9 70 0.00208333333333
0 47 0.0014492753623200003
5 0 0.0005617977528089888
89 81 0.00212765957447
24 55 0.0010204081632700002
46 14 0.0010989010989000002
44 3 0.0015873015873015873
0 25 0.00434782608696
41 11 0.00114942528736
40 21 0.00434782608696
94 83 0.00133333333333
46 99 0.002
2 29 0.0023809523809500003
4 36 0.00126582278481
1 89 0.00114942528736
0 14 0.0010989010989000002
99 4 0.0016393442623000001
36 70 0.00208333333333
20 10 0.0010989010989000002
66 60 0.00151515151515
8 98 0.00131578947368
0 88 0.00037735849056600004
57 10 0.0010989010989000002
36 8 0.00135135135135
92 5 0.0023809523809500003
15 10 0.0010989010989000002
41 54 0.00625
2 45 0.0037037037037
10 95 0.004
3 34 0.00169491525424
9 27 0.0017543859649100002
14 89 0.00114942528736
72 70 0.00208333333333
31 55 0.0010204081632700002
3 89 0.00114942528736
2 50 0.005555555555560001
87 89 0.00114942528736
0 39 0.0038461538461500005
36 47 0.0014492753623200003
90 29 0.0023809523809500003
0 69 0.00285714285714
82 7 0.0013157894736842105
47 80 0.0018181818181800002
0 96 0.020000000000000004
80 20 0.00105263157895
2 72 0.00212765957447
45 55 0.0010204081632700002
20 69 0.00285714285714
70 94 0.000990099009901
76 9 0.0016129032258100002
17 8 0.00135135135135
95 0 0.0005617977528089888
0 6 0.005555555555560001
7 23 0.0011363636363600001
14 3 0.0015873015873015873
74 0 0.0005617977528089888
73 89 0.00114942528736
0 80 0.0018181818181800002
7 8 0.00135135135135
91 89 0.00114942528736
90 2 0.0015151515151515154
69 0 0.0005617977528089888
55 45 0.0037037037037
64 3 0.0015873015873015873
54 21 0.00434782608696
24 40 0.0023255813953500003
9 3 0.0015873015873015873
44 12 0.008333333333329999
23 14 0.0010989010989000002
29 23 0.0011363636363600001
15 36 0.00126582278481
99 45 0.0037037037037
48 0 0.0005617977528089888
27 2 0.0015151515151515154
34 98 0.00131578947368
76 94 0.000990099009901
89 14 0.0010989010989000002
3 44 0.00192307692308
46 80 0.0018181818181800002
2 10 0.0010989010989000002
44 70 0.00208333333333
8 9 0.0016129032258100002
0 63 0.007142857142860001
43 0 0.0005617977528089888
29 45 0.0037037037037
14 40 0.0023255813953500003
24 7 0.0013157894736842105
46 19 0.0027027027027
38 0 0.0005617977528089888
0 73 0.05
79 10 0.0010989010989000002
98 1 0.0058823529411764705
34 14 0.0010989010989000002
74 66 0.0010416666666700001
54 2 0.0015151515151515154
47 55 0.0010204081632700002
17 0 0.0005617977528089888
24 92 0.00196078431373
0 30 0.0047619047619000005
29 14 0.0010989010989000002
50 29 0.0023809523809500003
14 11 0.00114942528736
33 2 0.0015151515151515154
88 72 0.00212765957447
12 0 0.0005617977528089888
55 19 0.0027027027027
4 46 0.001
0 17 0.0015873015873
0 40 0.0023255813953500003
7 0 0.0005617977528089888
69 8 0.00135135135135
4 80 0.0018181818181800002
89 72 0.00212765957447
88 63 0.007142857142860001
10 79 0.003125
9 11 0.00114942528736
8 92 0.00196078431373
44 4 0.0016393442623000001
40 46 0.001
20 57 0.00172413793103
89 22 0.00285714285714
81 8 0.00135135135135
48 99 0.002
0 15 0.00128205128205
0 55 0.0010204081632700002
97 10 0.0010989010989000002
7 97 0.0047619047619000005
20 3 0.0015873015873015873
55 10 0.0010989010989000002
4 55 0.0010204081632700002
88 30 0.0047619047619000005
24 15 0.00128205128205
46 38 0.00434782608696
2 88 0.00037735849056600004
0 65 0.020000000000000004
36 1 0.0058823529411764705
79 18 0.004545454545454546
49 27 0.0017543859649100002
92 14 0.0010989010989000002
7 27 0.0017543859649100002
40 13 0.0038461538461500005
19 17 0.0015873015873
72 95 0.004
0 22 0.00285714285714
40 55 0.0010204081632700002
7 70 0.00208333333333
55 2 0.0015151515151515154
10 1 0.0058823529411764705
66 10 0.0010989010989000002
45 8 0.00135135135135
54 41 0.005555555555560001
9 69 0.00285714285714
0 32 0.0037037037037
57 34 0.00169491525424
18 10 0.0010989010989000002
98 56 0.00116279069767
80 29 0.0023809523809500003
46 15 0.00128205128205
66 87 0.0010989010989000002
56 42 0.000819672131148
42 5 0.0023809523809500003
14 24 0.0010204081632700002
27 18 0.004545454545454546
88 81 0.00212765957447
81 0 0.0005617977528089888
74 83 0.00133333333333
70 57 0.00172413793103
99 7 0.0013157894736842105
7 89 0.00114942528736
34 72 0.00212765957447
20 11 0.00114942528736
76 0 0.0005617977528089888
89 36 0.00126582278481
0 89 0.00114942528736
19 79 0.003125
24 23 0.0011363636363600001
2 80 0.0018181818181800002
45 31 0.00119047619048
9 44 0.00192307692308
30 26 0.0047619047619000005
7 19 0.0027027027027
69 7 0.0013157894736842105
90 0 0.0005617977528089888
54 18 0.004545454545454546
71 0 0.0005617977528089888
50 0 0.0005617977528089888
99 36 0.00126582278481
14 27 0.0017543859649100002
55 99 0.002
45 0 0.0005617977528089888
72 49 0.002631578947368421
87 88 0.00037735849056600004
0 56 0.00116279069767
23 92 0.00196078431373
10 69 0.00285714285714
89 88 0.00037735849056600004
11 44 0.00192307692308
24 0 0.0005617977528089888
98 3 0.0015873015873015873
3 2 0.0015151515151515154
95 89 0.00114942528736
11 15 0.00128205128205
69 46 0.001
88 89 0.00114942528736
47 46 0.001
17 15 0.00128205128205
60 26 0.0047619047619000005
94 88 0.00037735849056600004
2 18 0.004545454545454546
50 25 0.00434782608696
0 7 0.0013157894736842105
57 75 0.0010989010989000002
14 0 0.0005617977528089888
7 81 0.00212765957447
19 87 0.0010989010989000002
2 40 0.0023255813953500003
0 81 0.00212765957447
49 11 0.00114942528736
69 15 0.00128205128205
85 0 0.0005617977528089888
82 29 0.0023809523809500003
24 4 0.0016393442623000001
68 67 0.00454545454545
81 89 0.00114942528736
80 46 0.001
9 2 0.0015151515151515154
1 36 0.00126582278481
23 9 0.0016129032258100002
92 80 0.0018181818181800002
99 44 0.00192307692308
34 99 0.002
67 68 0.00188679245283
3 64 0.0035714285714300003
72 57 0.00172413793103
0 48 0.00333333333333
14 41 0.005555555555560001
83 66 0.0010416666666700001
20 4 0.0016393442623000001
11 36 0.00126582278481
24 8 0.00135135135135
53 52 0.025
25 3 0.0015873015873015873
3 10 0.0010989010989000002
9 35 0.00333333333333
0 74 0.000574712643678
29 98 0.00131578947368
72 88 0.00037735849056600004
57 83 0.00133333333333
29 13 0.0038461538461500005
42 59 0.0023255813953500003
99 55 0.0010204081632700002
69 92 0.00196078431373
74 9 0.0016129032258100002
59 46 0.001
10 9 0.0016129032258100002
0 10 0.0010989010989000002
72 2 0.0015151515151515154
87 75 0.0010989010989000002
0 41 0.005555555555560001
36 57 0.00172413793103
21 50 0.005555555555560001
64 0 0.0005617977528089888
55 36 0.00126582278481
89 79 0.003125
88 0 0.0005617977528089888
46 4 0.0016393442623000001
10 0 0.0005617977528089888
9 10 0.0010989010989000002
4 44 0.00192307692308
15 47 0.0014492753623200003
74 10 0.0010989010989000002
83 0 0.0005617977528089888
69 61 0.007142857142860001
18 79 0.003125
4 14 0.0010989010989000002
11 98 0.00131578947368
10 57 0.00172413793103
2 3 0.0015873015873015873
31 45 0.0037037037037
64 7 0.0013157894736842105
79 70 0.00208333333333
0 8 0.00135135135135
78 0 0.0005617977528089888
83 74 0.000574712643678
34 49 0.002631578947368421
55 5 0.0023809523809500003
11 92 0.00196078431373
2 89 0.00114942528736
14 33 0.0047619047619000005
0 66 0.0010416666666700001
57 0 0.0005617977528089888
79 29 0.0023809523809500003
40 29 0.0023809523809500003
2 44 0.00192307692308
34 7 0.0013157894736842105
70 79 0.003125
40 14 0.0010989010989000002
55 80 0.0018181818181800002
54 27 0.0017543859649100002
52 0 0.0005617977528089888
87 9 0.0016129032258100002
4 23 0.0011363636363600001
47 0 0.0005617977528089888
15 24 0.0010204081632700002
3 83 0.00133333333333
72 10 0.0010989010989000002
3 13 0.0038461538461500005
0 33 0.0047619047619000005
26 0 0.0005617977528089888
82 13 0.0038461538461500005
33 90 0.00666666666667
89 87 0.0010989010989000002
17 99 0.002
9 34 0.00169491525424
15 55 0.0010204081632700002
27 21 0.00434782608696
40 23 0.0011363636363600001
97 75 0.0010989010989000002
62 14 0.0010989010989000002
89 29 0.0023809523809500003
81 7 0.0013157894736842105
2 27 0.0017543859649100002
57 66 0.0010416666666700001
98 69 0.00285714285714
41 14 0.0010989010989000002
46 47 0.0014492753623200003
2 81 0.00212765957447
72 19 0.0027027027027
0 90 0.00666666666667
36 10 0.0010989010989000002
92 7 0.0013157894736842105
15 20 0.00105263157895
21 33 0.0047619047619000005
7 18 0.004545454545454546
6 89 0.00114942528736
4 98 0.00131578947368
88 49 0.002631578947368421
11 14 0.0010989010989000002
80 55 0.0010204081632700002
40 7 0.0013157894736842105
26 66 0.0010416666666700001
74 57 0.00172413793103
3 91 0.005000000000000001
31 60 0.00151515151515
44 72 0.00212765957447
9 76 0.00204081632653
64 8 0.00135135135135
0 57 0.00172413793103
99 17 0.0015873015873
98 49 0.002631578947368421
19 0 0.0005617977528089888
90 27 0.0017543859649100002
11 47 0.0014492753623200003
46 20 0.00105263157895
2 70 0.00208333333333
90 33 0.0047619047619000005
13 18 0.004545454545454546
95 10 0.0010989010989000002
19 3 0.0015873015873015873
74 88 0.00037735849056600004
72 81 0.00212765957447
8 34 0.00169491525424
0 24 0.0010204081632700002
57 74 0.000574712643678
70 10 0.0010989010989000002
7 80 0.0018181818181800002
3 98 0.00131578947368
46 55 0.0010204081632700002
2 41 0.005555555555560001
0 82 0.007142857142857143
7 10 0.0010989010989000002
55 47 0.0014492753623200003
89 70 0.00208333333333
81 88 0.00037735849056600004
80 47 0.0014492753623200003
27 4 0.0016393442623000001
70 2 0.0015151515151515154
33 41 0.005555555555560001
75 97 0.0047619047619000005
54 33 0.0047619047619000005
67 71 0.00322580645161
4 7 0.0013157894736842105
87 83 0.00133333333333
8 11 0.00114942528736
0 49 0.002631578947368421
14 46 0.001
80 14 0.0010989010989000002
13 40 0.0023255813953500003
0 75 0.0010989010989000002
7 29 0.0023809523809500003
19 11 0.00114942528736
5 36 0.00126582278481
54 0 0.0005617977528089888
74 64 0.0035714285714300003
72 89 0.00114942528736
50 14 0.0010989010989000002
0 16 0.0030303030303
56 5 0.0023809523809500003
42 56 0.00116279069767
71 68 0.00188679245283
35 9 0.0016129032258100002
14 9 0.0016129032258100002
40 49 0.002631578947368421
7 72 0.00212765957447
33 0 0.0005617977528089888
11 68 0.00188679245283
10 7 0.0013157894736842105
2 33 0.0047619047619000005
72 3 0.0015873015873015873
87 74 0.000574712643678
8 20 0.00105263157895
64 57 0.00172413793103
0 42 0.000819672131148
49 2 0.0015151515151515154
92 23 0.0011363636363600001
7 2 0.0015151515151515154
83 57 0.00172413793103
3 20 0.00105263157895
98 34 0.00169491525424
46 5 0.0023809523809500003
14 92 0.00196078431373
23 0 0.0005617977528089888
60 66 0.0010416666666700001
83 3 0.0015873015873015873
28 0 0.0005617977528089888
2 0 0.0005617977528089888
0 9 0.0016129032258100002
99 1 0.0058823529411764705
36 89 0.00114942528736
15 69 0.00285714285714
14 54 0.00625
69 98 0.00131578947368
7 99 0.002
55 4 0.0016393442623000001
18 2 0.0015151515151515154
9 42 0.000819672131148
95 72 0.00212765957447
0 67 0.00454545454545
57 7 0.0013157894736842105
92 8 0.00135135135135
76 88 0.00037735849056600004
13 2 0.0015151515151515154
57 3 0.0015873015873015873
3 63 0.007142857142860001
74 72 0.00212765957447
7 64 0.0035714285714300003
25 50 0.005555555555560001
22 89 0.00114942528736
79 9 0.0016129032258100002
0 34 0.00169491525424
29 90 0.00666666666667
36 34 0.00169491525424
32 20 0.00105263157895
81 72 0.00212765957447
9 49 0.002631578947368421
24 93 0.00333333333333
79 7 0.0013157894736842105
7 44 0.00192307692308
0 1 0.0058823529411764705
91 63 0.007142857142860001
14 62 0.00526315789474
15 46 0.001
34 70 0.00208333333333
19 81 0.00212765957447
74 7 0.0013157894736842105
10 20 0.00105263157895
16 15 0.00128205128205
45 29 0.0023809523809500003
36 11 0.00114942528736
92 0 0.0005617977528089888
4 99 0.002
47 42 0.000819672131148
66 72 0.00212765957447
47 11 0.00114942528736
66 0 0.0005617977528089888
0 58 0.008333333333329999
29 82 0.007142857142857143
63 9 0.0016129032258100002
32 44 0.00192307692308
61 0 0.0005617977528089888
22 0 0.0005617977528089888
11 46 0.001
80 23 0.0011363636363600001
42 11 0.00114942528736
98 4 0.0016393442623000001
89 6 0.005555555555560001
7 36 0.00126582278481
25 27 0.0017543859649100002
74 89 0.00114942528736
72 34 0.00169491525424
0 2 0.0015151515151515154
57 64 0.0035714285714300003
79 81 0.00212765957447
66 26 0.0047619047619000005
35 0 0.0005617977528089888
7 83 0.00133333333333
55 20 0.00105263157895
66 57 0.00172413793103
44 98 0.00131578947368
30 0 0.0005617977528089888
4 20 0.00105263157895
21 40 0.0023255813953500003
55 46 0.001
82 27 0.0017543859649100002
10 66 0.0010416666666700001
9 0 0.0005617977528089888
37 42 0.000819672131148
8 1 0.0058823529411764705
99 46 0.001
27 7 0.0013157894736842105
97 57 0.00172413793103
33 40 0.0023255813953500003
76 89 0.00114942528736
55 31 0.00119047619048
88 68 0.00188679245283
25 2 0.0015151515151515154
4 0 0.0005617977528089888
17 36 0.00126582278481
2 9 0.0016129032258100002
0 50 0.005555555555560001
70 34 0.00169491525424
55 15 0.00128205128205
34 57 0.00172413793103
3 12 0.008333333333329999
0 76 0.00204081632653
23 40 0.0023255813953500003
36 4 0.0016393442623000001
16 0 0.0005617977528089888
69 20 0.00105263157895
0 85 0.033333333333300005
11 16 0.0030303030303
40 0 0.0005617977528089888
94 70 0.00208333333333
18 13 0.0038461538461500005
44 32 0.0037037037037
79 89 0.00114942528736
70 3 0.0015873015873015873
12 3 0.0015873015873015873
68 24 0.0010204081632700002
19 55 0.0010204081632700002
30 8 0.00135135135135
0 43 0.00434782608696
36 59 0.0023255813953500003
34 44 0.00192307692308
88 2 0.0015151515151515154
11 49 0.002631578947368421
10 74 0.000574712643678
46 10 0.0010989010989000002
9 8 0.00135135135135
44 7 0.0013157894736842105
64 79 0.003125
7 55 0.0010204081632700002
70 98 0.00131578947368
88 76 0.00204081632653
4 8 0.00135135135135
3 74 0.000574712643678
44 57 0.00172413793103
79 64 0.0035714285714300003
69 4 0.0016393442623000001
49 34 0.00169491525424
14 55 0.0010204081632700002
27 41 0.005555555555560001
7 98 0.00131578947368
55 7 0.0013157894736842105
19 72 0.00212765957447
65 0 0.0005617977528089888
80 7 0.0013157894736842105
36 17 0.0015873015873
94 0 0.0005617977528089888
0 68 0.00188679245283
7 34 0.00169491525424
41 50 0.005555555555560001
24 36 0.00126582278481
98 20 0.00105263157895
34 5 0.0023809523809500003
20 80 0.0018181818181800002
75 57 0.00172413793103
11 8 0.00135135135135
68 94 0.000990099009901
73 0 0.0005617977528089888
9 23 0.0011363636363600001
89 3 0.0015873015873015873
72 66 0.0010416666666700001
11 9 0.0016129032258100002
57 89 0.00114942528736
27 54 0.00625
89 2 0.0015151515151515154
68 0 0.0005617977528089888
18 98 0.00131578947368
2 54 0.00625
9 74 0.000574712643678
0 35 0.00333333333333
29 89 0.00114942528736
34 36 0.00126582278481
63 0 0.0005617977528089888
5 12 0.008333333333329999
88 10 0.0010989010989000002
11 41 0.005555555555560001
80 16 0.0030303030303
7 57 0.00172413793103
1 10 0.0010989010989000002
72 97 0.0047619047619000005
49 10 0.0010989010989000002
56 45 0.0037037037037
42 0 0.0005617977528089888
21 14 0.0010989010989000002
17 20 0.00105263157895
34 19 0.0027027027027
10 47 0.0014492753623200003
94 87 0.0010989010989000002
2 25 0.00434782608696
44 49 0.002631578947368421
37 0 0.0005617977528089888
79 72 0.00212765957447
27 33 0.0047619047619000005
97 7 0.0013157894736842105
76 3 0.0015873015873015873
47 36 0.00126582278481
60 0 0.0005617977528089888
19 80 0.0018181818181800002
89 1 0.0058823529411764705
30 25 0.00434782608696
0 92 0.00196078431373
49 9 0.0016129032258100002
98 44 0.00192307692308
20 88 0.00037735849056600004
11 0 0.0005617977528089888
72 74 0.000574712643678
87 3 0.0015873015873015873
57 97 0.0047619047619000005
29 27 0.0017543859649100002
27 14 0.0010989010989000002
6 0 0.0005617977528089888
89 10 0.0010989010989000002
47 10 0.0010989010989000002
2 14 0.0010989010989000002
64 10 0.0010989010989000002
0 59 0.0023255813953500003
99 19 0.0027027027027
22 2 0.0015151515151515154
41 27 0.0017543859649100002
27 88 0.00037735849056600004
9 16 0.0030303030303
3 7 0.0013157894736842105
8 79 0.003125
22 88 0.00037735849056600004
98 5 0.0023809523809500003
23 80 0.0018181818181800002
54 14 0.0010989010989000002
3 49 0.002631578947368421
74 70 0.00208333333333
8 36 0.00126582278481
75 87 0.0010989010989000002
0 26 0.0047619047619000005
57 72 0.00212765957447
29 50 0.005555555555560001
99 48 0.00333333333333
36 74 0.000574712643678
49 82 0.007142857142857143
14 7 0.0013157894736842105
69 81 0.00212765957447
7 82 0.007142857142857143
33 14 0.0010989010989000002
89 49 0.002631578947368421
24 98 0.00131578947368
2 39 0.0038461538461500005
72 29 0.0023809523809500003
44 99 0.002
87 76 0.00204081632653
9 89 0.00114942528736
1 99 0.002
0 84 0.0111111111111
29 72 0.00212765957447
98 36 0.00126582278481
79 97 0.0047619047619000005
90 14 0.0010989010989000002
19 34 0.00169491525424
44 8 0.00135135135135
64 72 0.00212765957447
13 29 0.0023809523809500003
42 17 0.0015873015873
49 3 0.0015873015873015873
14 49 0.002631578947368421
89 18 0.004545454545454546
0 51 0.033333333333300005
57 55 0.0010204081632700002
7 3 0.0015873015873015873
20 7 0.0013157894736842105
10 70 0.00208333333333
75 93 0.00333333333333
13 82 0.007142857142857143
26 30 0.0047619047619000005
55 14 0.0010989010989000002
10 98 0.00131578947368
80 0 0.0005617977528089888
2 92 0.00196078431373
0 77 0.00169491525424
36 5 0.0023809523809500003
49 29 0.0023809523809500003
98 29 0.0023809523809500003
7 31 0.00119047619048
97 89 0.00114942528736
82 49 0.002631578947368421
5 34 0.00169491525424
75 0 0.0005617977528089888
15 0 0.0005617977528089888
11 19 0.0027027027027
68 87 0.0010989010989000002
61 98 0.00131578947368
3 57 0.00172413793103
31 7 0.0013157894736842105
64 97 0.0047619047619000005
0 18 0.004545454545454546
27 49 0.002631578947368421
70 0 0.0005617977528089888
7 74 0.000574712643678
89 57 0.00172413793103
89 64 0.0035714285714300003
10 5 0.0023809523809500003
2 63 0.007142857142860001
87 68 0.00188679245283
79 98 0.00131578947368
0 44 0.00192307692308
81 98 0.00131578947368
49 0 0.0005617977528089888
11 4 0.0016393442623000001
89 76 0.00204081632653
46 11 0.00114942528736
23 24 0.0010204081632700002
0 31 0.00119047619048
50 41 0.005555555555560001
8 64 0.0035714285714300003
44 0 0.0005617977528089888
87 19 0.0027027027027
23 2 0.0015151515151515154
19 46 0.001
4 9 0.0016129032258100002
17 19 0.0027027027027
74 87 0.0010989010989000002
10 36 0.00126582278481
39 0 0.0005617977528089888
46 92 0.00196078431373
92 40 0.0023255813953500003
0 11 0.00114942528736
29 33 0.0047619047619000005
98 72 0.00212765957447
27 40 0.0023255813953500003
40 92 0.00196078431373
20 15 0.00128205128205
10 15 0.00128205128205
18 0 0.0005617977528089888
40 24 0.0010204081632700002
46 42 0.000819672131148
16 9 0.0016129032258100002
95 74 0.000574712643678
13 0 0.0005617977528089888
70 66 0.0010416666666700001
5 42 0.000819672131148
18 54 0.00625
27 29 0.0023809523809500003
50 2 0.0015151515151515154
87 10 0.0010989010989000002
29 2 0.0015151515151515154
42 46 0.001
76 87 0.0010989010989000002
14 23 0.0011363636363600001
27 9 0.0016129032258100002
20 46 0.001
88 74 0.000574712643678
17 42 0.000819672131148
46 69 0.00285714285714
2 55 0.0010204081632700002
8 30 0.0047619047619000005
10 46 0.001
0 19 0.0027027027027
0 36 0.00126582278481
36 44 0.00192307692308
63 3 0.0015873015873015873
55 57 0.00172413793103
5 11 0.00114942528736
88 11 0.00114942528736
80 17 0.0015873015873
31 20 0.00105263157895
66 83 0.00133333333333
72 98 0.00131578947368
98 10 0.0010989010989000002
89 7 0.0013157894736842105
61 69 0.00285714285714
97 72 0.00212765957447
3 72 0.00212765957447
62 13 0.0038461538461500005
89 98 0.00131578947368
74 95 0.004
10 44 0.00192307692308
95 7 0.0013157894736842105
2 22 0.00285714285714
72 44 0.00192307692308
66 89 0.00114942528736
0 3 0.0015873015873015873
98 64 0.0035714285714300003
49 89 0.00114942528736
83 87 0.0010989010989000002
10 18 0.004545454545454546
10 11 0.00114942528736
9 80 0.0018181818181800002
0 93 0.00333333333333
88 27 0.0017543859649100002
29 79 0.003125
92 2 0.0015151515151515154
15 17 0.0015873015873
97 0 0.0005617977528089888
49 44 0.00192307692308
68 71 0.00322580645161
10 88 0.00037735849056600004
2 98 0.00131578947368
8 81 0.00212765957447
44 17 0.0015873015873
8 0 0.0005617977528089888
36 98 0.00131578947368
14 31 0.00119047619048
89 9 0.0016129032258100002
12 44 0.00192307692308
81 19 0.0027027027027
74 36 0.00126582278481
57 36 0.00126582278481
0 60 0.00151515151515
29 80 0.0018181818181800002
82 0 0.0005617977528089888
81 70 0.00208333333333
80 9 0.0016129032258100002
9 63 0.007142857142860001
42 9 0.0016129032258100002
98 2 0.0015151515151515154
77 0 0.0005617977528089888
40 2 0.0015151515151515154
97 64 0.0035714285714300003
19 4 0.0016393442623000001
17 3 0.0015873015873015873
31 30 0.0047619047619000005
50 21 0.00434782608696
98 61 0.007142857142860001
88 22 0.00285714285714
30 88 0.00037735849056600004
0 27 0.0017543859649100002
29 49 0.002631578947368421
56 0 0.0005617977528089888
49 81 0.00212765957447
14 4 0.0016393442623000001
70 9 0.0016129032258100002
20 31 0.00119047619048
0 91 0.005000000000000001
12 5 0.0023809523809500003
59 42 0.000819672131148
51 0 0.0005617977528089888
1 98 0.00131578947368
14 82 0.007142857142857143
41 33 0.0047619047619000005
21 54 0.00625
11 42 0.000819672131148
7 4 0.0016393442623000001
26 60 0.00151515151515
55 40 0.0023255813953500003
10 64 0.0035714285714300003
3 17 0.0015873015873
46 0 0.0005617977528089888
66 64 0.0035714285714300003
3 0 0.0005617977528089888
44 9 0.0016129032258100002
81 79 0.003125
27 25 0.00434782608696
88 70 0.00208333333333
25 0 0.0005617977528089888
80 92 0.00196078431373
72 79 0.003125
3 68 0.00188679245283
2 7 0.0013157894736842105
3 25 0.00434782608696
0 52 0.025
29 40 0.0023255813953500003
49 40 0.0023255813953500003
41 2 0.0015151515151515154
20 0 0.0005617977528089888
17 80 0.0018181818181800002
11 88 0.00037735849056600004
3 14 0.0010989010989000002
13 3 0.0015873015873015873
36 16 0.0030303030303
0 78 0.05
98 8 0.00135135135135
94 68 0.00188679245283
44 34 0.00169491525424
8 45 0.0037037037037
64 98 0.00131578947368
92 69 0.00285714285714
75 31 0.00119047619048
99 59 0.0023255813953500003
66 74 0.000574712643678
19 99 0.002
5 92 0.00196078431373
10 2 0.0015151515151515154
7 20 0.00105263157895
25 30 0.0047619047619000005
0 45 0.0037037037037
49 7 0.0013157894736842105
87 0 0.0005617977528089888
14 90 0.00666666666667
89 83 0.00133333333333
10 72 0.00212765957447
46 8 0.00135135135135
9 14 0.0010989010989000002
72 64 0.0035714285714300003
23 29 0.0023809523809500003
71 38 0.00434782608696
7 49 0.002631578947368421
81 3 0.0015873015873015873
16 80 0.0018181818181800002
38 71 0.00322580645161
0 23 0.0011363636363600001
0 12 0.008333333333329999
7 92 0.00196078431373
55 1 0.0058823529411764705
40 33 0.0047619047619000005
5 99 0.002
11 80 0.0018181818181800002
16 10 0.0010989010989000002
92 11 0.00114942528736
98 18 0.004545454545454546
34 3 0.0015873015873015873
3 76 0.00204081632653
11 10 0.0010989010989000002
68 88 0.00037735849056600004
10 81 0.00212765957447
94 76 0.00204081632653
31 14 0.0010989010989000002
58 27 0.0017543859649100002
42 47 0.0014492753623200003
4 24 0.0010204081632700002
17 44 0.00192307692308
63 88 0.00037735849056600004
4 19 0.0027027027027
3 87 0.0010989010989000002
10 55 0.0010204081632700002
0 37 0.00243902439024
14 34 0.00169491525424
84 0 0.0005617977528089888
63 2 0.0015151515151515154
2 49 0.002631578947368421
5 10 0.0010989010989000002
4 69 0.00285714285714
89 91 0.005000000000000001
1 8 0.00135135135135
33 21 0.00434782608696
64 89 0.00114942528736
79 0 0.0005617977528089888
8 4 0.0016393442623000001
42 14 0.0010989010989000002
98 11 0.00114942528736
49 98 0.00131578947368
70 88 0.00037735849056600004
40 27 0.0017543859649100002
97 79 0.003125
89 97 0.0047619047619000005
61 80 0.0018181818181800002
60 31 0.00119047619048
20 8 0.00135135135135
68 19 0.0027027027027
52 53 0.025
2 23 0.0011363636363600001
58 0 0.0005617977528089888
0 4 0.0016393442623000001
57 70 0.00208333333333
24 5 0.0023809523809500003
49 88 0.00037735849056600004
36 42 0.000819672131148
81 49 0.002631578947368421
53 0 0.0005617977528089888
9 87 0.0010989010989000002
30 31 0.00119047619048
0 94 0.000990099009901
15 16 0.0030303030303
16 3 0.0015873015873015873
7 14 0.0010989010989000002
32 0 0.0005617977528089888
89 66 0.0010416666666700001
10 89 0.00114942528736
36 99 0.002
27 0 0.0005617977528089888
18 27 0.0017543859649100002
20 55 0.0010204081632700002
36 24 0.0010204081632700002
4 27 0.0017543859649100002
8 7 0.0013157894736842105
0 61 0.007142857142860001
56 98 0.00131578947368
14 42 0.000819672131148
27 90 0.00666666666667
89 95 0.004
18 14 0.0010989010989000002
88 20 0.00105263157895
81 69 0.00285714285714
3 9 0.0016129032258100002
1 0 0.0005617977528089888
93 75 0.0010989010989000002
79 8 0.00135135135135
13 14 0.0010989010989000002
33 54 0.00625
19 7 0.0013157894736842105
5 56 0.00116279069767
88 94 0.000990099009901
31 25 0.00434782608696
0 28 0.033333333333300005
10 49 0.002631578947368421
98 89 0.00114942528736
83 94 0.000990099009901
55 17 0.0015873015873
8 69 0.00285714285714
46 59 0.0023255813953500003
0 86 0.0025000000000000005
57 20 0.00105263157895
49 14 0.0010989010989000002
11 5 0.0023809523809500003
34 10 0.0010989010989000002
20 98 0.00131578947368
69 10 0.0010989010989000002
89 74 0.000574712643678
3 16 0.0030303030303
70 74 0.000574712643678
44 10 0.0010989010989000002
23 4 0.0016393442623000001
64 74 0.000574712643678
66 70 0.00208333333333
81 10 0.0010989010989000002
4 3 0.0015873015873015873
21 0 0.0005617977528089888
0 53 0.025
59 0 0.0005617977528089888
14 50 0.005555555555560001
27 82 0.007142857142857143
55 8 0.00135135135135
80 2 0.0015151515151515154
2 90 0.00666666666667
0 79 0.003125
36 7 0.0013157894736842105
34 8 0.00135135135135
70 72 0.00212765957447
96 0 0.0005617977528089888
19 15 0.00128205128205
98 7 0.0013157894736842105
7 69 0.00285714285714
8 46 0.001
0 20 0.00105263157895
42 36 0.00126582278481
98 81 0.00212765957447
49 72 0.00212765957447
91 0 0.0005617977528089888
14 13 0.0038461538461500005
8 44 0.00192307692308
20 32 0.0037037037037
10 3 0.0015873015873015873
31 75 0.0010989010989000002
72 7 0.0013157894736842105
3 4 0.0016393442623000001
8 24 0.0010204081632700002
0 46 0.001
13 39 0.0038461538461500005
82 14 0.0010989010989000002
46 9 0.0016129032258100002
1 55 0.0010204081632700002
44 2 0.0015151515151515154
33 29 0.0023809523809500003
64 66 0.0010416666666700001
89 0 0.0005617977528089888
18 89 0.00114942528736
83 7 0.0013157894736842105
5 55 0.0010204081632700002
81 2 0.0015151515151515154
4 11 0.00114942528736
10 34 0.00169491525424
39 2 0.0015151515151515154
3 79 0.003125
8 55 0.0010204081632700002
39 13 0.0038461538461500005
0 13 0.0038461538461500005
99 5 0.0023809523809500003
98 70 0.00208333333333
7 95 0.004
55 0 0.0005617977528089888
5 98 0.00131578947368
46 40 0.0023255813953500003
16 11 0.00114942528736
9 46 0.001
0 71 0.00322580645161
36 15 0.00128205128205
15 11 0.00114942528736
34 0 0.0005617977528089888
13 62 0.00526315789474
0 62 0.00526315789474
38 46 0.001
59 99 0.002
29 0 0.0005617977528089888
99 34 0.00169491525424
14 21 0.00434782608696
63 91 0.005000000000000001
68 3 0.0015873015873015873
47 15 0.00128205128205
45 2 0.0015151515151515154
87 94 0.000990099009901
9 79 0.003125
0 38 0.00434782608696
80 19 0.0027027027027
74 94 0.000990099009901
16 36 0.00126582278481
45 56 0.00116279069767
87 66 0.0010416666666700001
79 3 0.0015873015873015873
7 40 0.0023255813953500003
70 89 0.00114942528736
88 87 0.0010989010989000002
0 83 0.00133333333333
80 4 0.0016393442623000001
45 99 0.002
50 27 0.0017543859649100002
0 5 0.0023809523809500003
14 2 0.0015151515151515154
83 89 0.00114942528736
92 24 0.0010204081632700002
20 17 0.0015873015873
55 24 0.0010204081632700002
74 3 0.0015873015873015873
80 11 0.00114942528736
10 16 0.0030303030303
45 25 0.00434782608696
0 95 0.004
36 55 0.0010204081632700002
74 2 0.0015151515151515154
15 19 0.0027027027027
2 74 0.000574712643678
14 29 0.0023809523809500003
68 11 0.00114942528736
2 13 0.0038461538461500005
57 44 0.00192307692308
70 44 0.00192307692308
1 7 0.0013157894736842105
0 72 0.00212765957447
