70 81 0.0063829787234099995
5 46 0.003
25 31 0.00357142857144
94 66 0.00312500000001
44 36 0.0037974683544299997
93 0 0.0016853932584269661
0 29 0.00714285714285
27 58 0.02499999999999
7 79 0.009375
72 0 0.0016853932584269661
8 17 0.0047619047619
0 87 0.0032967032967
14 80 0.00545454545454
7 1 0.01764705882352941
69 9 0.00483870967743
5 24 0.00306122448981
89 73 0.15
67 0 0.0016853932584269661
3 19 0.0081081081081
9 4 0.0049180327869
66 94 0.002970297029703
44 11 0.0034482758620799996
0 97 0.0142857142857
23 7 0.003947368421052631
92 46 0.003
62 0 0.0016853932584269661
24 68 0.005660377358489999
3 70 0.0062499999999900005
0 54 0.01875
98 79 0.009375
0 70 0.0062499999999900005
41 0 0.0016853932584269661
70 36 0.0037974683544299997
19 68 0.005660377358489999
18 7 0.003947368421052631
24 14 0.0032967032967
10 97 0.0142857142857
0 64 0.01071428571429
36 0 0.0016853932584269661
79 19 0.0081081081081
98 24 0.00306122448981
21 27 0.00526315789473
7 24 0.00306122448981
34 9 0.00483870967743
86 0 0.0016853932584269661
11 20 0.00315789473685
10 87 0.0032967032967
80 61 0.02142857142858
94 74 0.001724137931034
31 0 0.0016853932584269661
93 24 0.00306122448981
0 21 0.01304347826088
29 7 0.003947368421052631
42 37 0.00731707317072
71 67 0.013636363636349999
91 3 0.0047619047619047615
14 18 0.013636363636363636
27 50 0.01666666666668
70 7 0.003947368421052631
33 27 0.00526315789473
25 45 0.0111111111111
17 55 0.00306122448981
3 81 0.0063829787234099995
59 36 0.0037974683544299997
9 70 0.0062499999999900005
0 47 0.00434782608696
5 0 0.0016853932584269661
89 81 0.0063829787234099995
24 55 0.00306122448981
46 14 0.0032967032967
44 3 0.0047619047619047615
0 25 0.01304347826088
41 11 0.0034482758620799996
40 21 0.01304347826088
94 83 0.003999999999989999
46 99 0.006
2 29 0.00714285714285
4 36 0.0037974683544299997
1 89 0.0034482758620799996
0 14 0.0032967032967
99 4 0.0049180327869
36 70 0.0062499999999900005
20 10 0.0032967032967
66 60 0.00454545454545
8 98 0.0039473684210399995
0 88 0.001132075471698
57 10 0.0032967032967
36 8 0.00405405405405
92 5 0.00714285714285
15 10 0.0032967032967
41 54 0.01875
2 45 0.0111111111111
10 95 0.012
3 34 0.005084745762719999
9 27 0.00526315789473
14 89 0.0034482758620799996
72 70 0.0062499999999900005
31 55 0.00306122448981
3 89 0.0034482758620799996
2 50 0.01666666666668
87 89 0.0034482758620799996
0 39 0.01153846153845
36 47 0.00434782608696
90 29 0.00714285714285
0 69 0.008571428571419999
82 7 0.003947368421052631
47 80 0.00545454545454
0 96 0.06
80 20 0.00315789473685
2 72 0.0063829787234099995
45 55 0.00306122448981
20 69 0.008571428571419999
70 94 0.002970297029703
76 9 0.00483870967743
17 8 0.00405405405405
95 0 0.0016853932584269661
0 6 0.01666666666668
7 23 0.00340909090908
14 3 0.0047619047619047615
74 0 0.0016853932584269661
73 89 0.0034482758620799996
0 80 0.00545454545454
7 8 0.00405405405405
91 89 0.0034482758620799996
90 2 0.004545454545454545
69 0 0.0016853932584269661
55 45 0.0111111111111
64 3 0.0047619047619047615
54 21 0.01304347826088
24 40 0.00697674418605
9 3 0.0047619047619047615
44 12 0.02499999999999
23 14 0.0032967032967
29 23 0.00340909090908
15 36 0.0037974683544299997
99 45 0.0111111111111
48 0 0.0016853932584269661
27 2 0.004545454545454545
34 98 0.0039473684210399995
76 94 0.002970297029703
89 14 0.0032967032967
3 44 0.005769230769239999
46 80 0.00545454545454
2 10 0.0032967032967
44 70 0.0062499999999900005
8 9 0.00483870967743
0 63 0.02142857142858
43 0 0.0016853932584269661
29 45 0.0111111111111
14 40 0.00697674418605
24 7 0.003947368421052631
46 19 0.0081081081081
38 0 0.0016853932584269661
0 73 0.15
79 10 0.0032967032967
98 1 0.01764705882352941
34 14 0.0032967032967
74 66 0.00312500000001
54 2 0.004545454545454545
47 55 0.00306122448981
17 0 0.0016853932584269661
24 92 0.0058823529411900005
0 30 0.0142857142857
29 14 0.0032967032967
50 29 0.00714285714285
14 11 0.0034482758620799996
33 2 0.004545454545454545
88 72 0.0063829787234099995
12 0 0.0016853932584269661
55 19 0.0081081081081
4 46 0.003
0 17 0.0047619047619
0 40 0.00697674418605
7 0 0.0016853932584269661
69 8 0.00405405405405
4 80 0.00545454545454
89 72 0.0063829787234099995
88 63 0.02142857142858
10 79 0.009375
9 11 0.0034482758620799996
8 92 0.0058823529411900005
44 4 0.0049180327869
40 46 0.003
20 57 0.00517241379309
89 22 0.008571428571419999
81 8 0.00405405405405
48 99 0.006
0 15 0.00384615384615
0 55 0.00306122448981
97 10 0.0032967032967
7 97 0.0142857142857
20 3 0.0047619047619047615
55 10 0.0032967032967
4 55 0.00306122448981
88 30 0.0142857142857
24 15 0.00384615384615
46 38 0.01304347826088
2 88 0.001132075471698
0 65 0.06
36 1 0.01764705882352941
79 18 0.013636363636363636
49 27 0.00526315789473
92 14 0.0032967032967
7 27 0.00526315789473
40 13 0.01153846153845
19 17 0.0047619047619
72 95 0.012
0 22 0.008571428571419999
40 55 0.00306122448981
7 70 0.0062499999999900005
55 2 0.004545454545454545
10 1 0.01764705882352941
66 10 0.0032967032967
45 8 0.00405405405405
54 41 0.01666666666668
9 69 0.008571428571419999
0 32 0.0111111111111
57 34 0.005084745762719999
18 10 0.0032967032967
98 56 0.0034883720930100003
80 29 0.00714285714285
46 15 0.00384615384615
66 87 0.0032967032967
56 42 0.002459016393444
42 5 0.00714285714285
14 24 0.00306122448981
27 18 0.013636363636363636
88 81 0.0063829787234099995
81 0 0.0016853932584269661
74 83 0.003999999999989999
70 57 0.00517241379309
99 7 0.003947368421052631
7 89 0.0034482758620799996
34 72 0.0063829787234099995
20 11 0.0034482758620799996
76 0 0.0016853932584269661
89 36 0.0037974683544299997
0 89 0.0034482758620799996
19 79 0.009375
24 23 0.00340909090908
2 80 0.00545454545454
45 31 0.00357142857144
9 44 0.005769230769239999
30 26 0.0142857142857
7 19 0.0081081081081
69 7 0.003947368421052631
90 0 0.0016853932584269661
54 18 0.013636363636363636
71 0 0.0016853932584269661
50 0 0.0016853932584269661
99 36 0.0037974683544299997
14 27 0.00526315789473
55 99 0.006
45 0 0.0016853932584269661
72 49 0.007894736842105262
87 88 0.001132075471698
0 56 0.0034883720930100003
23 92 0.0058823529411900005
10 69 0.008571428571419999
89 88 0.001132075471698
11 44 0.005769230769239999
24 0 0.0016853932584269661
98 3 0.0047619047619047615
3 2 0.004545454545454545
95 89 0.0034482758620799996
11 15 0.00384615384615
69 46 0.003
88 89 0.0034482758620799996
47 46 0.003
17 15 0.00384615384615
60 26 0.0142857142857
94 88 0.001132075471698
2 18 0.013636363636363636
50 25 0.01304347826088
0 7 0.003947368421052631
57 75 0.0032967032967
14 0 0.0016853932584269661
7 81 0.0063829787234099995
19 87 0.0032967032967
2 40 0.00697674418605
0 81 0.0063829787234099995
49 11 0.0034482758620799996
69 15 0.00384615384615
85 0 0.0016853932584269661
82 29 0.00714285714285
24 4 0.0049180327869
68 67 0.013636363636349999
81 89 0.0034482758620799996
80 46 0.003
9 2 0.004545454545454545
1 36 0.0037974683544299997
23 9 0.00483870967743
92 80 0.00545454545454
99 44 0.005769230769239999
34 99 0.006
67 68 0.005660377358489999
3 64 0.01071428571429
72 57 0.00517241379309
0 48 0.00999999999999
14 41 0.01666666666668
83 66 0.00312500000001
20 4 0.0049180327869
11 36 0.0037974683544299997
24 8 0.00405405405405
53 52 0.075
25 3 0.0047619047619047615
3 10 0.0032967032967
9 35 0.00999999999999
0 74 0.001724137931034
29 98 0.0039473684210399995
72 88 0.001132075471698
57 83 0.003999999999989999
29 13 0.01153846153845
42 59 0.00697674418605
99 55 0.00306122448981
69 92 0.0058823529411900005
74 9 0.00483870967743
59 46 0.003
10 9 0.00483870967743
0 10 0.0032967032967
72 2 0.004545454545454545
87 75 0.0032967032967
0 41 0.01666666666668
36 57 0.00517241379309
21 50 0.01666666666668
64 0 0.0016853932584269661
55 36 0.0037974683544299997
89 79 0.009375
88 0 0.0016853932584269661
46 4 0.0049180327869
10 0 0.0016853932584269661
9 10 0.0032967032967
4 44 0.005769230769239999
15 47 0.00434782608696
74 10 0.0032967032967
83 0 0.0016853932584269661
69 61 0.02142857142858
18 79 0.009375
4 14 0.0032967032967
11 98 0.0039473684210399995
10 57 0.00517241379309
2 3 0.0047619047619047615
31 45 0.0111111111111
64 7 0.003947368421052631
79 70 0.0062499999999900005
0 8 0.00405405405405
78 0 0.0016853932584269661
83 74 0.001724137931034
34 49 0.007894736842105262
55 5 0.00714285714285
11 92 0.0058823529411900005
2 89 0.0034482758620799996
14 33 0.0142857142857
0 66 0.00312500000001
57 0 0.0016853932584269661
79 29 0.00714285714285
40 29 0.00714285714285
2 44 0.005769230769239999
34 7 0.003947368421052631
70 79 0.009375
40 14 0.0032967032967
55 80 0.00545454545454
54 27 0.00526315789473
52 0 0.0016853932584269661
87 9 0.00483870967743
4 23 0.00340909090908
47 0 0.0016853932584269661
15 24 0.00306122448981
3 83 0.003999999999989999
72 10 0.0032967032967
3 13 0.01153846153845
0 33 0.0142857142857
26 0 0.0016853932584269661
82 13 0.01153846153845
33 90 0.02000000000001
89 87 0.0032967032967
17 99 0.006
9 34 0.005084745762719999
15 55 0.00306122448981
27 21 0.01304347826088
40 23 0.00340909090908
97 75 0.0032967032967
62 14 0.0032967032967
89 29 0.00714285714285
81 7 0.003947368421052631
2 27 0.00526315789473
57 66 0.00312500000001
98 69 0.008571428571419999
41 14 0.0032967032967
46 47 0.00434782608696
2 81 0.0063829787234099995
72 19 0.0081081081081
0 90 0.02000000000001
36 10 0.0032967032967
92 7 0.003947368421052631
15 20 0.00315789473685
21 33 0.0142857142857
7 18 0.013636363636363636
6 89 0.0034482758620799996
4 98 0.0039473684210399995
88 49 0.007894736842105262
11 14 0.0032967032967
80 55 0.00306122448981
40 7 0.003947368421052631
26 66 0.00312500000001
74 57 0.00517241379309
3 91 0.015
31 60 0.00454545454545
44 72 0.0063829787234099995
9 76 0.00612244897959
64 8 0.00405405405405
0 57 0.00517241379309
99 17 0.0047619047619
98 49 0.007894736842105262
19 0 0.0016853932584269661
90 27 0.00526315789473
11 47 0.00434782608696
46 20 0.00315789473685
2 70 0.0062499999999900005
90 33 0.0142857142857
13 18 0.013636363636363636
95 10 0.0032967032967
19 3 0.0047619047619047615
74 88 0.001132075471698
72 81 0.0063829787234099995
8 34 0.005084745762719999
0 24 0.00306122448981
57 74 0.001724137931034
70 10 0.0032967032967
7 80 0.00545454545454
3 98 0.0039473684210399995
46 55 0.00306122448981
2 41 0.01666666666668
0 82 0.021428571428571425
7 10 0.0032967032967
55 47 0.00434782608696
89 70 0.0062499999999900005
81 88 0.001132075471698
80 47 0.00434782608696
27 4 0.0049180327869
70 2 0.004545454545454545
33 41 0.01666666666668
75 97 0.0142857142857
54 33 0.0142857142857
67 71 0.00967741935483
4 7 0.003947368421052631
87 83 0.003999999999989999
8 11 0.0034482758620799996
0 49 0.007894736842105262
14 46 0.003
80 14 0.0032967032967
13 40 0.00697674418605
0 75 0.0032967032967
7 29 0.00714285714285
19 11 0.0034482758620799996
5 36 0.0037974683544299997
54 0 0.0016853932584269661
74 64 0.01071428571429
72 89 0.0034482758620799996
50 14 0.0032967032967
0 16 0.0090909090909
56 5 0.00714285714285
42 56 0.0034883720930100003
71 68 0.005660377358489999
35 9 0.00483870967743
14 9 0.00483870967743
40 49 0.007894736842105262
7 72 0.0063829787234099995
33 0 0.0016853932584269661
11 68 0.005660377358489999
10 7 0.003947368421052631
2 33 0.0142857142857
72 3 0.0047619047619047615
87 74 0.001724137931034
8 20 0.00315789473685
64 57 0.00517241379309
0 42 0.002459016393444
49 2 0.004545454545454545
92 23 0.00340909090908
7 2 0.004545454545454545
83 57 0.00517241379309
3 20 0.00315789473685
98 34 0.005084745762719999
46 5 0.00714285714285
14 92 0.0058823529411900005
23 0 0.0016853932584269661
60 66 0.00312500000001
83 3 0.0047619047619047615
28 0 0.0016853932584269661
2 0 0.0016853932584269661
0 9 0.00483870967743
99 1 0.01764705882352941
36 89 0.0034482758620799996
15 69 0.008571428571419999
14 54 0.01875
69 98 0.0039473684210399995
7 99 0.006
55 4 0.0049180327869
18 2 0.004545454545454545
9 42 0.002459016393444
95 72 0.0063829787234099995
0 67 0.013636363636349999
57 7 0.003947368421052631
92 8 0.00405405405405
76 88 0.001132075471698
13 2 0.004545454545454545
57 3 0.0047619047619047615
3 63 0.02142857142858
74 72 0.0063829787234099995
7 64 0.01071428571429
25 50 0.01666666666668
22 89 0.0034482758620799996
79 9 0.00483870967743
0 34 0.005084745762719999
29 90 0.02000000000001
36 34 0.005084745762719999
32 20 0.00315789473685
81 72 0.0063829787234099995
9 49 0.007894736842105262
24 93 0.00999999999999
79 7 0.003947368421052631
7 44 0.005769230769239999
0 1 0.01764705882352941
91 63 0.02142857142858
14 62 0.01578947368422
15 46 0.003
34 70 0.0062499999999900005
19 81 0.0063829787234099995
74 7 0.003947368421052631
10 20 0.00315789473685
16 15 0.00384615384615
45 29 0.00714285714285
36 11 0.0034482758620799996
92 0 0.0016853932584269661
4 99 0.006
47 42 0.002459016393444
66 72 0.0063829787234099995
47 11 0.0034482758620799996
66 0 0.0016853932584269661
0 58 0.02499999999999
29 82 0.021428571428571425
63 9 0.00483870967743
32 44 0.005769230769239999
61 0 0.0016853932584269661
22 0 0.0016853932584269661
11 46 0.003
80 23 0.00340909090908
42 11 0.0034482758620799996
98 4 0.0049180327869
89 6 0.01666666666668
7 36 0.0037974683544299997
25 27 0.00526315789473
74 89 0.0034482758620799996
72 34 0.005084745762719999
0 2 0.004545454545454545
57 64 0.01071428571429
79 81 0.0063829787234099995
66 26 0.0142857142857
35 0 0.0016853932584269661
7 83 0.003999999999989999
55 20 0.00315789473685
66 57 0.00517241379309
44 98 0.0039473684210399995
30 0 0.0016853932584269661
4 20 0.00315789473685
21 40 0.00697674418605
55 46 0.003
82 27 0.00526315789473
10 66 0.00312500000001
9 0 0.0016853932584269661
37 42 0.002459016393444
8 1 0.01764705882352941
99 46 0.003
27 7 0.003947368421052631
97 57 0.00517241379309
33 40 0.00697674418605
76 89 0.0034482758620799996
55 31 0.00357142857144
88 68 0.005660377358489999
25 2 0.004545454545454545
4 0 0.0016853932584269661
17 36 0.0037974683544299997
2 9 0.00483870967743
0 50 0.01666666666668
70 34 0.005084745762719999
55 15 0.00384615384615
34 57 0.00517241379309
3 12 0.02499999999999
0 76 0.00612244897959
23 40 0.00697674418605
36 4 0.0049180327869
16 0 0.0016853932584269661
69 20 0.00315789473685
0 85 0.0999999999999
11 16 0.0090909090909
40 0 0.0016853932584269661
94 70 0.0062499999999900005
18 13 0.01153846153845
44 32 0.0111111111111
79 89 0.0034482758620799996
70 3 0.0047619047619047615
12 3 0.0047619047619047615
68 24 0.00306122448981
19 55 0.00306122448981
30 8 0.00405405405405
0 43 0.01304347826088
36 59 0.00697674418605
34 44 0.005769230769239999
88 2 0.004545454545454545
11 49 0.007894736842105262
10 74 0.001724137931034
46 10 0.0032967032967
9 8 0.00405405405405
44 7 0.003947368421052631
64 79 0.009375
7 55 0.00306122448981
70 98 0.0039473684210399995
88 76 0.00612244897959
4 8 0.00405405405405
3 74 0.001724137931034
44 57 0.00517241379309
79 64 0.01071428571429
69 4 0.0049180327869
49 34 0.005084745762719999
14 55 0.00306122448981
27 41 0.01666666666668
7 98 0.0039473684210399995
55 7 0.003947368421052631
19 72 0.0063829787234099995
65 0 0.0016853932584269661
80 7 0.003947368421052631
36 17 0.0047619047619
94 0 0.0016853932584269661
0 68 0.005660377358489999
7 34 0.005084745762719999
41 50 0.01666666666668
24 36 0.0037974683544299997
98 20 0.00315789473685
34 5 0.00714285714285
20 80 0.00545454545454
75 57 0.00517241379309
11 8 0.00405405405405
68 94 0.002970297029703
73 0 0.0016853932584269661
9 23 0.00340909090908
89 3 0.0047619047619047615
72 66 0.00312500000001
11 9 0.00483870967743
57 89 0.0034482758620799996
27 54 0.01875
89 2 0.004545454545454545
68 0 0.0016853932584269661
18 98 0.0039473684210399995
2 54 0.01875
9 74 0.001724137931034
0 35 0.00999999999999
29 89 0.0034482758620799996
34 36 0.0037974683544299997
63 0 0.0016853932584269661
5 12 0.02499999999999
88 10 0.0032967032967
11 41 0.01666666666668
80 16 0.0090909090909
7 57 0.00517241379309
1 10 0.0032967032967
72 97 0.0142857142857
49 10 0.0032967032967
56 45 0.0111111111111
42 0 0.0016853932584269661
21 14 0.0032967032967
17 20 0.00315789473685
34 19 0.0081081081081
10 47 0.00434782608696
94 87 0.0032967032967
2 25 0.01304347826088
44 49 0.007894736842105262
37 0 0.0016853932584269661
79 72 0.0063829787234099995
27 33 0.0142857142857
97 7 0.003947368421052631
76 3 0.0047619047619047615
47 36 0.0037974683544299997
60 0 0.0016853932584269661
19 80 0.00545454545454
89 1 0.01764705882352941
30 25 0.01304347826088
0 92 0.0058823529411900005
49 9 0.00483870967743
98 44 0.005769230769239999
20 88 0.001132075471698
11 0 0.0016853932584269661
72 74 0.001724137931034
87 3 0.0047619047619047615
57 97 0.0142857142857
29 27 0.00526315789473
27 14 0.0032967032967
6 0 0.0016853932584269661
89 10 0.0032967032967
47 10 0.0032967032967
2 14 0.0032967032967
64 10 0.0032967032967
0 59 0.00697674418605
99 19 0.0081081081081
22 2 0.004545454545454545
41 27 0.00526315789473
27 88 0.001132075471698
9 16 0.0090909090909
3 7 0.003947368421052631
8 79 0.009375
22 88 0.001132075471698
98 5 0.00714285714285
23 80 0.00545454545454
54 14 0.0032967032967
3 49 0.007894736842105262
74 70 0.0062499999999900005
8 36 0.0037974683544299997
75 87 0.0032967032967
0 26 0.0142857142857
57 72 0.0063829787234099995
29 50 0.01666666666668
99 48 0.00999999999999
36 74 0.001724137931034
49 82 0.021428571428571425
14 7 0.003947368421052631
69 81 0.0063829787234099995
7 82 0.021428571428571425
33 14 0.0032967032967
89 49 0.007894736842105262
24 98 0.0039473684210399995
2 39 0.01153846153845
72 29 0.00714285714285
44 99 0.006
87 76 0.00612244897959
9 89 0.0034482758620799996
1 99 0.006
0 84 0.0333333333333
29 72 0.0063829787234099995
98 36 0.0037974683544299997
79 97 0.0142857142857
90 14 0.0032967032967
19 34 0.005084745762719999
44 8 0.00405405405405
64 72 0.0063829787234099995
13 29 0.00714285714285
42 17 0.0047619047619
49 3 0.0047619047619047615
14 49 0.007894736842105262
89 18 0.013636363636363636
0 51 0.0999999999999
57 55 0.00306122448981
7 3 0.0047619047619047615
20 7 0.003947368421052631
10 70 0.0062499999999900005
75 93 0.00999999999999
13 82 0.021428571428571425
26 30 0.0142857142857
55 14 0.0032967032967
10 98 0.0039473684210399995
80 0 0.0016853932584269661
2 92 0.0058823529411900005
0 77 0.005084745762719999
36 5 0.00714285714285
49 29 0.00714285714285
98 29 0.00714285714285
7 31 0.00357142857144
97 89 0.0034482758620799996
82 49 0.007894736842105262
5 34 0.005084745762719999
75 0 0.0016853932584269661
15 0 0.0016853932584269661
11 19 0.0081081081081
68 87 0.0032967032967
61 98 0.0039473684210399995
3 57 0.00517241379309
31 7 0.003947368421052631
64 97 0.0142857142857
0 18 0.013636363636363636
27 49 0.007894736842105262
70 0 0.0016853932584269661
7 74 0.001724137931034
89 57 0.00517241379309
89 64 0.01071428571429
10 5 0.00714285714285
2 63 0.02142857142858
87 68 0.005660377358489999
79 98 0.0039473684210399995
0 44 0.005769230769239999
81 98 0.0039473684210399995
49 0 0.0016853932584269661
11 4 0.0049180327869
89 76 0.00612244897959
46 11 0.0034482758620799996
23 24 0.00306122448981
0 31 0.00357142857144
50 41 0.01666666666668
8 64 0.01071428571429
44 0 0.0016853932584269661
87 19 0.0081081081081
23 2 0.004545454545454545
19 46 0.003
4 9 0.00483870967743
17 19 0.0081081081081
74 87 0.0032967032967
10 36 0.0037974683544299997
39 0 0.0016853932584269661
46 92 0.0058823529411900005
92 40 0.00697674418605
0 11 0.0034482758620799996
29 33 0.0142857142857
98 72 0.0063829787234099995
27 40 0.00697674418605
40 92 0.0058823529411900005
20 15 0.00384615384615
10 15 0.00384615384615
18 0 0.0016853932584269661
40 24 0.00306122448981
46 42 0.002459016393444
16 9 0.00483870967743
95 74 0.001724137931034
13 0 0.0016853932584269661
70 66 0.00312500000001
5 42 0.002459016393444
18 54 0.01875
27 29 0.00714285714285
50 2 0.004545454545454545
87 10 0.0032967032967
29 2 0.004545454545454545
42 46 0.003
76 87 0.0032967032967
14 23 0.00340909090908
27 9 0.00483870967743
20 46 0.003
88 74 0.001724137931034
17 42 0.002459016393444
46 69 0.008571428571419999
2 55 0.00306122448981
8 30 0.0142857142857
10 46 0.003
0 19 0.0081081081081
0 36 0.0037974683544299997
36 44 0.005769230769239999
63 3 0.0047619047619047615
55 57 0.00517241379309
5 11 0.0034482758620799996
88 11 0.0034482758620799996
80 17 0.0047619047619
31 20 0.00315789473685
66 83 0.003999999999989999
72 98 0.0039473684210399995
98 10 0.0032967032967
89 7 0.003947368421052631
61 69 0.008571428571419999
97 72 0.0063829787234099995
3 72 0.0063829787234099995
62 13 0.01153846153845
89 98 0.0039473684210399995
74 95 0.012
10 44 0.005769230769239999
95 7 0.003947368421052631
2 22 0.008571428571419999
72 44 0.005769230769239999
66 89 0.0034482758620799996
0 3 0.0047619047619047615
98 64 0.01071428571429
49 89 0.0034482758620799996
83 87 0.0032967032967
10 18 0.013636363636363636
10 11 0.0034482758620799996
9 80 0.00545454545454
0 93 0.00999999999999
88 27 0.00526315789473
29 79 0.009375
92 2 0.004545454545454545
15 17 0.0047619047619
97 0 0.0016853932584269661
49 44 0.005769230769239999
68 71 0.00967741935483
10 88 0.001132075471698
2 98 0.0039473684210399995
8 81 0.0063829787234099995
44 17 0.0047619047619
8 0 0.0016853932584269661
36 98 0.0039473684210399995
14 31 0.00357142857144
89 9 0.00483870967743
12 44 0.005769230769239999
81 19 0.0081081081081
74 36 0.0037974683544299997
57 36 0.0037974683544299997
0 60 0.00454545454545
29 80 0.00545454545454
82 0 0.0016853932584269661
81 70 0.0062499999999900005
80 9 0.00483870967743
9 63 0.02142857142858
42 9 0.00483870967743
98 2 0.004545454545454545
77 0 0.0016853932584269661
40 2 0.004545454545454545
97 64 0.01071428571429
19 4 0.0049180327869
17 3 0.0047619047619047615
31 30 0.0142857142857
50 21 0.01304347826088
98 61 0.02142857142858
88 22 0.008571428571419999
30 88 0.001132075471698
0 27 0.00526315789473
29 49 0.007894736842105262
56 0 0.0016853932584269661
49 81 0.0063829787234099995
14 4 0.0049180327869
70 9 0.00483870967743
20 31 0.00357142857144
0 91 0.015
12 5 0.00714285714285
59 42 0.002459016393444
51 0 0.0016853932584269661
1 98 0.0039473684210399995
14 82 0.021428571428571425
41 33 0.0142857142857
21 54 0.01875
11 42 0.002459016393444
7 4 0.0049180327869
26 60 0.00454545454545
55 40 0.00697674418605
10 64 0.01071428571429
3 17 0.0047619047619
46 0 0.0016853932584269661
66 64 0.01071428571429
3 0 0.0016853932584269661
44 9 0.00483870967743
81 79 0.009375
27 25 0.01304347826088
88 70 0.0062499999999900005
25 0 0.0016853932584269661
80 92 0.0058823529411900005
72 79 0.009375
3 68 0.005660377358489999
2 7 0.003947368421052631
3 25 0.01304347826088
0 52 0.075
29 40 0.00697674418605
49 40 0.00697674418605
41 2 0.004545454545454545
20 0 0.0016853932584269661
17 80 0.00545454545454
11 88 0.001132075471698
3 14 0.0032967032967
13 3 0.0047619047619047615
36 16 0.0090909090909
0 78 0.15
98 8 0.00405405405405
94 68 0.005660377358489999
44 34 0.005084745762719999
8 45 0.0111111111111
64 98 0.0039473684210399995
92 69 0.008571428571419999
75 31 0.00357142857144
99 59 0.00697674418605
66 74 0.001724137931034
19 99 0.006
5 92 0.0058823529411900005
10 2 0.004545454545454545
7 20 0.00315789473685
25 30 0.0142857142857
0 45 0.0111111111111
49 7 0.003947368421052631
87 0 0.0016853932584269661
14 90 0.02000000000001
89 83 0.003999999999989999
10 72 0.0063829787234099995
46 8 0.00405405405405
9 14 0.0032967032967
72 64 0.01071428571429
23 29 0.00714285714285
71 38 0.01304347826088
7 49 0.007894736842105262
81 3 0.0047619047619047615
16 80 0.00545454545454
38 71 0.00967741935483
0 23 0.00340909090908
0 12 0.02499999999999
7 92 0.0058823529411900005
55 1 0.01764705882352941
40 33 0.0142857142857
5 99 0.006
11 80 0.00545454545454
16 10 0.0032967032967
92 11 0.0034482758620799996
98 18 0.013636363636363636
34 3 0.0047619047619047615
3 76 0.00612244897959
11 10 0.0032967032967
68 88 0.001132075471698
10 81 0.0063829787234099995
94 76 0.00612244897959
31 14 0.0032967032967
58 27 0.00526315789473
42 47 0.00434782608696
4 24 0.00306122448981
17 44 0.005769230769239999
63 88 0.001132075471698
4 19 0.0081081081081
3 87 0.0032967032967
10 55 0.00306122448981
0 37 0.00731707317072
14 34 0.005084745762719999
84 0 0.0016853932584269661
63 2 0.004545454545454545
2 49 0.007894736842105262
5 10 0.0032967032967
4 69 0.008571428571419999
89 91 0.015
1 8 0.00405405405405
33 21 0.01304347826088
64 89 0.0034482758620799996
79 0 0.0016853932584269661
8 4 0.0049180327869
42 14 0.0032967032967
98 11 0.0034482758620799996
49 98 0.0039473684210399995
70 88 0.001132075471698
40 27 0.00526315789473
97 79 0.009375
89 97 0.0142857142857
61 80 0.00545454545454
60 31 0.00357142857144
20 8 0.00405405405405
68 19 0.0081081081081
52 53 0.075
2 23 0.00340909090908
58 0 0.0016853932584269661
0 4 0.0049180327869
57 70 0.0062499999999900005
24 5 0.00714285714285
49 88 0.001132075471698
36 42 0.002459016393444
81 49 0.007894736842105262
53 0 0.0016853932584269661
9 87 0.0032967032967
30 31 0.00357142857144
0 94 0.002970297029703
15 16 0.0090909090909
16 3 0.0047619047619047615
7 14 0.0032967032967
32 0 0.0016853932584269661
89 66 0.00312500000001
10 89 0.0034482758620799996
36 99 0.006
27 0 0.0016853932584269661
18 27 0.00526315789473
20 55 0.00306122448981
36 24 0.00306122448981
4 27 0.00526315789473
8 7 0.003947368421052631
0 61 0.02142857142858
56 98 0.0039473684210399995
14 42 0.002459016393444
27 90 0.02000000000001
89 95 0.012
18 14 0.0032967032967
88 20 0.00315789473685
81 69 0.008571428571419999
3 9 0.00483870967743
1 0 0.0016853932584269661
93 75 0.0032967032967
79 8 0.00405405405405
13 14 0.0032967032967
33 54 0.01875
19 7 0.003947368421052631
5 56 0.0034883720930100003
88 94 0.002970297029703
31 25 0.01304347826088
0 28 0.0999999999999
10 49 0.007894736842105262
98 89 0.0034482758620799996
83 94 0.002970297029703
55 17 0.0047619047619
8 69 0.008571428571419999
46 59 0.00697674418605
0 86 0.0075
57 20 0.00315789473685
49 14 0.0032967032967
11 5 0.00714285714285
34 10 0.0032967032967
20 98 0.0039473684210399995
69 10 0.0032967032967
89 74 0.001724137931034
3 16 0.0090909090909
70 74 0.001724137931034
44 10 0.0032967032967
23 4 0.0049180327869
64 74 0.001724137931034
66 70 0.0062499999999900005
81 10 0.0032967032967
4 3 0.0047619047619047615
21 0 0.0016853932584269661
0 53 0.075
59 0 0.0016853932584269661
14 50 0.01666666666668
27 82 0.021428571428571425
55 8 0.00405405405405
80 2 0.004545454545454545
2 90 0.02000000000001
0 79 0.009375
36 7 0.003947368421052631
34 8 0.00405405405405
70 72 0.0063829787234099995
96 0 0.0016853932584269661
19 15 0.00384615384615
98 7 0.003947368421052631
7 69 0.008571428571419999
8 46 0.003
0 20 0.00315789473685
42 36 0.0037974683544299997
98 81 0.0063829787234099995
49 72 0.0063829787234099995
91 0 0.0016853932584269661
14 13 0.01153846153845
8 44 0.005769230769239999
20 32 0.0111111111111
10 3 0.0047619047619047615
31 75 0.0032967032967
72 7 0.003947368421052631
3 4 0.0049180327869
8 24 0.00306122448981
0 46 0.003
13 39 0.01153846153845
82 14 0.0032967032967
46 9 0.00483870967743
1 55 0.00306122448981
44 2 0.004545454545454545
33 29 0.00714285714285
64 66 0.00312500000001
89 0 0.0016853932584269661
18 89 0.0034482758620799996
83 7 0.003947368421052631
5 55 0.00306122448981
81 2 0.004545454545454545
4 11 0.0034482758620799996
10 34 0.005084745762719999
39 2 0.004545454545454545
3 79 0.009375
8 55 0.00306122448981
39 13 0.01153846153845
0 13 0.01153846153845
99 5 0.00714285714285
98 70 0.0062499999999900005
7 95 0.012
55 0 0.0016853932584269661
5 98 0.0039473684210399995
46 40 0.00697674418605
16 11 0.0034482758620799996
9 46 0.003
0 71 0.00967741935483
36 15 0.00384615384615
15 11 0.0034482758620799996
34 0 0.0016853932584269661
13 62 0.01578947368422
0 62 0.01578947368422
38 46 0.003
59 99 0.006
29 0 0.0016853932584269661
99 34 0.005084745762719999
14 21 0.01304347826088
63 91 0.015
68 3 0.0047619047619047615
47 15 0.00384615384615
45 2 0.004545454545454545
87 94 0.002970297029703
9 79 0.009375
0 38 0.01304347826088
80 19 0.0081081081081
74 94 0.002970297029703
16 36 0.0037974683544299997
45 56 0.0034883720930100003
87 66 0.00312500000001
79 3 0.0047619047619047615
7 40 0.00697674418605
70 89 0.0034482758620799996
88 87 0.0032967032967
0 83 0.003999999999989999
80 4 0.0049180327869
45 99 0.006
50 27 0.00526315789473
0 5 0.00714285714285
14 2 0.004545454545454545
83 89 0.0034482758620799996
92 24 0.00306122448981
20 17 0.0047619047619
55 24 0.00306122448981
74 3 0.0047619047619047615
80 11 0.0034482758620799996
10 16 0.0090909090909
45 25 0.01304347826088
0 95 0.012
36 55 0.00306122448981
74 2 0.004545454545454545
15 19 0.0081081081081
2 74 0.001724137931034
14 29 0.00714285714285
68 11 0.0034482758620799996
2 13 0.01153846153845
57 44 0.005769230769239999
70 44 0.005769230769239999
1 7 0.003947368421052631
0 72 0.0063829787234099995
