13326719 2
44016343 11
3090834 10
36787545 1 7
26625961 9
27184573 10
19624856 20
68263002 3 10
40296147 8
847100 10
326575 5
559241 20
56905 15
26674344 10
491722 11
62830729 10
33054001 5
20003922 9 10 22
30637940 25
72188644 24
993380 29
3346 11
31524350 16
5979222 20
8163 5 14
11269496 20
33913959 0
3437299 15 20
7862131 9 11
343678 5
12244467 3
19274133 9
12065 10 11 15
28845160 10
8045419 28
6600875 29
3809586 10 11 15
374 8
43606005 22
300241 4 9 11 14
6263996 10 15
4513524 20
1041468 10 11 15
98331381 14
32160614 10 18
22742053 3 10 17
20953650 28
9953916 15
18537646 0 2
2039778 10
4235146 14
66115189 5
9284243 15
36524488 22
63273 2
29257408 17
29049670 10
70272430 22
7530419 23 27
28920624 24
11203119 16
35608560 5
53289240 3 17
8715 15
64543679 23 24
18768371 10
49965450 5
70034991 10
34203973 22
33993855 22 27
74100 27
250 5 10 11 15
13094124 5
12338650 20
17704462 11
21245022 16
6140500 11
2700573 5
23637723 3
5027158 5 9 15
23304496 10
52557389 3 17 22
28551727 9 11 22
84204021 22
18424378 15
49069650 10
807 29
27038667 10 11
10186 14
23820213 6 22
43882751 14
27059963 10
32169030 10
56 2 14 18 27
48930 24
359911 10
28658784 10
21396707 22
95143256 24
32581846 5 10
10545129 20
20430641 22
31281892 17 20
64980878 0 3 7 10
57837 10
6904 20
17307892 20
9199 11 15
22108446 10
46053087 5
60140141 0 3 10
33078588 3
6726778 3
40616711 5
53280908 4
56676771 5
20979746 3 10 11 17
51221821 10
50670410 8
145717 14
52353780 5
995173 11 23
207831 10
27971192 17
56866769 15
45743656 9
4796057 11 15
3796 11
29349169 5
1235453 11 15 20
47218327 24
291951 15 20
10933209 3 16
129412 20
2089898 10
3678155 5
43350645 14
26326157 10
25604655 11
16011437 10
7916859 16
58770829 5
39545549 24
5940718 11
28542288 16
98093993 10
40696878 20
71428278 10
27331843 23
2478142 11
60308 10
25 9
11462611 22
34352731 22
30238125 22
464074 20
456237 5
23941010 10
68218830 10
54530077 5
304925 15
39073572 26
2091411 15
47823180 3
21168682 10
42956080 14
35318914 29
11283939 11 20
12908334 17
16513568 20
89023 10 11 15
16864555 14
137760 10 11 15 20
17335976 5
21782002 10
34883517 10
62354583 28
1233932 21
35683765 7
57311413 10
40180261 14
19816263 11 20 22
77988045 14
71741545 10
6683387 5
6508 5
104224126 10 24
76088560 10
21435877 10
49466225 25
28524639 10 23
46891492 10
912 11
25597480 10
45941918 28
84299 8
8030023 6
957689 5
1584125 10
15282086 9 15
14727573 11
49849615 0 3 7 10
33148745 5
33737722 0 7 10
2786175 10 15
35933019 1 15 24
19552815 10
35169624 10
670335 11
1751376 10
72357221 20
37696771 20
52066671 11
57607828 15
2846583 11
3676 4
4551 20
50916994 20
15152413 9 10
49429736 7
1047611 17
3450 13
78218 14 23
20878405 2
67940544 14
35979824 10
43933222 22
125323 15
320379 14
25380626 10
19724711 11
155954 10
32277870 0 7 10
27895065 5
6118982 11
27154626 10
13849986 20
318936 25
10227805 8
13080565 22
55378623 24
30062798 9
23705146 10
8340830 14
34959094 10
5037 4
1566053 10
173891 10
9498128 9 10 15
10429985 20
63 3
2128244 14
41185226 22
417060 23
43639514 2 5
242817 15
1267 9 23
8258 15 20
27059851 10
23109295 5 10
242652 10 11 15 23
524993 3
43517580 10
12139392 9 10 15
19546487 22
6100713 10
315 10 15
57403678 15 16 17
16513036 20
18249708 10
27136800 10 22
98920964 24
38191902 21
30496554 17
6563062 11 15
8710148 9
20868929 10
49065210 27
23361078 10
9291063 14
27098092 10
82339873 15
4304577 10 11 15
43462544 10
23702661 10
5502303 9 10
52630202 3 10 22
43052530 15
151000 11 15
43165524 29
22229 10 15
2295629 22
96759519 5 15
1215239 11 17
41126705 3
37154532 5
45491419 17
44345464 5
29464166 5
9063838 9 11 15
31022965 14
16446087 5 11 15 20
34689126 3
3601189 14
9974975 15
12607615 5
20648916 8
711 5
10249245 10
2258789 10
283124 11 14 23
4326 11
67635883 3
19020508 20
20169232 3 10
40680 10
11141453 10
55476622 3 4 7
16285728 11
34914911 16
34779149 10
10829597 2
10423272 22
34957872 3
33276697 3
21401443 2 7 10
4285598 10
74286 17
379767 11
8116149 10
10121713 20
44934832 10
31275926 22
77434579 20
11823021 22
29640359 5
25207919 3
4409099 15
42113600 3 28
257857 15
12996 15 17 24
733752 5 15
23402051 5 10
34499332 10
18527031 10
34079523 11
27019642 28
55 3 10 14
5297100 29
17484306 11
29175030 15
39236499 10
50621 14 23
9093006 9 10
82476651 25
9072377 10
8187184 20
49054859 22
21380046 10
327201 10
2165384 2
798041 6
94085140 20
4058873 20
2315987 10
22736114 10 22
77050362 20
12090783 20
34777837 10
1392957 10
15106510 10
289753 14
211984 5 15
16986287 10
56785962 3
28859693 21
25678227 2 22
51106511 15 17
19418369 29
33780182 11
57466174 20
9999939 22 29
30767675 10 14
4804 14
34245535 22
17975248 0
39482285 2
49107082 22
31319658 10
167451 15
40368555 5
8023848 9
20954489 22
4522954 5
27532693 2 3 10
728 22
186593 14
30266386 10
1019652 10
