0 179
1 23
2 88
3 92
4 121
5 82
6 35
7 138
8 144
9 120
10 179
11 171
12 14
13 51
14 181
15 154
16 65
17 125
18 35
19 74
20 190
21 45
22 67
23 174
24 194
25 46
26 41
27 113
28 6
29 82
30 41
31 164
32 54
33 42
34 118
35 59
36 155
37 80
38 45
39 50
40 86
41 36
42 240
43 40
44 102
45 53
46 199
47 132
48 59
49 46
50 35
51 4
52 8
53 7
54 30
55 193
56 168
57 115
58 24
59 83
60 131
61 28
62 37
63 28
64 56
65 10
66 190
67 44
68 106
69 69
70 96
71 59
72 93
73 2
74 347
75 181
76 98
77 113
78 4
79 48
80 109
81 93
82 20
83 147
84 18
85 6
86 79
87 179
88 521
89 170
90 28
91 38
92 102
93 60
94 200
95 50
96 10
97 41
98 147
99 99
100 113
101 105
102 280
103 46
104 46
105 38
106 12
107 36
108 98
109 64
110 82
111 10
112 100
113 449
114 234
115 125
116 109
117 104
118 184
119 248
120 7
121 64
122 39
123 182
124 187
125 104
126 78
127 24
128 116
129 149
130 94
131 30
132 29
133 163
134 271
135 24
136 49
137 81
138 39
139 31
140 27
141 25
142 9
143 95
144 272
145 147
146 16
147 149
148 53
149 37
150 31
151 26
152 24
153 19
154 58
155 80
156 27
157 10
158 50
159 37
160 18
161 56
162 169
163 94
164 81
165 225
166 172
167 70
168 113
169 118
170 9
171 3
172 6
173 13
174 19
175 40
176 36
177 16
178 23
179 10
180 12
181 4
182 20
183 2
184 14
185 29
186 80
187 68
188 31
189 56
190 22
191 194
192 112
193 68
194 73
195 58
196 13
197 28
198 61
199 33
200 111
201 165
202 46
203 130
204 34
205 160
206 26
207 187
208 107
209 81
210 45
211 61
212 51
213 45
214 32
215 25
216 62
217 50
218 84
219 36
220 143
221 89
222 159
223 86
224 119
225 68
226 80
227 50
228 98
229 88
230 132
231 22
232 33
233 133
234 31
235 46
236 36
237 18
238 16
239 14
240 16
241 38
242 106
243 20
244 34
245 2
246 3
247 12
248 5
249 10
250 8
251 30
252 4
253 2
254 141
255 16
256 76
257 68
258 24
259 30
260 14
261 26
262 24
263 71
264 79
265 99
266 17
267 45
268 79
269 49
270 106
271 136
272 54
273 20
274 81
275 79
276 13
277 48
278 42
279 20
280 128
281 165
282 42
283 41
284 30
285 4
286 6
287 75
288 70
289 39
290 47
291 27
292 10
293 45
294 54
295 80
296 30
297 104
298 48
299 50
300 12
301 111
302 8
303 152
304 41
305 37
306 16
307 103
308 76
309 27
310 80
311 24
312 33
313 392
314 102
315 72
316 76
317 8
318 26
319 6
320 54
321 20
322 28
323 201
324 28
325 28
326 51
327 74
328 73
329 204
330 106
331 74
332 32
333 28
334 34
335 9
336 232
337 12
338 106
339 50
340 63
341 48
342 117
343 14
344 32
345 12
346 41
347 34
348 166
349 20
350 48
351 89
352 48
353 77
354 36
355 30
356 80
357 32
358 31
359 34
360 66
361 28
362 139
363 137
364 155
365 22
366 61
367 8
368 20
369 12
370 14
371 18
372 12
373 18
374 30
375 4
376 4
377 22
378 14
379 12
380 56
381 217
382 184
383 100
384 32
385 103
386 40
387 113
388 62
389 4
390 32
391 35
392 13
393 72
394 33
395 23
396 24
397 20
398 18
399 24
400 2
401 18
402 31
403 48
404 6
405 25
406 72
407 33
408 18
409 44
410 32
411 29
412 25
413 12
414 31
415 58
416 14
417 38
418 6
419 12
420 11
421 60
422 48
423 4
424 47
425 14
426 36
427 57
428 29
429 56
430 140
431 18
432 20
433 98
434 8
435 32
436 44
437 137
438 28
439 110
440 110
441 68
442 30
443 16
444 20
445 40
446 86
447 82
448 61
449 88
450 98
451 36
452 22
453 50
454 80
455 55
456 42
457 28
458 79
459 10
460 103
461 52
462 88
463 24
464 46
465 76
466 133
467 16
468 14
469 93
470 16
471 41
472 8
473 31
474 28
475 19
476 76
477 63
478 20
479 39
480 12
481 10
482 31
483 48
484 8
485 21
486 26
487 82
488 28
489 14
490 22
491 10
492 52
493 46
494 100
495 39
496 36
497 44
498 32
499 38
500 28
501 116
502 33
503 64
504 58
505 77
506 38
507 2
508 20
509 45
510 12
511 37
512 60
513 109
514 6
515 73
516 8
517 68
518 101
519 59
520 18
521 10
522 12
523 135
524 12
525 14
526 187
527 113
528 188
529 57
530 34
531 178
532 44
533 25
534 30
535 8
536 62
537 67
538 472
539 123
540 92
541 39
542 46
543 34
544 169
545 3
546 279
547 123
548 136
549 54
550 108
551 32
552 107
553 136
554 8
555 36
556 61
557 98
558 39
559 34
560 28
561 72
562 38
563 115
564 4
565 33
566 22
567 37
568 56
569 6
570 4
571 8
572 64
573 22
574 31
575 49
576 51
577 32
578 32
579 10
580 12
581 2
582 32
583 150
584 22
585 42
586 8
587 79
588 18
589 6
590 26
591 20
592 16
593 46
594 22
595 57
596 52
597 39
598 46
599 44
600 40
601 20
602 36
603 29
604 10
605 41
606 34
607 27
608 36
609 10
610 6
611 22
612 8
613 22
614 40
615 134
616 8
617 35
618 16
619 4
620 99
621 8
622 37
623 60
624 9
625 33
626 14
627 37
628 34
629 48
630 16
631 4
632 2
633 2
634 14
635 23
636 78
637 44
638 26
639 41
640 17
641 32
642 37
643 102
644 30
645 71
646 55
647 12
648 59
649 42
650 113
651 82
652 6
653 58
654 96
655 52
656 34
657 85
658 130
659 104
660 38
661 40
662 139
663 182
664 27
665 117
666 69
667 65
668 32
669 160
670 92
671 32
672 12
673 30
674 59
675 8
676 10
677 2
678 26
679 21
680 15
681 20
682 14
683 20
684 38
685 20
686 57
687 34
688 33
689 52
690 2
691 108
692 40
693 70
694 23
695 53
696 53
697 48
698 24
699 83
700 56
701 22
702 10
703 61
704 44
705 6
706 37
707 20
708 110
709 79
710 60
711 77
712 91
713 51
714 42
715 280
716 82
717 32
718 90
719 79
720 38
721 20
722 35
723 82
724 214
725 44
726 78
727 58
728 22
729 44
730 12
731 64
732 48
733 86
734 64
735 22
736 13
737 16
738 16
739 14
740 51
741 26
742 6
743 6
744 22
745 21
746 23
747 44
748 43
749 28
750 29
751 10
752 11
753 6
754 10
755 6
756 10
757 5
758 6
759 12
760 6
761 25
762 16
763 89
764 16
765 6
766 15
767 20
768 55
769 173
770 181
771 157
772 18
773 8
774 73
775 111
776 26
777 26
778 62
779 50
780 89
781 47
782 35
783 43
784 20
785 71
786 26
787 116
788 110
789 45
790 23
791 96
792 26
793 36
794 172
795 56
796 49
797 46
798 18
799 26
800 71
801 30
802 25
803 33
804 20
805 38
806 42
807 100
808 12
809 35
810 20
811 54
812 111
813 14
814 50
815 20
816 28
817 43
818 40
819 124
820 36
821 30
822 77
823 27
824 58
825 1
826 30
827 29
828 61
829 93
830 60
831 131
832 8
833 68
834 15
835 27
836 1
837 12
838 10
839 53
840 28
841 52
842 58
843 12
844 93
845 33
846 119
847 27
848 46
849 51
850 89
851 41
852 24
853 8
854 6
855 4
856 10
857 15
858 24
859 18
860 17
861 19
862 32
863 123
864 4
865 50
866 54
867 12
868 65
869 42
870 109
871 28
872 120
873 132
874 20
875 127
876 47
877 66
878 82
879 30
880 114
881 34
882 53
883 24
884 31
885 47
886 16
887 34
888 52
889 58
890 42
891 26
892 10
893 100
894 51
895 59
896 12
897 40
898 76
899 14
900 22
901 20
902 8
903 20
904 64
905 60
906 78
907 16
908 113
909 14
910 56
911 87
912 74
913 291
914 15
915 63
916 68
917 8
918 377
919 95
920 119
921 84
922 77
923 52
924 40
925 400
926 42
927 106
928 110
929 112
930 52
931 41
932 124
933 10
934 36
935 44
936 56
937 10
938 220
939 21
940 62
941 15
942 65
943 4
944 28
945 46
946 2
947 28
948 149
949 73
950 38
951 4
952 16
953 65
954 16
955 30
956 18
957 20
958 18
959 60
960 35
961 41
962 20
963 40
964 36
965 25
966 46
967 17
968 95
969 31
970 61
971 18
972 42
973 4
974 35
975 6
976 30
977 26
978 28
979 8
980 33
981 12
982 52
983 5
984 32
985 42
986 24
987 72
988 68
989 42
990 123
991 28
992 46
993 35
994 8
995 12
996 32
997 18
998 68
999 24
1000 32
1001 48
1002 32
1003 42
1004 34
1005 36
1006 62
1007 42
1008 31
1009 24
1010 15
1011 34
1012 25
1013 40
1014 44
1015 18
1016 139
1017 30
1018 48
1019 50
1020 108
1021 12
1022 109
1023 4
1024 71
1025 26
1026 28
1027 57
1028 26
1029 29
1030 35
1031 174
1032 71
1033 54
1034 25
1035 63
1036 242
1037 20
1038 28
1039 13
1040 22
1041 14
1042 169
1043 14
1044 97
1045 34
1046 45
1047 66
1048 285
1049 57
1050 209
1051 92
1052 41
1053 119
1054 44
1055 8
1056 57
1057 20
1058 100
1059 76
1060 51
1061 40
1062 8
1063 241
1064 36
1065 43
1066 2
1067 4
1068 16
1069 36
1070 30
1071 15
1072 50
1073 12
1074 88
1075 40
1076 28
1077 26
1078 52
1079 4
1080 91
1081 57
1082 28
1083 167
1084 6
1085 16
1086 56
1087 30
1088 79
1089 60
1090 139
1091 36
1092 102
1093 25
1094 4
1095 37
1096 26
1097 12
1098 21
1099 18
1100 12
1101 14
1102 2
1103 18
1104 33
1105 11
1106 36
1107 5
1108 38
1109 10
1110 27
1111 22
1112 69
1113 17
1114 6
1115 30
1116 46
1117 34
1118 34
1119 30
1120 76
1121 50
1122 37
1123 50
1124 44
1125 12
1126 14
1127 65
1128 84
1129 34
1130 6
1131 38
1132 8
1133 10
1134 16
1135 17
1136 15
1137 15
1138 10
1139 4
1140 8
1141 19
1142 28
1143 10
1144 8
1145 32
1146 96
1147 4
1148 18
1149 98
1150 10
1151 55
1152 70
1153 2
1154 20
1155 36
1156 68
1157 8
1158 2
1159 61
1160 15
1161 15
1162 274
1163 79
1164 26
1165 64
1166 40
1167 40
1168 14
1169 52
1170 6
1171 58
1172 20
1173 36
1174 3
1175 26
1176 76
1177 48
1178 146
1179 14
1180 51
1181 78
1182 22
1183 58
1184 112
1185 151
1186 35
1187 41
1188 78
1189 119
1190 96
1191 109
1192 123
1193 91
1194 102
1195 4
1196 22
1197 227
1198 4
1199 36
1200 4
1201 3
1202 4
1203 4
1204 54
1205 24
1206 62
1207 4
1208 2
1209 27
1210 7
1211 48
1212 32
1213 40
1214 55
1215 41
1216 125
1217 43
1218 18
1219 1
1220 22
1221 14
1222 70
1223 64
1224 41
1225 66
1226 34
1227 41
1228 74
1229 39
1230 31
1231 21
1232 60
1233 10
1234 184
1235 12
1236 37
1237 109
1238 90
1239 20
1240 49
1241 54
1242 12
1243 6
1244 24
1245 35
1246 11
1247 166
1248 76
1249 14
1250 26
1251 28
1252 58
1253 100
1254 88
1255 90
1256 88
1257 23
1258 54
1259 44
1260 44
1261 10
1262 4
1263 20
1264 14
1265 22
1266 30
1267 92
1268 24
1269 57
1270 52
1271 48
1272 52
1273 78
1274 201
1275 27
1276 55
1277 62
1278 42
1279 41
1280 75
1281 18
1282 16
1283 57
1284 53
1285 28
1286 42
1287 26
1288 59
1289 93
1290 12
1291 54
1292 46
1293 44
1294 10
1295 41
1296 14
1297 14
1298 67
1299 62
1300 98
1301 53
1302 67
1303 8
1304 66
1305 46
1306 44
1307 53
1308 10
1309 29
1310 28
1311 24
1312 36
1313 14
1314 38
1315 48
1316 70
1317 8
1318 117
1319 127
1320 84
1321 68
1322 12
1323 134
1324 78
1325 18
1326 32
1327 38
1328 138
1329 58
1330 93
1331 11
1332 31
1333 42
1334 86
1335 10
1336 121
1337 58
1338 61
1339 118
1340 112
1341 39
1342 44
1343 65
1344 92
1345 62
1346 144
1347 36
1348 50
1349 44
1350 4
1351 49
1352 7
1353 14
1354 12
1355 18
1356 124
1357 53
1358 6
1359 36
1360 43
1361 7
1362 62
1363 36
1364 91
1365 27
1366 78
1367 50
1368 34
1369 35
1370 13
1371 16
1372 58
1373 10
1374 60
1375 22
1376 54
1377 149
1378 34
1379 26
1380 26
1381 58
1382 57
1383 55
1384 28
1385 78
1386 63
1387 19
1388 8
1389 136
1390 109
1391 44
1392 69
1393 147
1394 10
1395 4
1396 20
1397 12
1398 40
1399 98
1400 40
1401 46
1402 156
1403 12
1404 34
1405 63
1406 69
1407 79
1408 53
1409 32
1410 72
1411 86
1412 98
1413 68
1414 60
1415 33
1416 54
1417 79
1418 55
1419 18
1420 32
1421 8
1422 35
1423 52
1424 120
1425 85
1426 140
1427 60
1428 99
1429 116
1430 65
1431 53
1432 28
1433 48
1434 16
1435 125
1436 86
1437 28
1438 12
1439 223
1440 41
1441 21
1442 10
1443 20
1444 14
1445 42
1446 50
1447 19
1448 45
1449 4
1450 2
1451 50
1452 32
1453 39
1454 46
1455 53
1456 24
1457 38
1458 41
1459 92
1460 60
1461 50
1462 48
1463 48
1464 42
1465 34
1466 10
1467 40
1468 47
1469 18
1470 254
1471 69
1472 234
1473 22
1474 2
1475 13
1476 8
1477 74
1478 74
1479 44
1480 36
1481 36
1482 89
1483 88
1484 78
1485 30
1486 202
1487 241
1488 361
1489 54
1490 88
1491 108
1492 47
1493 64
1494 327
1495 181
1496 228
1497 193
1498 90
1499 220
1500 70
1501 80
1502 108
1503 121
1504 76
1505 119
1506 36
1507 33
1508 38
1509 8
1510 10
1511 76
1512 30
1513 12
1514 28
1515 27
1516 23
1517 56
1518 111
1519 18
1520 16
1521 23
1522 1
1523 8
1524 26
1525 56
1526 10
1527 12
1528 81
1529 5
1530 25
1531 8
1532 6
1533 47
1534 1
1535 14
1536 22
1537 52
1538 28
1539 50
1540 3
1541 8
1542 4
1543 4
1544 34
1545 6
1546 24
1547 32
1548 147
1549 20
1550 51
1551 30
1552 50
1553 18
1554 12
1555 24
1556 30
1557 72
1558 16
1559 78
1560 48
1561 16
1562 36
1563 14
1564 2
1565 10
1566 21
1567 16
1568 32
1569 20
1570 18
1571 46
1572 239
1573 28
1574 16
1575 52
1576 28
1577 14
1578 22
1579 4
1580 34
1581 10
1582 14
1583 20
1584 26
1585 22
1586 8
1587 26
1588 20
1589 24
1590 88
1591 12
1592 8
1593 6
1594 8
1595 24
1596 24
1597 46
1598 25
1599 44
1600 20
1601 17
1602 13
1603 13
1604 14
1605 8
1606 19
1607 18
1608 16
1609 14
1610 10
1611 7
1612 118
1613 123
1614 14
1615 58
1616 74
1617 8
1618 63
1619 31
1620 45
1621 45
1622 18
1623 37
1624 26
1625 8
1626 12
1627 54
1628 10
1629 4
1630 29
1631 44
1632 17
1633 33
1634 46
1635 35
1636 57
1637 32
1638 42
1639 30
1640 4
1641 33
1642 55
1643 52
1644 103
1645 28
1646 54
1647 8
1648 30
1649 88
1650 143
1651 32
1652 20
1653 30
1654 23
1655 41
1656 54
1657 6
1658 24
1659 16
1660 47
1661 10
1662 16
1663 29
1664 30
1665 32
1666 4
1667 14
1668 12
1669 14
1670 39
1671 6
1672 12
1673 59
1674 16
1675 12
1676 36
1677 30
1678 34
1679 30
1680 26
1681 20
1682 16
1683 6
1684 310
1685 24
1686 26
1687 22
1688 20
1689 44
1690 81
1691 42
1692 33
1693 12
1694 68
1695 112
1696 42
1697 10
1698 24
1699 1
1700 10
1701 52
1702 49
1703 112
1704 16
1705 13
1706 4
1707 4
1708 30
1709 24
1710 46
1711 59
1712 18
1713 72
1714 18
1715 50
1716 12
1717 23
1718 27
1719 69
1720 56
1721 38
1722 23
1723 118
1724 14
1725 54
1726 91
1727 69
1728 133
1729 13
1730 14
1731 24
1732 100
1733 32
1734 42
1735 51
1736 39
1737 19
1738 19
1739 81
1740 50
1741 10
1742 42
1743 50
1744 138
1745 41
1746 45
1747 43
1748 15
1749 35
1750 138
1751 99
1752 28
1753 67
1754 51
1755 75
1756 27
1757 313
1758 22
1759 45
1760 38
1761 30
1762 4
1763 42
1764 38
1765 4
1766 41
1767 26
1768 10
1769 22
1770 51
1771 36
1772 12
1773 2
1774 30
1775 14
1776 22
1777 6
1778 20
1779 12
1780 54
1781 54
1782 67
1783 19
1784 40
1785 42
1786 48
1787 36
1788 20
1789 17
1790 51
1791 59
1792 31
1793 32
1794 46
1795 44
1796 84
1797 6
1798 38
1799 32
1800 8
1801 12
1802 12
1803 14
1804 48
1805 42
1806 6
1807 44
1808 22
1809 26
1810 10
1811 3
1812 106
1813 8
1814 30
1815 43
1816 34
1817 39
1818 24
1819 79
1820 2
1821 37
1822 13
1823 21
1824 61
1825 51
1826 35
1827 56
1828 121
1829 8
1830 34
1831 22
1832 27
1833 6
1834 50
1835 40
1836 22
1837 106
1838 55
1839 47
1840 15
1841 2
1842 45
1843 21
1844 12
1845 10
1846 3
1847 14
1848 13
1849 18
1850 14
1851 9
1852 32
1853 40
1854 36
1855 61
1856 217
1857 62
1858 96
1859 49
1860 36
1861 23
1862 39
1863 45
1864 54
1865 29
1866 35
1867 54
1868 20
1869 132
1870 33
1871 77
1872 33
1873 32
1874 34
1875 6
1876 2
1877 22
1878 30
1879 4
1880 7
1881 4
1882 4
1883 20
1884 2
1885 6
1886 10
1887 14
1888 30
1889 16
1890 92
1891 26
1892 4
1893 8
1894 13
1895 2
1896 2
1897 2
1898 20
1899 8
1900 7
1901 8
1902 53
1903 2
1904 6
1905 23
1906 102
1907 5
1908 6
1909 55
1910 35
1911 179
1912 1
1913 24
1914 286
1915 102
1916 72
1917 21
1918 18
1919 58
1920 72
1921 22
1922 33
1923 7
1924 19
1925 36
1926 2
1927 30
1928 2
1929 34
1930 14
1931 4
1932 18
1933 54
1934 23
1935 16
1936 16
1937 39
1938 43
1939 26
1940 54
1941 120
1942 42
1943 20
1944 22
1945 4
1946 24
1947 20
1948 8
1949 16
1950 26
1951 25
1952 59
1953 79
1954 54
1955 34
1956 13
1957 40
1958 9
1959 14
1960 80
1961 14
1962 12
1963 48
1964 39
1965 14
1966 104
1967 22
1968 24
1969 4
1970 10
1971 16
1972 2
1973 16
1974 18
1975 58
1976 8
1977 26
1978 47
1979 46
1980 4
1981 43
1982 42
1983 10
1984 18
1985 2
1986 14
1987 60
1988 49
1989 87
1990 32
1991 58
1992 83
1993 16
1994 20
1995 26
1996 41
1997 16
1998 22
1999 30
2000 16
2001 10
2002 60
2003 48
2004 20
2005 4
2006 7
2007 40
2008 66
2009 16
2010 2
2011 79
2012 51
2013 36
2014 2
2015 33
2016 39
2017 22
2018 58
2019 16
2020 18
2021 7
2022 10
2023 6
2024 32
2025 6
2026 16
2027 18
2028 9
2029 16
2030 64
2031 59
2032 2
2033 44
2034 32
2035 40
2036 24
2037 14
2038 10
2039 27
2040 36
2041 11
2042 38
2043 65
2044 53
2045 149
2046 68
2047 57
2048 55
2049 32
2050 16
2051 14
2052 14
2053 16
2054 28
2055 23
2056 26
2057 4
2058 26
2059 178
2060 140
2061 151
2062 88
2063 135
2064 253
2065 57
2066 28
2067 96
2068 49
2069 55
2070 90
2071 57
2072 159
2073 44
2074 98
2075 144
2076 74
2077 52
2078 44
2079 151
2080 22
2081 18
2082 6
2083 24
2084 28
2085 40
2086 226
2087 8
2088 8
2089 14
2090 8
2091 2
2092 31
2093 20
2094 18
2095 30
2096 24
2097 50
2098 12
2099 20
2100 12
2101 14
2102 12
2103 8
2104 20
2105 18
2106 24
2107 37
2108 12
2109 52
2110 22
2111 34
2112 8
2113 18
2114 12
2115 29
2116 18
2117 57
2118 64
2119 13
2120 12
2121 10
2122 24
2123 18
2124 10
2125 75
2126 27
2127 18
2128 34
2129 93
2130 234
2131 27
2132 8
2133 25
2134 8
2135 16
2136 51
2137 15
2138 8
2139 8
2140 24
2141 2
2142 22
2143 61
2144 56
2145 54
2146 46
2147 81
2148 54
2149 70
2150 80
2151 82
2152 73
2153 96
2154 38
2155 56
2156 101
2157 102
2158 18
2159 4
2160 21
2161 68
2162 75
2163 79
2164 38
2165 27
2166 50
2167 24
2168 4
2169 30
2170 4
2171 16
2172 36
2173 10
2174 42
2175 10
2176 10
2177 8
2178 42
2179 2
2180 34
2181 58
2182 4
2183 42
2184 63
2185 22
2186 68
2187 48
2188 8
2189 10
2190 6
2191 63
2192 62
2193 80
2194 101
2195 85
2196 212
2197 220
2198 186
2199 72
2200 92
2201 79
2202 149
2203 172
2204 162
2205 118
2206 239
2207 220
2208 245
2209 101
2210 107
2211 42
2212 91
2213 78
2214 41
2215 128
2216 64
2217 67
2218 16
2219 97
2220 86
2221 10
2222 40
2223 136
2224 26
2225 24
2226 69
2227 26
2228 65
2229 3
2230 37
2231 36
2232 48
2233 94
2234 218
2235 94
2236 56
2237 118
2238 77
2239 71
2240 28
2241 60
2242 35
2243 59
2244 77
2245 96
2246 174
2247 6
2248 3
2249 11
2250 6
2251 17
2252 40
2253 44
2254 23
2255 20
2256 29
2257 8
2258 60
2259 14
2260 43
2261 79
2262 16
2263 29
2264 21
2265 42
2266 28
2267 46
2268 8
2269 76
2270 187
2271 65
2272 6
2273 73
2274 106
2275 109
2276 86
2277 139
2278 57
2279 52
2280 48
2281 45
2282 32
2283 35
2284 30
2285 38
2286 48
2287 10
2288 3
2289 67
2290 172
2291 32
2292 70
2293 54
2294 22
2295 129
2296 26
2297 60
2298 23
2299 56
2300 56
2301 88
2302 42
2303 11
2304 57
2305 20
2306 35
2307 63
2308 40
2309 24
2310 128
2311 34
2312 40
2313 77
2314 73
2315 55
2316 13
2317 40
2318 40
2319 8
2320 30
2321 20
2322 14
2323 2
2324 57
2325 4
2326 6
2327 8
2328 8
2329 10
2330 22
2331 18
2332 30
2333 18
2334 38
2335 103
2336 6
2337 10
2338 14
2339 47
2340 26
2341 6
2342 13
2343 61
2344 36
2345 8
2346 36
2347 45
2348 32
2349 30
2350 6
2351 38
2352 14
2353 6
2354 58
2355 22
2356 46
2357 15
2358 36
2359 4
2360 18
2361 30
2362 36
2363 109
2364 15
2365 30
2366 45
2367 10
2368 117
2369 6
2370 2
2371 20
2372 8
2373 50
2374 22
2375 6
2376 2
2377 4
2378 4
2379 6
2380 2
2381 40
2382 10
2383 25
2384 61
2385 3
2386 6
2387 17
2388 7
2389 22
2390 2
2391 6
2392 106
2393 57
2394 96
2395 65
2396 71
2397 18
2398 71
2399 20
2400 10
2401 22
2402 44
2403 136
2404 135
2405 4
2406 16
2407 90
2408 21
2409 143
2410 13
2411 8
2412 120
2413 40
2414 62
2415 70
2416 42
2417 34
2418 102
2419 64
2420 115
2421 22
2422 129
2423 48
2424 47
2425 232
2426 71
2427 12
2428 28
2429 54
2430 10
2431 244
2432 56
2433 45
2434 27
2435 27
2436 27
2437 61
2438 9
2439 74
2440 27
2441 32
2442 108
2443 23
2444 56
2445 46
2446 55
2447 121
2448 193
2449 53
2450 30
2451 39
2452 65
2453 26
2454 58
2455 32
2456 36
2457 20
2458 14
2459 42
2460 131
2461 4
2462 36
2463 29
2464 38
2465 10
2466 14
2467 19
2468 20
2469 28
2470 71
2471 54
2472 14
2473 12
2474 14
2475 44
2476 8
2477 18
2478 26
2479 22
2480 25
2481 45
2482 72
2483 91
2484 31
2485 16
2486 2
2487 32
2488 8
2489 8
2490 10
2491 4
2492 40
2493 42
2494 17
2495 38
2496 7
2497 20
2498 15
2499 26
2500 85
2501 81
2502 392
2503 75
2504 8
2505 28
2506 32
2507 33
2508 62
2509 10
2510 12
2511 22
2512 10
2513 8
2514 26
2515 57
2516 16
2517 35
2518 46
2519 36
2520 80
2521 2
2522 44
2523 48
2524 21
2525 59
2526 40
2527 46
2528 50
2529 20
2530 59
2531 25
2532 82
2533 56
2534 46
2535 93
2536 85
2537 223
2538 130
2539 49
2540 86
2541 124
2542 140
2543 53
2544 178
2545 172
2546 26
2547 26
2548 6
2549 16
2550 26
2551 38
2552 19
2553 2
2554 108
2555 101
2556 6
2557 43
2558 28
2559 60
2560 88
2561 138
2562 40
2563 56
2564 46
2565 76
2566 10
2567 21
2568 36
2569 20
2570 150
2571 4
2572 132
2573 88
2574 61
2575 14
2576 82
2577 44
2578 40
2579 74
2580 20
2581 86
2582 113
2583 134
2584 34
2585 48
2586 96
2587 195
2588 124
2589 92
2590 38
2591 72
2592 82
2593 104
2594 54
2595 88
2596 174
2597 116
2598 6
2599 37
2600 170
2601 70
2602 143
2603 38
2604 14
2605 26
2606 18
2607 128
2608 143
2609 36
2610 81
2611 56
2612 85
2613 213
2614 183
2615 30
2616 44
2617 277
2618 45
2619 176
2620 184
2621 118
2622 134
2623 165
2624 18
2625 40
2626 133
2627 61
2628 15
2629 46
2630 30
2631 62
2632 108
2633 74
2634 46
2635 18
2636 6
2637 12
2638 85
2639 32
2640 31
2641 34
2642 10
2643 25
2644 12
2645 58
2646 40
2647 18
2648 16
2649 8
2650 38
2651 38
2652 60
2653 52
2654 62
2655 26
2656 36
2657 24
2658 34
2659 2
2660 4
2661 16
2662 24
2663 20
2664 63
2665 19
2666 14
2667 12
2668 10
2669 16
2670 14
2671 24
2672 14
2673 6
2674 30
2675 4
2676 11
2677 16
2678 7
2679 18
2680 47
2681 16
2682 87
2683 24
2684 30
2685 18
2686 21
2687 24
2688 39
2689 30
2690 31
2691 25
2692 100
2693 20
2694 50
2695 70
2696 4
2697 12
2698 50
2699 2
2700 32
2701 30
2702 30
2703 150
2704 10
2705 98
2706 30
2707 2
2708 2
2709 2
2710 12
2711 40
2712 20
2713 34
2714 39
2715 24
2716 28
2717 54
2718 26
2719 28
2720 28
2721 4
2722 42
2723 40
2724 51
2725 14
2726 22
2727 12
2728 8
2729 44
2730 4
2731 38
2732 4
2733 14
2734 15
2735 26
2736 66
2737 54
2738 42
2739 104
2740 104
2741 2
2742 18
2743 32
2744 20
2745 4
2746 24
2747 28
2748 10
2749 34
2750 87
2751 46
2752 46
2753 88
2754 74
2755 38
2756 107
2757 63
2758 76
2759 88
2760 56
2761 54
2762 3
2763 19
2764 15
2765 28
2766 8
2767 8
2768 4
2769 24
2770 84
2771 20
2772 16
2773 34
2774 8
2775 11
2776 4
2777 2
2778 2
2779 46
2780 46
2781 34
2782 44
2783 37
2784 18
2785 22
2786 38
2787 139
2788 33
2789 113
2790 67
2791 36
2792 37
2793 22
2794 31
2795 4
2796 36
2797 14
2798 7
2799 43
2800 26
2801 4
2802 78
2803 13
2804 33
2805 23
2806 21
2807 30
2808 10
2809 22
2810 28
2811 18
2812 12
2813 15
2814 20
2815 20
2816 11
2817 22
2818 75
2819 12
2820 30
2821 18
2822 16
2823 85
2824 8
2825 18
2826 60
2827 8
2828 16
2829 34
2830 19
2831 65
2832 22
2833 59
2834 58
2835 67
2836 69
2837 52
2838 86
2839 72
2840 28
2841 54
2842 26
2843 89
2844 50
2845 42
2846 22
2847 32
2848 58
2849 32
2850 46
2851 49
2852 53
2853 20
2854 15
2855 36
2856 46
2857 28
2858 145
2859 109
2860 28
2861 131
2862 95
2863 47
2864 135
2865 152
2866 2
2867 78
2868 52
2869 51
2870 57
2871 76
2872 20
2873 30
2874 114
2875 56
2876 24
2877 66
2878 10
2879 6
2880 20
2881 12
2882 16
2883 3
2884 22
2885 12
2886 22
2887 45
2888 39
2889 42
2890 153
2891 81
2892 38
2893 78
2894 6
2895 41
2896 36
2897 24
2898 68
2899 20
2900 36
2901 66
2902 46
2903 19
2904 63
2905 45
2906 96
2907 92
2908 30
2909 6
2910 34
2911 106
2912 46
2913 16
2914 62
2915 12
2916 32
2917 22
2918 33
2919 40
2920 11
2921 19
2922 18
2923 34
2924 32
2925 18
2926 28
2927 10
2928 24
2929 24
2930 38
2931 4
2932 14
2933 16
2934 64
2935 1
2936 57
2937 40
2938 46
2939 82
2940 90
2941 36
2942 16
2943 50
2944 52
2945 21
2946 37
2947 75
2948 78
2949 55
2950 38
2951 56
2952 34
2953 44
2954 97
2955 30
2956 52
2957 36
2958 16
2959 8
2960 92
2961 20
2962 24
2963 28
2964 26
2965 6
2966 2
2967 12
2968 20
2969 6
2970 4
2971 6
2972 49
2973 10
2974 24
2975 4
2976 2
2977 36
2978 8
2979 24
2980 21
2981 6
2982 10
2983 18
2984 31
2985 22
2986 18
2987 66
2988 29
2989 82
2990 21
2991 30
2992 12
2993 30
2994 59
2995 28
2996 36
2997 37
2998 2
2999 10
3000 10
3001 12
3002 22
3003 2
3004 16
3005 10
3006 4
3007 14
3008 37
3009 26
3010 17
3011 20
3012 10
3013 16
3014 18
3015 39
3016 23
3017 14
3018 38
3019 8
3020 14
3021 20
3022 36
3023 1
3024 9
3025 3
3026 26
3027 3
3028 6
3029 6
3030 56
3031 42
3032 14
3033 36
3034 4
3035 2
3036 20
3037 58
3038 12
3039 2
3040 2
3041 4
3042 6
3043 14
3044 10
3045 42
3046 64
3047 92
3048 95
3049 26
3050 24
3051 52
3052 12
3053 2
3054 9
3055 22
3056 21
3057 8
3058 24
3059 20
3060 18
3061 12
3062 16
3063 27
3064 20
3065 4
3066 32
3067 25
3068 42
3069 26
3070 48
3071 42
3072 2
3073 2
3074 23
3075 31
3076 14
3077 20
3078 16
3079 2
3080 10
3081 4
3082 2
3083 6
3084 4
3085 2
3086 36
3087 4
3088 14
3089 16
3090 12
3091 24
3092 48
3093 11
3094 3
3095 7
3096 5
3097 16
3098 12
3099 58
3100 65
3101 28
3102 12
3103 12
3104 57
3105 21
3106 69
3107 53
3108 19
3109 39
3110 22
3111 47
3112 53
3113 44
3114 26
3115 4
3116 12
3117 62
3118 45
3119 4
3120 9
3121 127
3122 99
3123 4
3124 2
3125 14
3126 30
3127 43
3128 4
3129 21
3130 2
3131 14
3132 54
3133 1
3134 3
3135 19
3136 16
3137 97
3138 57
3139 62
3140 12
3141 36
3142 2
3143 8
3144 24
3145 8
3146 16
3147 54
3148 29
3149 10
3150 30
3151 42
3152 58
3153 12
3154 7
3155 14
3156 2
3157 68
3158 8
3159 26
3160 22
3161 12
3162 8
3163 24
3164 8
3165 42
3166 112
3167 15
3168 53
3169 8
3170 114
3171 16
3172 22
3173 79
3174 62
3175 28
3176 13
3177 16
3178 50
3179 107
3180 36
3181 22
3182 20
3183 38
3184 12
3185 6
3186 29
3187 28
3188 24
3189 12
3190 26
3191 8
3192 26
3193 2
3194 26
3195 16
3196 2
3197 14
3198 8
3199 14
3200 7
3201 20
3202 1
3203 22
3204 2
3205 4
3206 9
3207 19
3208 20
3209 20
3210 14
3211 59
3212 140
3213 12
3214 8
3215 11
3216 35
3217 16
3218 55
3219 26
3220 18
3221 24
3222 18
3223 20
3224 74
3225 26
3226 12
3227 36
3228 10
3229 30
3230 35
3231 48
3232 39
3233 34
3234 24
3235 18
3236 40
3237 24
3238 15
3239 19
3240 29
3241 8
3242 10
3243 71
3244 42
3245 101
3246 24
3247 5
3248 16
3249 4
3250 32
3251 29
3252 2
3253 38
3254 4
3255 6
3256 4
3257 64
3258 46
3259 26
3260 12
3261 6
3262 6
3263 27
3264 2
3265 15
3266 26
3267 6
3268 22
3269 10
3270 12
3271 10
3272 37
3273 24
3274 10
3275 44
3276 12
3277 40
3278 148
3279 127
3280 16
3281 56
3282 22
3283 24
3284 17
3285 52
3286 66
3287 20
3288 63
3289 4
3290 68
3291 42
3292 35
3293 22
3294 61
3295 38
3296 63
3297 14
3298 73
3299 46
3300 32
3301 26
3302 22
3303 32
3304 93
3305 98
3306 7
3307 38
3308 31
3309 44
3310 77
3311 10
3312 22
3313 117
3314 2
3315 47
3316 58
3317 57
3318 54
3319 42
3320 19
3321 34
3322 40
3323 36
3324 78
3325 30
3326 22
3327 42
3328 28
3329 80
3330 9
3331 36
3332 34
3333 6
3334 4
3335 3
3336 2
3337 8
3338 12
3339 2
3340 4
3341 18
3342 31
3343 11
3344 18
3345 30
3346 14
3347 12
3348 19
3349 17
3350 4
3351 58
3352 22
3353 12
3354 54
3355 20
3356 28
3357 8
3358 14
3359 21
3360 49
3361 8
3362 50
3363 16
3364 6
3365 81
3366 36
3367 2
3368 36
3369 18
3370 2
3371 24
3372 36
3373 10
3374 4
3375 1
3376 8
3377 16
3378 10
3379 24
3380 36
3381 8
3382 34
3383 40
3384 48
3385 8
3386 38
3387 22
3388 2
3389 105
3390 34
3391 48
3392 67
3393 31
3394 44
3395 47
3396 20
3397 32
3398 28
3399 19
3400 8
3401 22
3402 44
3403 14
3404 22
3405 4
3406 13
3407 28
3408 10
3409 4
3410 2
3411 26
3412 2
3413 6
3414 12
3415 17
3416 25
3417 6
3418 39
3419 14
3420 10
3421 19
3422 26
3423 25
3424 22
3425 20
3426 36
3427 14
3428 52
3429 51
3430 29
3431 30
3432 22
3433 2
3434 12
3435 37
3436 10
3437 4
3438 78
3439 4
3440 20
3441 14
3442 6
3443 14
3444 10
3445 2
3446 81
3447 6
3448 14
3449 8
3450 8
3451 14
3452 18
3453 32
3454 202
3455 33
3456 79
3457 18
3458 27
3459 42
3460 6
3461 2
3462 4
3463 12
3464 40
3465 46
3466 26
3467 18
3468 38
3469 40
3470 68
3471 27
3472 10
3473 1
3474 2
3475 19
3476 1
3477 38
3478 8
3479 2
3480 2
3481 8
3482 4
3483 15
3484 2
3485 4
3486 18
3487 6
3488 6
3489 8
3490 14
3491 2
3492 16
3493 1
3494 18
3495 38
3496 12
3497 16
3498 58
3499 43
3500 24
3501 43
3502 24
3503 54
3504 16
3505 53
3506 52
3507 133
3508 29
3509 50
3510 42
3511 42
3512 32
3513 6
3514 13
3515 2
3516 28
3517 54
3518 46
3519 2
3520 27
3521 16
3522 28
3523 2
3524 13
3525 11
3526 16
3527 12
3528 8
3529 12
3530 22
3531 10
3532 30
3533 7
3534 22
3535 8
3536 24
3537 47
3538 26
3539 22
3540 59
3541 12
3542 10
3543 15
3544 13
3545 10
3546 45
3547 34
3548 16
3549 32
3550 45
3551 22
3552 63
3553 34
3554 54
3555 52
3556 16
3557 3
3558 26
3559 58
3560 8
3561 12
3562 29
3563 19
3564 6
3565 69
3566 2
3567 31
3568 18
3569 12
3570 53
3571 4
3572 4
3573 6
3574 12
3575 14
3576 12
3577 14
3578 18
3579 9
3580 41
3581 14
3582 4
3583 6
3584 24
3585 6
3586 28
3587 22
3588 8
3589 2
3590 16
3591 23
3592 10
3593 8
3594 10
3595 10
3596 14
3597 24
3598 20
3599 78
3600 45
3601 12
3602 4
3603 46
3604 46
3605 8
3606 12
3607 69
3608 20
3609 30
3610 21
3611 27
3612 8
3613 10
3614 28
3615 13
3616 48
3617 28
3618 54
3619 17
3620 4
3621 2
3622 90
3623 38
3624 76
3625 4
3626 84
3627 10
3628 130
3629 120
3630 16
3631 105
3632 143
3633 28
3634 96
3635 165
3636 120
3637 2
3638 22
3639 189
3640 73
3641 44
3642 81
3643 40
3644 22
3645 12
3646 18
3647 20
3648 8
3649 6
3650 8
3651 6
3652 8
3653 12
3654 63
3655 18
3656 10
3657 38
3658 82
3659 30
3660 10
3661 26
3662 19
3663 43
3664 12
3665 48
3666 4
3667 10
3668 2
3669 14
3670 2
3671 2
3672 25
3673 8
3674 12
3675 14
3676 4
3677 8
3678 20
3679 78
3680 34
3681 43
3682 42
3683 42
3684 17
3685 32
3686 56
3687 74
3688 36
3689 59
3690 18
3691 44
3692 65
3693 64
3694 26
3695 4
3696 8
3697 22
3698 8
3699 20
3700 29
3701 8
3702 4
3703 4
3704 2
3705 4
3706 16
3707 26
3708 8
3709 2
3710 20
3711 78
3712 14
3713 10
3714 8
3715 55
3716 4
3717 4
3718 8
3719 28
3720 29
3721 30
3722 10
3723 24
3724 79
3725 38
3726 22
3727 7
3728 17
3729 54
3730 6
3731 7
3732 12
3733 36
3734 13
3735 8
3736 39
3737 7
3738 21
3739 4
3740 4
3741 1
3742 1
3743 14
3744 4
3745 2
3746 5
3747 26
3748 4
3749 8
3750 2
3751 6
3752 6
3753 12
3754 50
3755 24
3756 16
3757 4
3758 10
3759 8
3760 1
3761 1
3762 96
3763 16
3764 26
3765 21
3766 24
3767 60
3768 8
3769 50
3770 53
3771 109
3772 30
3773 58
3774 24
3775 30
3776 42
3777 20
3778 20
3779 39
3780 2
3781 10
3782 6
3783 4
3784 6
3785 16
3786 2
3787 19
3788 13
3789 12
3790 22
3791 6
3792 14
3793 97
3794 22
3795 12
3796 12
3797 8
3798 3
3799 10
3800 1
3801 19
3802 33
3803 36
3804 16
3805 4
3806 30
3807 15
3808 8
3809 21
3810 2
3811 2
3812 2
3813 10
3814 19
3815 4
3816 13
3817 32
3818 20
3819 4
3820 12
3821 26
3822 30
3823 22
3824 82
3825 38
3826 88
3827 41
3828 22
3829 19
3830 18
3831 24
3832 14
3833 60
3834 20
3835 68
3836 2
3837 2
3838 50
3839 10
3840 56
3841 48
3842 12
3843 44
3844 53
3845 6
3846 101
3847 48
3848 32
3849 54
3850 19
3851 10
3852 12
3853 12
3854 2
3855 97
3856 53
3857 8
3858 24
3859 44
3860 4
3861 18
3862 10
3863 18
3864 16
3865 26
3866 21
3867 4
3868 2
3869 15
3870 8
3871 4
3872 14
3873 4
3874 8
3875 16
3876 8
3877 22
3878 8
3879 18
3880 10
3881 24
3882 18
3883 18
3884 20
3885 22
3886 2
3887 4
3888 2
3889 4
3890 16
3891 42
3892 18
3893 12
3894 4
3895 42
3896 8
3897 14
3898 20
3899 12
3900 34
3901 7
3902 8
3903 4
3904 10
3905 4
3906 7
3907 18
3908 4
3909 24
3910 22
3911 12
3912 20
3913 42
3914 8
3915 24
3916 6
3917 6
3918 6
3919 12
3920 4
3921 30
3922 11
3923 12
3924 85
3925 30
3926 57
3927 38
3928 6
3929 6
3930 2
3931 6
3932 10
3933 104
3934 24
3935 6
3936 69
3937 67
3938 17
3939 15
3940 14
3941 81
3942 42
3943 57
3944 50
3945 58
3946 54
3947 54
3948 2
3949 50
3950 49
3951 34
3952 64
3953 28
3954 40
3955 6
3956 2
3957 2
3958 5
3959 14
3960 15
3961 7
3962 20
3963 38
3964 14
3965 33
3966 19
3967 8
3968 2
3969 2
3970 39
3971 30
3972 69
3973 8
3974 10
3975 92
3976 30
3977 30
3978 22
3979 4
3980 4
3981 2
3982 4
3983 2
3984 1
3985 12
3986 18
3987 6
3988 71
3989 10
3990 27
3991 25
3992 12
3993 12
3994 14
3995 8
3996 16
3997 6
3998 8
3999 17
4000 10
4001 36
4002 10
4003 15
4004 32
4005 4
4006 4
4007 63
4008 4
4009 16
4010 22
4011 38
4012 4
4013 2
4014 2
4015 12
4016 14
4017 2
4018 12
4019 10
4020 18
4021 41
4022 78
4023 16
4024 59
4025 74
4026 20
4027 11
4028 8
4029 2
4030 16
4031 55
4032 44
4033 10
4034 34
4035 38
4036 71
4037 46
4038 66
4039 24
4040 10
4041 46
4042 45
4043 128
4044 64
4045 12
4046 93
4047 9
4048 79
4049 30
4050 56
4051 154
4052 63
4053 171
4054 74
4055 10
4056 6
4057 44
4058 16
4059 18
4060 81
4061 32
4062 2
4063 34
4064 4
4065 4
4066 24
4067 10
4068 16
4069 8
4070 4
4071 16
4072 32
4073 65
4074 91
4075 52
4076 24
4077 24
4078 75
4079 63
4080 24
4081 58
4082 118
4083 79
4084 24
4085 22
4086 18
4087 32
4088 69
4089 16
4090 8
4091 23
4092 22
4093 43
4094 6
4095 46
4096 40
4097 4
4098 10
4099 228
4100 56
4101 70
4102 92
4103 4
4104 2
4105 2
4106 20
4107 16
4108 60
4109 15
4110 19
4111 6
4112 6
4113 37
4114 19
4115 14
4116 53
4117 4
4118 8
4119 5
4120 13
4121 24
4122 9
4123 6
4124 2
4125 10
4126 20
4127 8
4128 22
4129 2
4130 32
4131 107
4132 38
4133 10
4134 22
4135 8
4136 18
4137 2
4138 3
4139 36
4140 4
4141 7
4142 14
4143 8
4144 2
4145 16
4146 6
4147 14
4148 40
4149 12
4150 10
4151 10
4152 26
4153 22
4154 30
4155 4
4156 8
4157 4
4158 6
4159 20
4160 4
4161 6
4162 7
4163 7
4164 2
4165 12
4166 4
4167 10
4168 74
4169 40
4170 36
4171 28
4172 21
4173 8
4174 45
4175 2
4176 38
4177 45
4178 58
4179 40
4180 18
4181 14
4182 24
4183 34
4184 12
4185 8
4186 2
4187 8
4188 6
4189 9
4190 8
4191 99
4192 18
4193 52
4194 7
4195 5
4196 47
4197 18
4198 30
4199 20
4200 18
4201 22
4202 24
4203 18
4204 6
4205 2
4206 8
4207 14
4208 40
4209 16
4210 42
4211 8
4212 18
4213 92
4214 21
4215 26
4216 78
4217 42
4218 69
4219 24
4220 47
4221 8
4222 18
4223 16
4224 82
4225 111
4226 50
4227 55
4228 89
4229 20
4230 12
4231 74
4232 137
4233 105
4234 24
4235 117
4236 26
4237 18
4238 22
4239 52
4240 74
4241 36
4242 22
4243 78
4244 106
4245 30
4246 52
4247 10
4248 62
4249 14
4250 26
4251 28
4252 29
4253 56
4254 64
4255 49
4256 8
4257 18
4258 18
4259 12
4260 32
4261 34
4262 42
4263 34
4264 16
4265 22
4266 48
4267 58
4268 20
4269 15
4270 35
4271 19
4272 12
4273 30
4274 45
4275 120
4276 24
4277 88
4278 14
4279 10
4280 8
4281 20
4282 4
4283 42
4284 75
4285 2
4286 2
4287 74
4288 14
4289 30
4290 23
4291 32
4292 36
4293 52
4294 131
4295 115
4296 59
4297 38
4298 45
4299 75
4300 22
4301 58
4302 26
4303 36
4304 146
4305 7
4306 35
4307 16
4308 41
4309 25
4310 84
4311 36
4312 64
4313 10
4314 24
4315 78
4316 47
4317 68
4318 45
4319 33
4320 12
4321 24
4322 34
4323 18
4324 52
4325 53
4326 22
4327 32
4328 32
4329 87
4330 6
4331 3
4332 38
4333 44
4334 14
4335 22
4336 24
4337 6
4338 52
4339 4
4340 4
4341 2
4342 15
4343 6
4344 7
4345 19
4346 8
4347 4
4348 22
4349 18
4350 5
4351 80
4352 18
4353 21
4354 10
4355 32
4356 56
4357 52
4358 14
4359 2
4360 10
4361 12
4362 39
4363 4
4364 38
4365 10
4366 14
4367 20
4368 38
4369 4
4370 4
4371 6
4372 6
4373 2
4374 27
4375 6
4376 12
4377 46
4378 28
4379 14
4380 22
4381 30
4382 23
4383 54
4384 58
4385 17
4386 10
4387 10
4388 26
4389 28
4390 4
4391 10
4392 24
4393 43
4394 43
4395 3
4396 13
4397 19
4398 15
4399 18
4400 26
4401 15
4402 10
4403 22
4404 14
4405 6
4406 34
4407 45
4408 16
4409 2
4410 20
4411 2
4412 22
4413 19
4414 6
4415 8
4416 12
4417 6
4418 2
4419 2
4420 3
4421 32
4422 65
4423 68
4424 14
4425 22
4426 30
4427 32
4428 40
4429 30
4430 26
4431 44
4432 8
4433 10
4434 21
4435 15
4436 19
4437 14
4438 2
4439 18
4440 4
4441 52
4442 34
4443 20
4444 8
4445 3
4446 22
4447 54
4448 84
4449 10
4450 16
4451 10
4452 18
4453 34
4454 4
4455 4
4456 12
4457 6
4458 34
4459 2
4460 6
4461 4
4462 6
4463 14
4464 9
4465 10
4466 4
4467 26
4468 14
4469 40
4470 18
4471 14
4472 34
4473 22
4474 15
4475 20
4476 76
4477 57
4478 5
4479 6
4480 7
4481 50
4482 22
4483 14
4484 22
4485 12
4486 22
4487 14
4488 6
4489 3
4490 26
4491 2
4492 6
4493 8
4494 28
4495 21
4496 33
4497 57
4498 16
4499 1
4500 8
4501 4
4502 28
4503 6
4504 31
4505 12
4506 6
4507 9
4508 21
4509 8
4510 17
4511 11
4512 19
4513 25
4514 54
4515 18
4516 73
4517 38
4518 11
4519 12
4520 28
4521 34
4522 64
4523 16
4524 32
4525 12
4526 9
4527 97
4528 16
4529 14
4530 22
4531 16
4532 22
4533 60
4534 34
4535 40
4536 91
4537 14
4538 24
4539 16
4540 30
4541 14
4542 32
4543 10
4544 1
4545 3
4546 31
4547 5
4548 4
4549 6
4550 2
4551 2
4552 48
4553 8
4554 30
4555 4
4556 2
4557 16
4558 10
4559 12
4560 22
4561 28
4562 8
4563 28
4564 38
4565 16
4566 22
4567 28
4568 12
4569 26
4570 24
4571 10
4572 8
4573 4
4574 28
4575 3
4576 52
4577 2
4578 42
4579 36
4580 14
4581 12
4582 9
4583 4
4584 2
4585 15
4586 12
4587 10
4588 6
4589 26
4590 12
4591 20
4592 6
4593 62
4594 13
4595 28
4596 24
4597 24
4598 16
4599 15
4600 99
4601 18
4602 32
4603 2
4604 20
4605 30
4606 28
4607 12
4608 50
4609 6
4610 12
4611 16
4612 16
4613 10
4614 18
4615 59
4616 26
4617 4
4618 8
4619 28
4620 56
4621 26
4622 4
4623 2
4624 4
4625 4
4626 2
4627 24
4628 68
4629 20
4630 33
4631 46
4632 12
4633 42
4634 5
4635 10
4636 8
4637 18
4638 19
4639 8
4640 29
4641 12
4642 14
4643 5
4644 13
4645 21
4646 32
4647 8
4648 4
4649 10
4650 50
4651 52
4652 40
4653 2
4654 8
4655 17
4656 17
4657 44
4658 12
4659 2
4660 17
4661 8
4662 19
4663 23
4664 50
4665 4
4666 38
4667 30
4668 10
4669 46
4670 76
4671 19
4672 6
4673 6
4674 3
4675 2
4676 27
4677 8
4678 2
4679 20
4680 8
4681 6
4682 23
4683 44
4684 24
4685 2
4686 12
4687 36
4688 14
4689 34
4690 34
4691 7
4692 18
4693 2
4694 12
4695 2
4696 14
4697 12
4698 2
4699 6
4700 12
4701 7
4702 6
4703 16
4704 14
4705 24
4706 20
4707 2
4708 11
4709 4
4710 3
4711 2
4712 48
4713 38
4714 3
4715 24
4716 3
4717 45
4718 8
4719 10
4720 42
4721 2
4722 2
4723 17
4724 21
4725 20
4726 6
4727 9
4728 36
4729 4
4730 36
4731 22
4732 46
4733 41
4734 39
4735 70
4736 12
4737 26
4738 23
4739 30
4740 28
4741 14
4742 54
4743 6
4744 6
4745 20
4746 8
4747 36
4748 48
4749 26
4750 5
4751 17
4752 15
4753 13
4754 20
4755 14
4756 8
4757 26
4758 30
4759 10
4760 10
4761 10
4762 14
4763 8
4764 87
4765 62
4766 56
4767 2
4768 22
4769 11
4770 21
4771 12
4772 24
4773 12
4774 4
4775 18
4776 34
4777 6
4778 27
4779 46
4780 10
4781 13
4782 18
4783 34
4784 8
4785 48
4786 55
4787 49
4788 25
4789 45
4790 2
4791 26
4792 17
4793 11
4794 44
4795 24
4796 18
4797 2
4798 14
4799 18
4800 28
4801 6
4802 16
4803 15
4804 10
4805 16
4806 1
4807 6
4808 4
4809 2
4810 2
4811 27
4812 6
4813 1
4814 23
4815 6
4816 12
4817 7
4818 5
4819 12
4820 10
4821 8
4822 11
4823 2
4824 12
4825 8
4826 36
4827 29
4828 10
4829 22
4830 11
4831 22
4832 6
4833 4
4834 2
4835 10
4836 5
4837 60
4838 10
4839 8
4840 32
4841 8
4842 4
4843 12
4844 5
4845 14
4846 10
4847 36
4848 22
4849 15
4850 38
4851 2
4852 10
4853 16
4854 10
4855 6
4856 14
4857 10
4858 2
4859 4
4860 10
4861 10
4862 52
4863 8
4864 16
4865 18
4866 10
4867 1
4868 6
4869 6
4870 6
4871 29
4872 46
4873 8
4874 10
4875 21
4876 56
4877 30
4878 17
4879 36
4880 2
4881 6
4882 6
4883 52
4884 12
4885 4
4886 56
4887 8
4888 18
4889 14
4890 22
4891 6
4892 18
4893 2
4894 12
4895 12
4896 14
4897 20
4898 14
4899 34
4900 56
4901 17
4902 26
4903 22
4904 4
4905 4
4906 7
4907 56
4908 4
4909 6
4910 34
4911 6
4912 2
4913 1
4914 10
4915 20
4916 11
4917 70
4918 8
4919 18
4920 28
4921 3
4922 6
4923 4
4924 35
4925 22
4926 26
4927 80
4928 16
4929 27
4930 6
4931 18
4932 79
4933 44
4934 26
4935 27
4936 20
4937 38
4938 30
4939 32
4940 20
4941 39
4942 35
4943 12
4944 35
4945 24
4946 20
4947 8
4948 16
4949 28
4950 8
4951 48
4952 26
4953 9
4954 4
4955 82
4956 13
4957 46
4958 38
4959 8
4960 10
4961 36
4962 17
4963 43
4964 23
4965 20
4966 20
4967 32
4968 18
4969 26
4970 21
4971 22
4972 26
4973 22
4974 12
4975 10
4976 4
4977 4
4978 6
4979 2
4980 8
4981 16
4982 6
4983 56
4984 18
4985 68
4986 16
4987 4
4988 12
4989 38
4990 12
4991 6
4992 10
4993 8
4994 59
4995 12
4996 14
4997 11
4998 6
4999 10
5000 38
5001 12
5002 2
5003 14
5004 4
5005 12
5006 6
5007 5
5008 17
5009 8
5010 4
5011 6
5012 24
5013 2
5014 12
5015 10
5016 7
5017 16
5018 3
5019 8
5020 4
5021 4
5022 22
5023 2
5024 24
5025 4
5026 39
5027 6
5028 24
5029 24
5030 26
5031 4
5032 6
5033 8
5034 14
5035 6
5036 4
5037 6
5038 8
5039 8
5040 8
5041 10
5042 4
5043 18
5044 8
5045 22
5046 16
5047 6
5048 12
5049 6
5050 20
5051 18
5052 8
5053 10
5054 19
5055 14
5056 12
5057 28
5058 36
5059 1
5060 28
5061 2
5062 4
5063 14
5064 26
5065 4
5066 18
5067 2
5068 21
5069 18
5070 4
5071 26
5072 8
5073 12
5074 14
5075 31
5076 2
5077 6
5078 4
5079 14
5080 22
5081 24
5082 4
5083 7
5084 2
5085 14
5086 32
5087 4
5088 17
5089 18
5090 17
5091 10
5092 4
5093 10
5094 16
5095 32
5096 16
5097 32
5098 30
5099 14
5100 4
5101 9
5102 4
5103 6
5104 19
5105 10
5106 2
5107 1
5108 2
5109 20
5110 25
5111 16
5112 6
5113 14
5114 12
5115 4
5116 4
5117 12
5118 15
5119 14
5120 30
5121 14
5122 4
5123 22
5124 6
5125 34
5126 4
5127 16
5128 22
5129 2
5130 22
5131 17
5132 8
5133 16
5134 4
5135 2
5136 5
5137 30
5138 13
5139 10
5140 46
5141 40
5142 18
5143 36
5144 57
5145 34
5146 32
5147 73
5148 36
5149 16
5150 35
5151 14
5152 24
5153 4
5154 10
5155 8
5156 14
5157 6
5158 17
5159 2
5160 12
5161 4
5162 8
5163 18
5164 22
5165 2
5166 2
5167 8
5168 6
5169 8
5170 7
5171 4
5172 4
5173 4
5174 8
5175 2
5176 31
5177 6
5178 6
5179 34
5180 16
5181 17
5182 15
5183 4
5184 10
5185 4
5186 4
5187 8
5188 6
5189 4
5190 2
5191 12
5192 22
5193 12
5194 40
5195 4
5196 12
5197 10
5198 8
5199 6
5200 6
5201 2
5202 6
5203 12
5204 53
5205 30
5206 20
5207 20
5208 46
5209 2
5210 24
5211 40
5212 2
5213 16
5214 4
5215 8
5216 4
5217 14
5218 8
5219 17
5220 13
5221 10
5222 6
5223 6
5224 23
5225 45
5226 4
5227 18
5228 2
5229 20
5230 17
5231 2
5232 20
5233 36
5234 22
5235 6
5236 34
5237 46
5238 6
5239 23
5240 8
5241 4
5242 6
5243 22
5244 6
5245 8
5246 49
5247 4
5248 12
5249 10
5250 2
5251 4
5252 20
5253 16
5254 4
5255 6
5256 4
5257 4
5258 14
5259 10
5260 12
5261 49
5262 2
5263 32
5264 18
5265 20
5266 49
5267 24
5268 32
5269 6
5270 8
5271 4
5272 12
5273 8
5274 17
5275 14
5276 6
5277 2
5278 8
5279 4
5280 34
5281 2
5282 2
5283 18
5284 6
5285 4
5286 34
5287 10
5288 2
5289 4
5290 8
5291 6
5292 8
5293 12
5294 2
5295 8
5296 4
5297 8
5298 15
5299 14
5300 8
5301 26
5302 2
5303 8
5304 18
5305 14
5306 14
5307 8
5308 16
5309 12
5310 10
5311 8
5312 19
5313 2
5314 2
5315 11
5316 2
5317 8
5318 16
5319 18
5320 4
5321 8
5322 2
5323 4
5324 2
5325 8
5326 39
5327 10
5328 57
5329 4
5330 2
5331 3
5332 14
5333 10
5334 16
5335 12
5336 1
5337 1
5338 2
5339 14
5340 6
5341 6
5342 4
5343 7
5344 24
5345 4
5346 8
5347 6
5348 27
5349 17
5350 15
5351 24
5352 10
5353 10
5354 16
5355 2
5356 6
5357 2
5358 10
5359 8
5360 11
5361 6
5362 2
5363 16
5364 14
5365 6
5366 6
5367 23
5368 28
5369 4
5370 4
5371 2
5372 2
5373 14
5374 4
5375 2
5376 8
5377 10
5378 2
5379 4
5380 10
5381 26
5382 18
5383 16
5384 31
5385 43
5386 50
5387 42
5388 6
5389 2
5390 2
5391 2
5392 14
5393 2
5394 8
5395 4
5396 2
5397 57
5398 2
5399 18
5400 5
5401 12
5402 2
5403 12
5404 4
5405 2
5406 4
5407 2
5408 16
5409 12
5410 2
5411 2
5412 8
5413 2
5414 9
5415 25
5416 47
5417 13
5418 12
5419 9
5420 5
5421 2
5422 16
5423 2
5424 17
5425 6
5426 2
5427 20
5428 28
5429 2
5430 10
5431 10
5432 3
5433 31
5434 4
5435 2
5436 12
5437 2
5438 4
5439 4
5440 54
5441 5
5442 24
5443 29
5444 22
5445 20
5446 54
5447 25
5448 8
5449 46
5450 10
5451 4
5452 20
5453 10
5454 32
5455 52
5456 38
5457 22
5458 46
5459 10
5460 26
5461 44
5462 38
5463 48
5464 30
5465 24
5466 22
5467 18
5468 13
5469 10
5470 4
5471 10
5472 4
5473 6
5474 14
5475 1
5476 10
5477 46
5478 28
5479 6
5480 6
5481 2
5482 14
5483 4
5484 9
5485 26
5486 1
5487 25
5488 26
5489 14
5490 12
5491 6
5492 6
5493 6
5494 21
5495 14
5496 8
5497 22
5498 34
5499 6
5500 22
5501 17
5502 34
5503 38
5504 52
5505 88
5506 86
5507 48
5508 10
5509 14
5510 12
5511 18
5512 12
5513 32
5514 76
5515 94
5516 33
5517 26
5518 46
5519 32
5520 18
5521 15
5522 16
5523 26
5524 7
5525 28
5526 10
5527 22
5528 12
5529 20
5530 6
5531 40
5532 2
5533 10
5534 10
5535 8
5536 11
5537 8
5538 3
5539 42
5540 8
5541 8
5542 4
5543 12
5544 10
5545 8
5546 10
5547 16
5548 26
5549 18
5550 8
5551 16
5552 4
5553 6
5554 2
5555 18
5556 10
5557 42
5558 42
5559 12
5560 56
5561 12
5562 24
5563 54
5564 38
5565 62
5566 18
5567 18
5568 46
5569 12
5570 4
5571 2
5572 2
5573 18
5574 22
5575 14
5576 2
5577 8
5578 8
5579 27
5580 2
5581 4
5582 2
5583 6
5584 7
5585 22
5586 12
5587 21
5588 5
5589 47
5590 26
5591 28
5592 9
5593 18
5594 27
5595 6
5596 14
5597 7
5598 8
5599 9
5600 33
5601 20
5602 8
5603 26
5604 14
5605 43
5606 26
5607 14
5608 16
5609 31
5610 6
5611 10
5612 35
5613 29
5614 6
5615 2
5616 12
5617 8
5618 8
5619 37
5620 36
5621 29
5622 49
5623 40
5624 5
5625 8
5626 15
5627 19
5628 8
5629 21
5630 76
5631 27
5632 9
5633 34
5634 25
5635 69
5636 33
5637 8
5638 18
5639 36
5640 14
5641 27
5642 15
5643 34
5644 7
5645 6
5646 6
5647 8
5648 19
5649 2
5650 8
5651 2
5652 1
5653 2
5654 40
5655 2
5656 2
5657 7
5658 2
5659 32
5660 23
5661 4
5662 6
5663 10
5664 14
5665 4
5666 2
5667 1
5668 2
5669 3
5670 4
5671 36
5672 32
5673 21
5674 22
5675 26
5676 31
5677 2
5678 4
5679 14
5680 8
5681 14
5682 13
5683 2
5684 8
5685 52
5686 4
5687 9
5688 2
5689 26
5690 10
5691 2
5692 4
5693 4
5694 16
5695 47
5696 28
5697 4
5698 2
5699 14
5700 10
5701 26
5702 22
5703 3
5704 3
5705 9
5706 5
5707 2
5708 6
5709 4
5710 2
5711 22
5712 10
5713 2
5714 2
5715 20
5716 14
5717 8
5718 4
5719 10
5720 2
5721 10
5722 4
5723 17
5724 23
5725 6
5726 13
5727 6
5728 2
5729 2
5730 13
5731 20
5732 10
5733 24
5734 1
5735 18
5736 8
5737 16
5738 2
5739 16
5740 8
5741 18
5742 8
5743 2
5744 11
5745 8
5746 4
5747 6
5748 2
5749 6
5750 43
5751 4
5752 16
5753 13
5754 28
5755 23
5756 24
5757 20
5758 22
5759 4
5760 38
5761 12
5762 24
5763 6
5764 14
5765 18
5766 30
5767 3
5768 14
5769 12
5770 3
5771 9
5772 2
5773 14
5774 2
5775 16
5776 14
5777 18
5778 2
5779 8
5780 2
5781 2
5782 2
5783 14
5784 16
5785 2
5786 16
5787 4
5788 2
5789 6
5790 8
5791 44
5792 6
5793 24
5794 24
5795 54
5796 12
5797 8
5798 10
5799 10
5800 8
5801 5
5802 18
5803 22
5804 29
5805 10
5806 9
5807 6
5808 4
5809 6
5810 40
5811 8
5812 4
5813 5
5814 36
5815 14
5816 18
5817 8
5818 2
5819 2
5820 14
5821 20
5822 32
5823 26
5824 12
5825 4
5826 7
5827 6
5828 3
5829 2
5830 5
5831 15
5832 2
5833 4
5834 12
5835 2
5836 8
5837 8
5838 12
5839 8
5840 15
5841 2
5842 3
5843 42
5844 14
5845 10
5846 4
5847 2
5848 8
5849 2
5850 15
5851 8
5852 12
5853 8
5854 6
5855 2
5856 6
5857 30
5858 115
5859 8
5860 8
5861 23
5862 42
5863 8
5864 14
5865 8
5866 12
5867 4
5868 10
5869 11
5870 50
5871 7
5872 26
5873 14
5874 4
5875 21
5876 8
5877 18
5878 34
5879 2
5880 4
5881 4
5882 2
5883 22
5884 2
5885 12
5886 6
5887 10
5888 5
5889 4
5890 8
5891 4
5892 4
5893 2
5894 18
5895 20
5896 2
5897 1
5898 2
5899 2
5900 1
5901 43
5902 8
5903 4
5904 4
5905 2
5906 14
5907 27
5908 8
5909 16
5910 4
5911 4
5912 12
5913 8
5914 14
5915 2
5916 2
5917 5
5918 48
5919 14
5920 44
5921 24
5922 26
5923 10
5924 12
5925 16
5926 28
5927 28
5928 4
5929 10
5930 28
5931 5
5932 37
5933 26
5934 32
5935 20
5936 4
5937 11
5938 4
5939 4
5940 6
5941 26
5942 6
5943 2
5944 2
5945 2
5946 2
5947 4
5948 32
5949 47
5950 2
5951 2
5952 6
5953 4
5954 14
5955 6
5956 4
5957 4
5958 5
5959 6
5960 8
5961 4
5962 12
5963 2
5964 33
5965 27
5966 24
5967 7
5968 14
5969 2
5970 4
5971 2
5972 4
5973 2
5974 4
5975 1
5976 8
5977 6
5978 2
5979 2
5980 6
5981 14
5982 2
5983 4
5984 14
5985 19
5986 16
5987 6
5988 6
5989 16
5990 2
5991 18
5992 1
5993 10
5994 18
5995 4
5996 2
5997 4
5998 12
5999 4
6000 2
6001 2
6002 2
6003 1
6004 10
6005 2
6006 48
6007 3
6008 2
6009 4
6010 4
6011 18
6012 11
6013 2
6014 9
6015 1
6016 2
6017 10
6018 20
6019 8
6020 2
6021 2
6022 4
6023 28
6024 8
6025 13
6026 1
6027 8
6028 8
6029 6
6030 12
6031 3
6032 10
6033 10
6034 14
6035 2
6036 1
6037 45
6038 4
6039 6
6040 4
6041 6
6042 42
6043 10
6044 4
6045 6
6046 18
6047 2
6048 54
6049 8
6050 10
6051 22
6052 6
6053 4
6054 13
6055 20
6056 4
6057 3
6058 6
6059 31
6060 8
6061 8
6062 9
6063 2
6064 52
6065 10
6066 18
6067 4
6068 6
6069 14
6070 4
6071 7
6072 6
6073 13
6074 12
6075 6
6076 4
6077 8
6078 2
6079 2
6080 8
6081 2
6082 2
6083 9
6084 12
6085 13
6086 11
6087 2
6088 12
6089 14
6090 8
6091 6
6092 4
6093 6
6094 4
6095 12
6096 8
6097 26
6098 31
6099 22
6100 20
6101 2
6102 7
6103 12
6104 3
6105 4
6106 18
6107 10
6108 2
6109 4
6110 5
6111 4
6112 2
6113 2
6114 4
6115 3
6116 2
6117 2
6118 2
6119 2
6120 2
6121 6
6122 12
6123 22
6124 10
6125 28
6126 2
6127 8
6128 12
6129 2
6130 6
6131 4
6132 15
6133 12
6134 22
6135 14
6136 12
6137 10
6138 8
6139 4
6140 2
6141 2
6142 3
6143 8
6144 38
6145 8
6146 12
6147 8
6148 4
6149 2
6150 10
6151 3
6152 11
6153 2
6154 7
6155 2
6156 2
6157 2
6158 7
6159 4
6160 6
6161 21
6162 21
6163 32
6164 15
6165 26
6166 8
6167 6
6168 12
6169 4
6170 16
6171 4
6172 12
6173 19
6174 12
6175 12
6176 18
6177 4
6178 4
6179 2
6180 6
6181 10
6182 1
6183 3
6184 8
6185 4
6186 2
6187 2
6188 2
6189 2
6190 2
6191 13
6192 14
6193 36
6194 46
6195 15
6196 52
6197 6
6198 9
6199 1
6200 22
6201 8
6202 6
6203 12
6204 10
6205 14
6206 10
6207 12
6208 6
6209 2
6210 1
6211 2
6212 4
6213 10
6214 27
6215 10
6216 4
6217 15
6218 4
6219 4
6220 2
6221 2
6222 3
6223 8
6224 10
6225 12
6226 10
6227 4
6228 2
6229 2
6230 16
6231 10
6232 14
6233 10
6234 4
6235 12
6236 20
6237 26
6238 30
6239 8
6240 2
6241 17
6242 6
6243 7
6244 1
6245 4
6246 4
6247 4
6248 15
6249 5
6250 4
6251 6
6252 14
6253 10
6254 1
6255 3
6256 2
6257 9
6258 3
6259 6
6260 15
6261 11
6262 2
6263 6
6264 4
6265 10
6266 5
6267 2
6268 10
6269 2
6270 10
6271 12
6272 4
6273 8
6274 6
6275 2
6276 6
6277 2
6278 17
6279 18
6280 10
6281 12
6282 2
6283 2
6284 4
6285 4
6286 4
6287 1
6288 1
6289 1
6290 4
6291 31
6292 9
6293 2
6294 39
6295 3
6296 10
6297 1
6298 2
6299 2
6300 9
6301 2
6302 2
6303 2
6304 4
6305 2
6306 2
6307 10
6308 10
6309 10
6310 10
6311 2
6312 4
6313 2
6314 4
6315 13
6316 2
6317 6
6318 18
6319 8
6320 2
6321 2
6322 10
6323 1
6324 12
6325 10
6326 2
6327 2
6328 14
6329 5
6330 6
6331 6
6332 4
6333 19
6334 1
6335 2
6336 4
6337 5
6338 24
6339 4
6340 2
6341 3
6342 2
6343 6
6344 2
6345 6
6346 8
6347 8
6348 8
6349 6
6350 6
6351 9
6352 10
6353 6
6354 2
6355 8
6356 6
6357 10
6358 8
6359 8
6360 2
6361 10
6362 33
6363 4
6364 8
6365 2
6366 2
6367 2
6368 14
6369 8
6370 42
6371 1
6372 6
6373 4
6374 4
6375 2
6376 5
6377 2
6378 18
6379 22
6380 8
6381 37
6382 37
6383 6
6384 32
6385 30
6386 38
6387 26
6388 33
6389 29
6390 35
6391 29
6392 26
6393 8
6394 10
6395 8
6396 4
6397 2
6398 2
6399 2
6400 2
6401 10
6402 6
6403 6
6404 8
6405 1
6406 4
6407 2
6408 16
6409 5
6410 8
6411 6
6412 2
6413 2
6414 2
6415 10
6416 25
6417 8
6418 18
6419 6
6420 4
6421 2
6422 1
6423 3
6424 2
6425 6
6426 17
6427 24
6428 8
6429 4
6430 22
6431 8
6432 12
6433 22
6434 12
6435 20
6436 14
6437 8
6438 2
6439 34
6440 5
6441 2
6442 6
6443 1
6444 4
6445 1
6446 9
6447 1
6448 13
6449 2
6450 2
6451 4
6452 2
6453 10
6454 2
6455 4
6456 10
6457 7
6458 25
6459 5
6460 2
6461 4
6462 7
6463 8
6464 4
6465 12
6466 7
6467 4
6468 12
6469 14
6470 1
6471 2
6472 6
6473 6
6474 1
6475 1
6476 1
6477 11
6478 5
6479 6
6480 4
6481 3
6482 8
6483 22
6484 2
6485 11
6486 3
6487 11
6488 9
6489 8
6490 4
6491 10
6492 1
6493 4
6494 4
6495 5
6496 8
6497 4
6498 4
6499 6
6500 1
6501 24
6502 2
6503 4
6504 4
6505 4
6506 2
6507 22
6508 2
6509 2
6510 2
6511 3
6512 3
6513 4
6514 37
6515 24
6516 2
6517 4
6518 8
6519 2
6520 6
6521 4
6522 8
6523 1
6524 6
6525 2
6526 4
6527 4
6528 12
6529 16
6530 10
6531 4
6532 4
6533 2
6534 2
6535 33
6536 9
6537 22
6538 14
6539 3
6540 6
6541 1
6542 4
6543 4
6544 10
6545 8
6546 6
6547 2
6548 4
6549 4
6550 6
6551 57
6552 2
6553 17
6554 8
6555 2
6556 2
6557 6
6558 2
6559 2
6560 16
6561 16
6562 8
6563 16
6564 16
6565 12
6566 18
6567 14
6568 7
6569 16
6570 12
6571 10
6572 8
6573 2
6574 1
6575 2
6576 13
6577 8
6578 5
6579 4
6580 8
6581 2
6582 2
6583 11
6584 18
6585 6
6586 4
6587 12
6588 8
6589 2
6590 8
6591 18
6592 16
6593 2
6594 2
6595 2
6596 4
6597 2
6598 1
6599 1
6600 4
6601 1
6602 1
6603 2
6604 10
6605 12
6606 7
6607 6
6608 6
6609 12
6610 41
6611 8
6612 36
6613 20
6614 4
6615 6
6616 12
6617 6
6618 4
6619 6
6620 12
6621 18
6622 12
6623 21
6624 16
6625 18
6626 16
6627 28
6628 6
6629 12
6630 50
6631 6
6632 2
6633 27
6634 18
6635 39
6636 35
6637 3
6638 21
6639 26
6640 25
6641 12
6642 29
6643 6
6644 24
6645 34
6646 3
6647 14
6648 8
6649 8
6650 8
6651 12
6652 22
6653 8
6654 38
6655 2
6656 8
6657 16
6658 12
6659 6
6660 6
6661 8
6662 8
6663 1
6664 4
6665 9
6666 2
6667 14
6668 11
6669 6
6670 6
6671 9
6672 2
6673 4
6674 8
6675 2
6676 7
6677 26
6678 10
6679 14
6680 2
6681 8
6682 12
6683 8
6684 2
6685 14
6686 20
6687 20
6688 5
6689 8
6690 2
6691 2
6692 6
6693 2
6694 10
6695 26
6696 32
6697 21
6698 9
6699 6
6700 12
6701 1
6702 9
6703 2
6704 4
6705 1
6706 1
6707 4
6708 2
6709 10
6710 6
6711 4
6712 54
6713 1
6714 23
6715 2
6716 12
6717 2
6718 6
6719 4
6720 6
6721 2
6722 2
6723 2
6724 2
6725 6
6726 17
6727 4
6728 10
6729 2
6730 3
6731 4
6732 4
6733 15
6734 5
6735 10
6736 16
6737 16
6738 2
6739 12
6740 2
6741 4
6742 4
6743 10
6744 28
6745 2
6746 4
6747 3
6748 7
6749 2
6750 4
6751 2
6752 4
6753 12
6754 2
6755 4
6756 4
6757 2
6758 2
6759 4
6760 2
6761 17
6762 7
6763 6
6764 16
6765 15
6766 4
6767 10
6768 4
6769 4
6770 6
6771 2
6772 2
6773 1
6774 2
6775 2
6776 4
6777 6
6778 6
6779 8
6780 2
6781 2
6782 16
6783 18
6784 5
6785 2
6786 6
6787 2
6788 2
6789 2
6790 4
6791 2
6792 2
6793 1
6794 12
6795 1
6796 2
6797 2
6798 14
6799 59
6800 10
6801 2
6802 4
6803 4
6804 4
6805 2
6806 10
6807 2
6808 2
6809 4
6810 10
6811 4
6812 4
6813 6
6814 2
6815 4
6816 2
6817 4
6818 4
6819 6
6820 6
6821 2
6822 2
6823 4
6824 8
6825 8
6826 2
6827 3
6828 10
6829 21
6830 6
6831 4
6832 4
6833 2
6834 2
6835 10
6836 2
6837 4
6838 4
6839 7
6840 4
6841 2
6842 10
6843 3
6844 7
6845 4
6846 8
6847 36
6848 12
6849 3
6850 10
6851 4
6852 21
6853 11
6854 39
6855 43
6856 19
6857 25
6858 28
6859 26
6860 24
6861 22
6862 6
6863 23
6864 43
6865 34
6866 51
6867 20
6868 11
6869 2
6870 6
6871 4
6872 1
6873 1
6874 8
6875 4
6876 6
6877 4
6878 13
6879 3
6880 6
6881 14
6882 14
6883 6
6884 10
6885 8
6886 11
6887 24
6888 9
6889 18
6890 4
6891 4
6892 12
6893 16
6894 6
6895 10
6896 22
6897 6
6898 2
6899 2
6900 4
6901 32
6902 26
6903 24
6904 26
6905 17
6906 4
6907 2
6908 2
6909 18
6910 4
6911 6
6912 16
6913 8
6914 6
6915 6
6916 6
6917 4
6918 1
6919 2
6920 10
6921 60
6922 21
6923 10
6924 2
6925 20
6926 4
6927 3
6928 6
6929 22
6930 4
6931 6
6932 6
6933 6
6934 4
6935 4
6936 6
6937 2
6938 10
6939 14
6940 2
6941 8
6942 11
6943 2
6944 2
6945 4
6946 3
6947 3
6948 2
6949 3
6950 8
6951 2
6952 8
6953 10
6954 2
6955 24
6956 6
6957 10
6958 8
6959 4
6960 2
6961 6
6962 7
6963 2
6964 2
6965 2
6966 2
6967 1
6968 2
6969 7
6970 2
6971 12
6972 12
6973 8
6974 2
6975 6
6976 8
6977 8
6978 10
6979 10
6980 8
6981 8
6982 2
6983 2
6984 4
6985 4
6986 4
6987 10
6988 10
6989 6
6990 6
6991 4
6992 2
6993 4
6994 13
6995 2
6996 3
6997 7
6998 2
6999 4
7000 11
7001 1
7002 9
7003 1
7004 2
7005 8
7006 2
7007 2
7008 6
7009 1
7010 6
7011 2
7012 4
7013 4
7014 9
7015 2
7016 1
7017 15
7018 2
7019 14
7020 9
7021 4
7022 23
7023 12
7024 3
7025 10
7026 10
7027 1
7028 18
7029 18
7030 2
7031 2
7032 2
7033 6
7034 1
7035 10
7036 1
7037 2
7038 1
7039 2
7040 2
7041 12
7042 3
7043 1
7044 8
7045 4
7046 6
7047 8
7048 4
7049 10
7050 10
7051 2
7052 4
7053 17
7054 4
7055 4
7056 4
7057 13
7058 14
7059 3
7060 4
7061 4
7062 2
7063 2
7064 10
7065 2
7066 4
7067 2
7068 2
7069 8
7070 6
7071 10
7072 6
7073 33
7074 4
7075 4
7076 4
7077 2
7078 4
7079 8
7080 1
7081 1
7082 4
7083 2
7084 2
7085 4
7086 5
7087 2
7088 2
7089 6
7090 2
7091 2
7092 2
7093 2
7094 2
7095 14
7096 7
7097 1
7098 1
7099 6
7100 3
7101 2
7102 2
7103 3
7104 6
7105 2
7106 4
7107 23
7108 4
7109 6
7110 7
7111 10
7112 6
7113 4
7114 4
7115 2
7116 2
7117 4
7118 1
7119 4
7120 4
7121 2
7122 2
7123 2
7124 4
7125 3
7126 7
7127 4
7128 3
7129 1
7130 2
7131 5
7132 2
7133 8
7134 4
7135 1
7136 2
7137 3
7138 4
7139 2
7140 4
7141 4
7142 3
7143 2
7144 3
7145 4
7146 2
7147 2
7148 4
7149 2
7150 2
7151 2
7152 2
7153 14
7154 2
7155 2
7156 2
7157 2
7158 4
7159 6
7160 4
7161 2
7162 2
7163 2
7164 16
7165 4
7166 4
7167 8
7168 4
7169 4
7170 4
7171 11
7172 4
7173 7
7174 2
7175 2
7176 17
7177 4
7178 14
7179 8
7180 4
7181 4
7182 2
7183 14
7184 8
7185 2
7186 2
7187 6
7188 2
7189 2
7190 1
7191 2
7192 4
7193 2
7194 4
7195 2
7196 3
7197 2
7198 4
7199 4
7200 2
7201 2
7202 2
7203 4
7204 2
7205 2
7206 4
7207 2
7208 2
7209 4
7210 2
7211 2
7212 2
7213 2
7214 2
7215 8
7216 2
7217 2
7218 2
7219 2
7220 6
7221 2
7222 2
7223 8
7224 1
7225 2
7226 5
7227 6
7228 2
7229 10
7230 2
7231 2
7232 6
7233 4
7234 7
7235 2
7236 2
7237 2
7238 2
7239 10
7240 2
7241 4
7242 10
7243 10
7244 2
7245 2
7246 5
7247 2
7248 2
7249 2
7250 2
7251 2
7252 4
7253 1
7254 2
7255 2
7256 4
7257 8
7258 8
7259 1
7260 2
7261 2
7262 4
7263 2
7264 4
7265 2
7266 2
7267 4
7268 2
7269 2
7270 6
7271 2
7272 1
7273 2
7274 2
7275 2
7276 3
7277 10
7278 1
7279 2
7280 4
7281 2
7282 10
7283 2
7284 2
7285 2
7286 2
7287 1
7288 2
7289 8
7290 6
7291 1
7292 6
7293 6
7294 2
7295 2
7296 4
7297 6
7298 10
7299 6
7300 2
7301 4
7302 2
7303 13
7304 2
7305 9
7306 5
7307 5
7308 13
7309 6
7310 7
7311 1
7312 2
7313 2
7314 4
7315 2
7316 3
7317 4
7318 2
7319 2
7320 2
7321 2
7322 1
7323 1
7324 2
7325 2
7326 4
7327 6
7328 6
7329 1
7330 2
7331 2
7332 2
7333 4
7334 2
7335 9
7336 4
7337 1
7338 2
7339 2
7340 1
7341 4
7342 2
7343 1
7344 2
7345 1
7346 2
7347 4
7348 4
7349 4
7350 2
7351 4
7352 1
7353 14
7354 10
7355 1
7356 2
7357 16
7358 6
7359 1
7360 2
7361 2
7362 2
7363 2
7364 4
7365 6
7366 8
7367 4
7368 2
7369 1
7370 1
7371 2
7372 4
7373 2
7374 4
7375 13
7376 2
7377 1
7378 1
7379 2
7380 8
7381 4
7382 2
7383 4
7384 4
7385 6
7386 2
7387 2
7388 2
7389 4
7390 1
7391 6
7392 2
7393 9
7394 2
7395 6
7396 1
7397 2
7398 4
7399 4
7400 1
7401 2
7402 1
7403 6
7404 2
7405 4
7406 6
7407 9
7408 6
7409 6
7410 2
7411 2
7412 2
7413 4
7414 2
7415 2
7416 2
7417 4
7418 2
7419 1
