0 1 7 24 28 30 31 32 33 41 45 50 53 62 63 77 80 85 86 94 95
1 3 9 10 20 21 23 26 27 31 51 55 58 69 71 75 78 79 84 85 97 99
2 10 18 20 21 22 25 27 29 36 37 38 42 61 71 74 76 77 80 82 84 91 96 97
3 1 7 11 12 22 38 41 42 45 55 59 62 70 71 72 82 90 91 94 99
4 0 3 7 10 13 34 49 50 59 62 69 76 92 99
5 0 1 14 16 23 27 28 54 56 67 88
6 4 12 13 18 22 34 36 37 38 44 57 66 67 69 76 85 90 91
7 4 6 18 21 39 40 42 47 52 58 66 77 84 93 95 98
8 12 13 24 33 37 39 52 58 66 75 79 91 92 93 94
9 2 7 20 40 41 42 51 58 60 65 68 71 76 88 92
10 4 6 9 10 16 20 25 26 34 35 37 43 44 45 49 53 54 58 61 62 72 79 90 93 97
11 2 6 12 13 16 23 34 42 44 50 54 55 59 73 74 82 87 88 95 99
12 5 6 10 14 15 27 35 40 64 65 71 79 88 91 95 97 99
13 9 16 25 27 30 38 39 44 51 60 66 68 70 75 82 87 91 92 97
14 4 5 6 9 12 17 19 21 24 30 34 36 40 41 42 49 52 53 54 57 59 64 68 69 71 76 82 83 96
15 3 8 9 10 13 19 22 23 28 30 51 73 86 89 91 96
16 13 14 15 16 30 33 43 46 49 51 54 56 63 65 66 73 80 81 92 93
17 3 4 29 30 32 33 43 45 49 68 77 81 82 83 89 97
18 6 13 15 20 22 25 33 40 48 52 63 71 72 85 95 98
19 2 8 10 14 25 26 29 39 43 49 51 52 53 66 70 72 73 74 75 80 82 86 88 89 92 93 95
20 2 5 15 16 24 27 30 31 50 62 64 68 72 73 77 82 87 90 94
21 2 8 9 15 22 24 26 30 39 42 48 55 56 59 70 73 78 80 83 85 89 91 97 98
22 2 3 7 32 50 52 62 63 67 76 78 81 86 88 96 99
23 1 2 3 5 10 13 14 15 17 20 24 27 31 34 38 42 50 52 57 61 63 80 82 84 88 97
24 3 7 10 12 16 18 36 41 47 48 62 64 70 71 74 75 80 83 84
25 1 3 7 15 17 30 32 34 35 38 39 40 49 51 55 57 69 71 78 94 97
26 0 3 5 12 14 18 22 24 26 35 36 39 41 46 48 53 61 62 65 72 81 93 94
27 0 1 4 6 12 13 16 18 28 39 40 43 44 48 50 55 56 65 73 75 76 77 80 91 93 95 96 97
28 4 8 10 11 12 14 16 19 26 27 28 30 35 36 38 39 44 53 68 72 79 84 89 92 93 94 99
29 22 28 34 39 43 47 49 51 59 71 82 89
30 5 11 15 21 25 27 34 38 41 42 46 48 59 71 76 85 86 92 95 99
31 1 2 9 13 17 19 33 47 48 49 58 59 63 69 71 73 75 77 78 82 84 88 98
32 4 17 36 45 51 52 53 54 67 71 72 89 90 95 96
33 7 8 14 25 27 30 45 49 53 58 66 67 69 82 88 98
34 8 9 10 11 16 19 23 24 26 29 32 40 54 59 63 69 74 82 95 97 99
35 11 13 15 19 20 27 31 43 44 57 70 72 75 78 81 82 91 97
36 2 9 10 21 22 23 38 44 49 52 53 54 55 57 59 61 64 67 70 71 72 81 93
37 1 5 7 9 10 11 18 36 47 55 59 61 63 65 69 71 77 79 93 95 96 97
38 6 7 10 11 15 18 19 24 37 49 57 59 62 63 64 72 75 82 83 84 93 96 97 98 99
39 1 9 11 16 19 22 24 28 29 30 32 33 40 43 50 51 53 55 61 66 71 72 81 83 84 85 89 95
40 4 13 20 21 28 29 30 41 52 55 59 65 68 81 88 89 90 96
41 5 12 18 20 22 32 35 38 39 46 49 52 55 67 70 72 74 78 82 90 93 98
42 2 3 4 10 14 25 38 42 44 48 51 54 56 58 64 73 74 78 86 89 90 91 97 98 99
43 2 4 16 18 20 27 31 38 44 54 63 64 67 71 72 73 76 86 88 94 97 99
44 17 20 26 29 36 41 60 64 69 71 73 74 80 85 86 91 94
45 1 2 11 13 14 20 26 31 38 41 55 57 67 86 88 93 95 96
46 2 17 29 32 34 52 54 57 62 65 74 84 87 98
47 0 1 3 10 15 16 22 32 56 61 68 72 80 81 85 86
48 2 7 15 26 30 37 39 42 51 53 58 63 64 84 85 87
49 14 17 24 30 31 34 36 37 48 59 64 65 69 75 77 82 85 87 89 96 97
50 2 8 11 22 39 41 49 52 53 61 64 66 70 79 84 86 97 98 99
51 4 7 22 24 28 50 60 65 73 77 82 87 90 97 98
52 17 23 31 35 49 50 53 65 67 70 77 81 82 88 95 97 98
53 0 5 6 7 11 16 19 26 34 38 42 49 51 53 54 63 68 69 71 73 84 87 89 94 95 99
54 3 16 20 21 23 25 46 48 52 55 57 63 71 81 90
55 19 32 40 43 48 52 57 58 79 80 82 92 97 98
56 1 4 5 7 21 29 30 31 51 66 68 70 71 77 96
57 0 11 35 43 45 46 50 55 65 70 72 81 83 85 90 93 97 98
58 1 13 17 38 39 43 49 51 59 66 69 71 74 76 81 85
59 2 4 7 11 12 15 24 29 32 38 39 41 47 55 69 70 73 75 77 87 90
60 3 8 12 29 32 43 44 46 50 62 64 65 66 68 72 73 91 94 97 99
61 1 2 6 10 19 27 31 35 40 52 69 79 84 91 92 95 96
62 1 4 5 6 11 13 14 15 16 21 23 36 40 42 43 49 57 67 77 78 83 90 95
63 3 6 15 16 21 22 24 25 29 52 54 56 67 68 70 73 82 84
64 8 19 20 33 37 39 41 43 58 61 66 70 72 77 82 83 88 89 90 91
65 34 36 38 39 48 50 54 55 61 63 64 73 75 76 83 89 99
66 0 5 12 17 24 28 35 42 47 60 62 65 68 70 76 85 94
67 1 15 23 30 32 35 39 40 41 50 54 59 62 67 71 77 85
68 5 14 19 25 26 35 36 38 42 44 45 48 53 55 56 57 58 60 62 65 84 85 87 88 93
69 1 15 18 23 31 39 44 47 49 50 51 55 63 77 80 89 93
70 10 11 15 18 20 25 31 41 42 47 49 54 55 63 68 74 81 91
71 3 13 15 19 27 29 30 31 38 39 41 49 52 56 59 67 71 76 82 84 87 88 95 97
72 6 13 17 18 20 21 26 28 29 36 39 45 47 48 49 53 64 67 75 79 80 82 86 89 92 95 98 99
73 2 23 33 35 56 57 58 73 80 91
74 0 2 4 5 7 9 11 15 19 30 32 36 39 40 44 45 48 52 53 54 58 64 77 91 99
75 5 6 8 10 12 13 14 27 33 36 40 43 49 52 60 61 65 74 77 81 83
76 8 9 13 20 25 27 34 38 39 41 42 43 54 57 65 66 71 76 79 80 85 87 99
77 4 17 18 26 29 32 34 35 41 48 53 61 66 75 83 87 89 90 92 95
78 2 11 12 14 18 26 30 42 46 49 52 77 79 82 84 86 87 90 98
79 20 31 38 41 48 50 51 58 59 62 64 72 85 99
80 7 8 12 13 18 21 33 41 54 57 58 64 65 74 79 80 82 85 90 96 98
81 3 11 20 29 30 35 42 48 49 53 55 61 71 73 74 78 86 90
82 0 4 15 16 23 27 39 51 53 57 61 64 69 76 77 81 89 90 98
83 3 4 8 9 16 20 21 23 26 28 38 45 52 58 72 77 81
84 0 6 19 25 31 37 45 49 51 52 53 55 58 61 65 73 92 96 99
85 2 12 13 14 18 24 30 33 37 42 43 50 59 63 66 71 73 79 80 89 91 92 96
86 0 4 7 11 12 14 19 21 22 24 25 29 30 41 49 52 55 61 62 63 64 71 73 76 82 84 85 95 96 99
87 1 4 6 7 16 19 21 27 33 35 46 49 52 60 80 92 98
88 13 16 18 19 20 26 36 45 53 59 60 61 86 87 88 95 99
89 3 8 12 13 16 17 20 38 41 46 48 49 54 55 56 59 61 74 76 78 84 94 97 99
90 9 11 24 28 34 35 47 52 54 59 63 80 86 93
91 7 9 10 12 16 21 24 26 29 31 34 37 43 51 52 60 61 68 72 78 79 88 90 93 99
92 18 20 21 22 31 33 35 36 43 45 47 50 59 64 67 68 71 76 87 88 96
93 5 7 12 14 18 19 21 48 50 66 70 83 85 88 91
94 13 14 17 20 22 24 28 33 38 49 85 90 92 95
95 10 15 23 28 31 34 36 46 49 53 62 64 67 68 75 81 86 90 91
96 3 6 33 34 39 43 50 53 56 64 67 69 70 72 74 77 87 88 90
97 0 5 9 11 14 20 34 35 36 43 44 49 59 69 75 79 88 89
98 8 13 17 20 23 24 25 32 37 41 43 48 54 57 60 66 67 77 78 80 88 89 92 93 96 97
99 5 19 21 38 42 44 46 47 48 66 76 79 80 82 85 87 91 98
100 2 15 16 17 26 30 33 34 36 44 45 49 51 52 59 65 72 78 82 88 91 99
101 3 7 9 13 15 16 21 22 24 31 32 37 47 52 71 75 85 86 90
102 0 24 31 40 41 51 61 64 66 69 71 73 78 84 96 97
103 8 19 20 28 32 41 44 48 52 54 60 62 65 75 79 81 82
104 12 16 17 21 25 35 41 45 48 50 57 59 60 66 91 96 99
105 1 18 25 26 43 45 47 50 70 81 90 91 96 97 99
106 0 5 9 14 16 21 22 25 26 33 36 41 43 50 53 61 81 93 96 97 98
107 4 15 18 27 31 38 55 64 75 76 91 93
108 9 21 23 29 33 36 41 43 47 56 61 64 67 78 84 85 86 87 95
109 3 4 20 21 23 27 28 43 47 48 51 55 58 59 61 64 67 68 73 74 85 88 99
110 8 20 25 27 36 40 51 58 59 62 68 69 79 85 86 92
111 1 4 5 10 17 32 38 40 44 46 51 64 67 68 72 74 76 83 86 94
112 6 10 16 26 28 36 39 44 46 47 51 54 71 73 89 91 95 99
113 1 5 17 19 21 25 29 33 39 45 46 47 48 53 61 63 64 68 72 74 81 86 87 89 91 94
114 2 4 14 19 22 30 35 36 38 50 51 70 74 77 97
115 15 44 47 49 50 54 59 71 75 81 92 95
116 0 3 4 10 15 26 27 28 31 32 37 42 46 53 61 63 66 71 72 74 78 79 82 87 89 95
117 0 3 4 14 17 21 24 28 33 35 36 38 39 43 45 60 66 71 76 82 92 93
118 15 43 44 52 53 54 57 60 68 69 74 76 77 84 85
119 0 16 20 21 26 27 28 31 33 40 54 57 59 60 62 66 67 71 74 75 82 84 87 88 91
120 6 18 19 20 23 24 28 29 30 33 40 42 44 48 50 55 58 59 61 63 66 71 73 88 92 99
121 7 8 13 26 31 41 44 48 58 59 63 74 78 82 84 87 88 99
122 10 17 18 20 24 26 33 40 42 45 49 51 53 72 79 90 95 97 99
123 5 8 11 22 24 25 27 30 32 41 42 49 55 56 58 62 72 74 75 83 87 90
124 3 6 8 17 20 38 44 45 47 50 55 62 66 83 87 91 93 99
125 2 6 21 35 40 62 64 70 77 94
126 4 7 10 11 14 25 30 32 42 44 48 49 50 52 57 59 72 80
127 0 2 4 16 25 33 36 41 46 50 52 58 62 65 74 77 79 84 85 86 91 96
128 12 18 19 24 26 28 36 39 48 49 52 62 70 79 84 87 96 99
129 1 8 9 17 22 23 28 30 32 33 38 41 46 48 55 67 72 73 78 80 86 93 95
130 0 6 13 15 21 28 38 39 45 48 49 53 55 58 59 65 76 79 83 85 94
131 4 9 18 20 35 42 47 53 58 61 66 69 71 74 75 76 85 96 97
132 2 5 23 38 40 43 44 59 63 68 74 76 78 82 83 84 90
133 1 2 11 12 15 20 30 31 38 39 51 58 60 68 74 80 81 83 91 94
134 9 14 34 35 36 39 44 46 48 57 58 65 84 85 88 89 91 92 99
135 0 1 4 8 10 13 16 20 25 30 38 41 47 49 50 53 78 79 81 86 93 94 95 98
136 2 5 8 20 26 28 34 35 43 48 65 68 78 87 92 94
137 10 12 27 51 53 55 56 61 65 69 70 73 83 88 91 98 99
138 8 11 13 16 20 26 27 30 43 44 47 48 52 54 58 62 69 70 79 80 92 97
139 5 8 9 32 33 41 44 52 53 57 69 81 82 88 95
140 5 6 8 10 11 12 20 22 35 36 39 45 52 56 66 78 85 88 93
141 4 8 13 27 34 36 41 45 46 53 58 68 71 73 74 81 99
142 7 16 17 27 30 35 38 43 49 59 74 77 93
143 0 6 8 10 12 21 22 24 27 33 38 44 48 52 58 59 65 68 70 74 75 82 85 87 92 94 95 98
144 15 29 36 41 44 45 53 60 76 78 81 84 85 86 89 92 93 94
145 3 5 9 20 21 24 27 31 32 34 38 45 59 60 64 65 90 92
146 17 22 24 25 31 36 50 52 58 67 77 78 80 82 92
147 3 5 6 10 11 22 23 44 49 53 54 55 57 63 65 68 72 77 78 83 84 88 92
148 2 34 37 48 53 62 64 65 67 68 83 84 85 97 98
149 0 12 14 15 23 25 26 27 28 47 53 59 65 73 75 98
150 9 20 22 26 39 42 44 48 50 55 56 69 73 83 85 95 98
151 13 14 28 40 42 43 46 49 55 57 60 62 63 67 68 74 75 81 85 90 92 98 99
152 4 6 10 11 13 19 22 36 38 41 42 44 58 61 63 64 76 91 96 97
153 2 4 7 10 16 18 24 36 39 47 50 56 75 77 85 86 93
154 5 6 10 13 15 31 38 39 57 61 64 75 77 97
155 3 16 17 23 34 36 41 42 43 47 49 50 51 53 54 56 60 63 80 84 86 87 94 97
156 3 12 17 22 26 30 33 35 40 44 47 55 56 62 69 73 79 86 87 96 99
157 3 11 14 16 18 42 45 46 48 51 63 70 82 93 95 99
158 5 6 16 20 26 29 34 36 39 51 58 66 67 71 77 82 88
159 2 4 8 14 15 24 25 29 31 32 34 35 56 57 59 68 69 72 73 77
160 2 5 6 9 15 42 44 47 52 54 55 58 60 63 69 85 88 97
161 0 4 10 18 19 25 30 41 47 55 56 65 78 86 90
162 1 5 9 12 13 22 24 28 30 32 36 44 51 53 55 58 59 83 87 91 94
163 3 7 9 18 20 23 25 48 52 69 71 80 86 88 95 98
164 0 3 4 6 20 23 26 33 37 42 51 62 63 69 73 74 85 86 95 97 98
165 1 5 11 14 15 20 24 35 41 47 50 53 59 66 72 77 80 85 86 88 89 95 96 97
166 3 6 8 9 13 17 30 32 44 50 61 72 75 79 83 87 88 94 96 99
167 0 1 6 10 14 15 20 22 28 29 31 36 38 41 45 47 49 50 54 64 66 71 72 74 75 79 82 84 85 96
168 4 11 12 18 22 24 26 34 43 48 52 55 57 61 62 63 75 77 82 96
169 9 18 22 29 30 33 45 53 56 59 64 69 72 75 77 79 81 84 86 87 89 90 93
170 2 5 9 19 23 26 33 35 36 45 46 57 61 62 64 68 72 74 80 85 88 89
171 5 14 16 26 34 35 45 49 51 57 71 74 78 86 87 92 98 99
172 7 12 27 28 33 38 48 49 52 67 68 71 79 81 99
173 2 7 11 17 18 19 22 23 34 35 42 56 58 59 61 75 79 80 82 92 99
174 4 9 10 11 12 20 23 31 33 37 41 45 61 63 65 70 74 76 81 82 83 92 94
175 2 9 11 12 17 18 23 24 32 35 43 51 52 55 62 65 66 67 71 78 82 83 96
176 1 3 5 6 11 15 16 28 31 40 53 56 58 61 76 78 80 85 88 97
177 3 13 20 21 23 25 29 37 43 44 56 63 71 73 78 85 87
178 4 6 9 11 21 38 46 55 56 59 61 63 77 81 82 83 88 98
179 2 10 12 13 18 26 27 34 37 49 50 52 54 59 60 62 63 75 77 80 92 93 97 98 99
180 0 6 8 9 11 16 17 30 46 48 54 55 56 59 64 66 67 76 85 86 90 91 94 96 99
181 1 13 14 15 19 20 22 25 26 38 55 63 73 74 87 88 96 97
182 4 8 9 10 17 21 23 31 37 47 48 59 69 71 80 84 92 94 98
183 4 14 19 25 26 27 29 31 37 38 42 48 57 62 63 66 73 75 81 93 98 99
184 5 6 27 30 31 32 33 44 48 59 62 66 82 83 96
185 7 21 30 31 32 34 35 43 45 49 53 54 57 59 64 65 73 77 83 86 91 97 99
186 4 11 15 19 25 29 33 38 44 45 50 51 52 53 58 72 74 80 94 95 99
187 0 1 8 9 12 18 20 30 31 32 35 47 48 54 57 68 74 76 77 84 86 93 95 97 98
188 13 18 26 34 38 39 45 49 52 58 65 77 84 90 97 99
189 2 3 6 9 10 11 15 16 18 23 27 36 37 39 52 53 62 65 75 90 92 99
190 3 8 16 20 27 29 41 46 47 73 95
191 0 5 10 18 21 23 27 33 35 41 42 49 52 53 58 60 63 64 86 97
192 7 10 32 36 38 42 48 49 56 62 63 64 67 68 69 70 73 77 80 83 89 92 93
193 13 14 18 19 21 35 37 39 41 43 55 63 64 77 83 85 92 98
194 1 4 5 6 22 26 35 42 44 45 48 50 54 67 68 69 75 80 91 93 94 97
195 1 4 7 8 10 16 21 26 28 32 34 35 36 39 52 54 58 63 64 73 93 99
196 1 6 9 21 24 32 33 38 39 41 43 44 53 59 60 65 69 74 77 79 89 94 95 96 99
197 2 12 15 18 20 28 30 33 49 54 57 60 73 74 83 85 86 96 98 99
198 1 3 6 18 33 49 50 55 61 73 81 93 94 96
199 1 4 12 18 26 27 34 39 41 53 59 61 64 77 81 84 87 89 96
200 3 4 13 24 27 33 34 41 47 50 51 56 61 67 71 73 80 88 94
201 7 14 23 25 27 31 32 39 44 49 65 67 82 83 85 90
202 8 9 11 14 17 18 20 23 30 31 32 33 35 43 47 49 53 63 65 66 72 81 97
203 1 5 8 12 15 18 29 31 33 35 43 48 51 57 58 61 71 80 91
204 6 17 22 23 28 36 37 57 63 68 74 80 87
205 4 5 6 9 14 18 27 36 47 48 50 52 61 67 69 71 72 83 90 94 96
206 4 7 13 17 29 39 40 46 48 55 56 67 69 71 72 73 74 86 89 93
207 8 9 12 13 19 22 26 29 30 44 53 60 61 62 66 70 83 87 89 92 94 95 98 99
208 13 14 21 23 34 40 47 54 59 63 68 70 81 91 95 96
209 0 7 14 21 28 34 45 57 58 75 77 79 81 92
210 14 16 21 22 24 26 27 35 44 45 53 65 71 79 83 87 89 96 97
211 8 14 16 17 26 30 33 35 37 44 49 50 52 53 60 67 69 72 78 91 95
212 3 7 9 14 20 21 25 26 28 31 32 33 35 36 38 55 58 60 62 63 77 79 85 86 87 91 95
213 1 8 13 23 25 27 32 39 42 45 47 51 55 72 81 85 87 88 91 93 95 98
214 1 11 19 30 37 38 39 40 44 46 61 62 67 72 78 82 90 96
215 9 11 18 23 32 35 39 42 59 61 67 71 85 88 93 96 98
216 3 5 9 12 22 36 38 44 52 54 63 67 73 80 91 92
217 0 13 19 30 38 47 48 52 58 69 70 71 73 82 86 88 89 92 98
218 3 5 12 15 21 30 32 34 38 39 40 42 57 66 67 72 75 85 88 90 91 92 96 99
219 8 19 23 25 28 30 42 48 55 61 66 80 84 86 94 97
220 3 5 8 18 21 23 29 37 43 49 50 53 56 58 63 68 74 77 81 83 88 92 99
221 0 7 11 15 21 23 24 29 35 45 60 61 68 78 80 82 91
222 1 7 8 13 20 27 30 36 47 48 52 53 60 63 67 71 76 82 90
223 4 5 12 14 17 21 22 27 30 32 55 56 57 61 67 71 73 74 87 94
224 6 8 10 12 21 22 28 29 32 35 47 57 61 63 64 70 76 85 88 89 91
225 2 3 8 11 16 18 28 32 35 49 57 65 67 72 74 82 85 99
226 0 5 14 36 37 45 47 48 52 60 72 74 78 80 84 85 87 92 93 94 95 97 98
227 1 2 5 6 14 19 28 32 35 40 60 63 69 71 77 84
228 3 6 15 18 28 32 41 42 48 51 52 53 54 55 60 61 63 68 69 76 83 89 96 97
229 2 12 16 26 36 38 42 53 55 62 66 69 86 89 96
230 3 4 6 8 9 13 16 39 40 42 46 77 82 87 88 92 93 97
231 3 13 22 26 32 34 42 44 50 51 58 61 63 76 78 81 99
232 16 23 39 47 48 49 50 66 71 77 79 82 84 90 94 96
233 0 1 4 9 10 13 14 20 35 36 41 58 74 75 81 84 91
234 7 8 19 23 28 33 35 39 50 52 54 64 65 83 88 94
235 1 3 4 8 10 19 20 21 29 30 32 37 41 46 56 59 61 80 85 89 95
236 2 12 17 30 35 37 42 50 51 52 65 72 73 77 85 86 88 93
237 0 4 6 10 15 31 35 56 59 69 75 82 92 94 97 98
238 1 5 6 13 16 31 34 38 43 48 49 56 58 63 64 70 80 84 87 90 96
239 13 14 20 23 27 30 31 34 36 37 44 54 61 71 73 79 88 95 97
240 0 1 9 10 13 24 30 35 41 42 49 52 60 65 75 84 85 86 88 92 97
241 6 21 23 25 26 27 28 33 37 40 45 54 56 64 68 74 76 86 94 95
242 2 4 18 26 32 35 39 43 53 60 65 71 76 86 90 92 96 97
243 2 10 16 19 20 21 28 38 47 49 56 57 63 71 72 73 77 79 80 88 90 91 98
244 4 23 24 31 50 61 64 71 72 76 77 84 88 99
245 2 10 23 27 31 35 36 38 40 46 51 58 65 69 79 83 85 87 90 92 96 98
246 2 5 15 18 31 36 39 43 48 55 58 59 60 73 90 91 95 96 98
247 9 21 34 44 58 61 70 72 84 85 89 90
248 1 3 4 26 27 37 45 50 51 54 63 71 72 75 85 87 88 89 91 93 95 97 99
249 1 4 8 9 21 38 41 49 50 52 63 64 65 67 68 77 81 82 94 96
250 5 8 25 32 41 45 46 47 49 50 54 56 65 70 72 76 81 88 89
251 5 9 21 28 36 42 45 47 50 79 85 95 99
252 9 10 14 21 22 31 32 41 43 44 47 48 58 63 65 68 71 81 82 86 91
253 0 3 6 33 41 44 45 52 59 69 86 87 92 96 97 98
254 2 5 19 21 22 26 29 30 37 39 40 44 45 46 47 49 51 53 55 62 67 69 70 77 79 93 96 99
255 0 8 17 19 21 24 26 27 29 34 38 40 44 49 51 58 74 82 85 86 88 90
256 0 10 21 33 48 49 50 52 61 64 69 70 73 75 78 87 93 95 97 98
257 1 10 15 21 23 24 31 34 35 36 39 41 42 50 63 65 69 70 75 78 79 81 87 88 90 91 92 93 95
258 0 6 10 14 17 19 32 35 43 45 58 66 70 71 73 83 95
259 0 6 16 17 19 20 31 34 36 46 47 57 67 70 80 84 89 93 98 99
260 10 11 12 16 17 28 29 32 34 35 41 43 54 68 77 86 87 91 96
261 9 14 40 59 62 66 69 70 82 84 89 95
262 0 2 5 9 11 14 18 33 37 39 41 45 48 51 52 63 87 89
263 1 2 4 5 8 9 11 24 25 33 38 39 40 41 43 44 45 48 50 51 57 58 63 69 83 84 87 99
264 0 7 8 14 19 24 27 31 38 42 44 48 60 61 68 78
265 7 15 26 34 35 39 41 42 43 52 55 62 64 66 71 80 87 88 91
266 0 5 17 18 26 27 33 40 44 46 59 66 75 77 79 91 94
267 3 14 17 24 37 39 43 45 47 49 53 57 62 66 67 70 72 80 99
268 8 9 16 18 20 31 35 38 40 47 59 70 72 80 82 85 87 88
269 1 2 10 16 17 20 28 30 32 33 38 39 40 46 48 49 54 72 84 89
270 4 5 7 8 11 13 17 19 32 33 34 43 45 55 58 62 76 80 86 87 88 92 93 97
271 1 3 17 20 27 32 39 49 50 70 74 76 81 86 91 98
272 0 2 4 8 22 23 26 30 31 32 39 46 49 51 56 63 68 70 74 76 77 96 98 99
273 4 5 7 9 12 25 26 34 36 39 49 50 52 53 60 62 67 68 69 76 77 78 83 99
274 0 11 12 19 20 28 33 55 79 84 87 93
275 6 8 15 33 41 49 56 78 82 86
276 21 26 35 36 37 41 42 49 54 58 63 70 75 76 77 79 87 91 98
277 0 9 12 13 15 18 22 30 34 62 65 71 88 95 96
278 6 9 12 13 14 15 20 34 44 49 50 58 59 64 71 72 78 95
279 3 5 12 33 34 38 41 45 46 47 49 52 53 57 72 78 85 89 91 96
280 7 13 16 20 23 31 32 34 45 49 53 55 59 60 61 62 70 73 91 94 99
281 1 3 6 8 15 21 22 28 29 34 35 36 41 48 60 63 69 73 81 85 93 99
282 1 2 14 19 27 28 38 46 50 55 63 74 78 79 81 82 83 96
283 3 14 18 23 28 29 34 37 41 48 50 55 56 60 63 67 71 83 89 93 95 98
284 2 6 7 15 21 25 33 44 46 47 73 78 83 86 88 90 94 95 96 97
285 4 5 8 10 21 22 27 32 33 37 44 58 62 65 79 87
286 1 9 17 19 26 27 36 40 45 58 59 73 79 88 97
287 0 3 6 12 19 20 21 28 29 36 44 46 53 56 66 67 83 84 86 88 90 93
288 6 7 18 22 24 25 27 35 39 42 44 46 48 57 59 60 63 67 68 72 77 88 93
289 2 9 16 22 25 28 29 32 38 40 52 55 56 65 70 78 83 84 85 90 93 95 97
290 6 15 26 28 30 42 46 48 51 57 63 64 68 70 77 85 99
291 3 8 12 14 17 20 26 27 30 47 53 57 63 76 78 92 96
292 7 12 15 19 32 33 40 41 42 52 54 57 62 67 76 89 97
293 0 5 11 13 15 18 24 35 41 48 55 59 62 72 77 83 91 96 98 99
294 4 7 11 13 14 18 31 35 41 50 56 61 62 75 81 91
295 9 11 12 16 17 18 29 34 40 42 50 63 71 72 75 76 79 81 82 88
296 5 13 14 19 29 31 35 36 54 58 60 61 64 65 68 69 73 84 91 94 97
297 1 4 15 23 24 25 31 39 41 44 46 49 51 55 56 60 63 71 72 74 77 81 87 93 97
298 12 13 17 18 19 30 34 43 48 53 64 66 68 69 78 83 84 85 86 90 92 96 97
299 0 4 21 24 37 58 62 64 68 75 81 85 89 93 99
300 1 7 8 13 26 28 33 35 38 40 58 68 74 78 83 91 99
301 2 6 10 13 19 38 41 55 57 59 62 65 66 70 72 80 83 84 86
302 0 3 11 12 19 21 23 36 60 76 82 83 84 85 87 89 92 94
303 7 17 18 19 23 29 30 45 48 51 58 60 65 70 71 72 75 85 87 89 91 94 96 97
304 3 10 19 20 23 24 25 26 40 43 49 55 58 63 65 72 76 81 87 88 91 94 95 96 98 99
305 2 3 14 19 23 44 47 54 57 63 65 74 76 80 88 93 96
306 0 1 5 7 17 31 33 41 52 63 66 80 90 91 94 95
307 3 5 12 25 26 35 41 42 48 52 55 64 69 79 81 92 97 98
308 7 14 18 24 32 33 35 38 39 44 48 51 54 55 56 64 70 79 83 88 94 95 97 99
309 0 2 3 4 6 8 10 16 24 26 27 29 34 37 39 45 59 67 80 85
310 7 9 16 18 19 22 24 29 37 41 67 69 73 75 81 93 95 99
311 0 9 11 13 33 38 39 40 43 45 46 65 70 71 72 78 89 93
312 1 6 10 12 16 22 33 50 51 52 53 54 55 56 58 59 62 66 68 70 73 77 81 82 92 94
313 26 32 39 44 45 50 56 63 66 87 88 93
314 4 5 6 7 10 15 25 26 28 36 38 42 46 52 54 69 78 80 93
315 1 8 14 21 37 45 46 54 60 71 75 78 80 81 85 86 91
316 9 12 19 20 21 29 40 42 49 52 53 56 63 64 65 71 73 84 90 93 97
317 2 6 17 30 33 37 38 41 42 45 60 67 71 73 75 80 84 88 95
318 4 18 23 24 29 32 35 41 51 65 68 71 72 74 78 82 85 89 98 99
319 5 10 11 17 21 32 39 46 48 59 60 67 73 77 82 89 90 92 97
320 5 21 26 29 31 34 43 46 50 52 81 92 97
321 3 4 20 27 32 37 38 40 42 44 53 57 59 64 67 68 71 75 78 80 88 89 91 99
322 2 10 14 15 16 17 18 20 24 31 35 40 43 55 64 73 84 89 90 95 97
323 0 1 4 8 9 13 32 54 57 59 63 65 66 70 73 89 96
324 1 4 6 8 13 19 30 36 50 52 57 66 78 88 89 90 91 96
325 8 12 15 16 18 19 27 35 36 37 43 61 70 72 73 78 80 85 93 96
326 0 6 12 16 20 22 23 24 38 39 40 44 48 53 64 67 71 72 77 84 87 88 89 96 97
327 3 8 9 10 19 28 29 34 37 47 48 50 53 58 59 61 62 66 68 92
328 2 3 5 14 15 20 22 26 32 37 40 42 45 49 53 63 69 76 78 82 83 84 86 90
329 4 8 16 26 31 32 38 43 44 47 53 56 57 64 70 79 83 87 89 91
330 0 10 24 45 56 64 68 70 91 92 99
331 3 7 12 13 18 19 21 23 26 28 30 34 35 42 51 60 67 75 76 79 83 93 94
332 15 19 22 34 36 41 49 58 72 74 77 78 89
333 3 6 7 8 9 12 18 20 21 33 34 38 46 54 55 57 68 71 87 95
334 4 5 11 16 20 21 27 29 42 46 51 52 56 58 62 65 80 93 95 97
335 6 16 21 22 23 29 37 41 56 57 58 63 64 66 69 72 78 80 87 88 91 92 97
336 1 2 16 21 30 33 37 39 47 53 59 60 65 70 71 76 99
337 5 6 7 8 12 29 38 39 50 53 72 75 77 82 87 91 96 99
338 0 2 13 17 19 21 26 46 61 76 81 87 88 89 96
339 0 1 7 10 13 22 43 45 50 52 53 54 68 71 80 84 85 96 99
340 8 10 11 15 21 27 30 31 45 51 54 61 66 70 71 72 76 91 92 97 99
341 0 2 4 7 9 19 24 35 51 52 67 69 74 76 88 89 92 95
342 2 8 15 16 30 32 40 55 58 60 71 73 91 94 96 98
343 0 1 10 12 15 20 21 31 42 49 50 51 63 67 68 71 82 88 96
344 0 8 27 40 42 46 51 53 74 75 77 83 90 91 97
345 0 5 8 11 13 14 19 28 32 35 40 42 44 56 61 65 69 71 74 78 79 81
346 0 8 26 36 48 52 53 60 61 62 63 70 76 78 85 86 97
347 0 7 17 18 24 27 40 43 46 57 62 64 66 67 68 70 75 76 80 83 86 92 97
348 18 29 37 41 47 51 53 55 59 62 66 67 68 78 79 84 86 88 91 97 98 99
349 1 2 4 5 14 17 20 22 26 27 29 31 37 46 50 59 79 85 86 99
350 8 18 28 30 34 37 65 66 79 87 92 95
351 4 5 6 8 9 11 24 27 31 62 64 66 67 69 75 76 78 83 90 95 98
352 1 3 6 8 9 13 14 15 30 31 48 52 53 55 70 72 88 90 95
353 3 6 7 8 11 21 28 40 43 44 50 52 67 77 88 96 99
354 5 6 10 13 23 26 38 39 46 56 58 64 66 70 75 79 80 81 92 98
355 0 5 6 8 18 20 24 25 27 28 33 38 48 54 78 81 84 88 96
356 2 4 10 20 22 24 27 32 39 45 48 52 58 73 76 82 94
357 0 9 10 26 34 40 44 50 52 59 60 61 64 69 70 72 74 79 80 99
358 2 4 17 25 33 34 39 47 49 51 62 85 87 91 92 96
359 1 4 11 12 22 24 25 28 30 33 35 36 37 40 43 48 49 50 51 57 67 71 73 75 80 83 89 93 99
360 5 17 18 20 23 28 33 58 68 77 85 96 97
361 8 16 21 22 25 38 39 43 46 71 73 75 83 84 87 88 89 95 99
362 1 14 15 17 18 19 26 30 35 36 38 40 45 46 52 53 60 64 66 71 72 81 82 86 89 93 95 98 99
363 2 3 6 7 8 11 12 13 14 18 19 24 30 48 49 67 71 74 82 85
364 2 7 9 11 27 31 33 37 39 46 51 52 53 55 65 73 77 79 82 87 89 90 91 94
365 3 4 9 14 20 28 43 44 53 57 59 64 67 71 72 80 83 86 89 91 96
366 0 8 18 19 21 28 30 35 41 50 52 59 62 71 84 91 93 95 96 97 99
367 1 4 16 26 28 30 40 42 48 50 55 56 59 60 62 70 71 72 74 98 99
368 4 15 16 24 26 27 30 34 39 40 47 50 59 62 70 81 82 89 93 96
369 25 32 48 51 63 70 71 77 81 84 90 93 94 97 99
370 2 18 19 23 28 30 35 36 39 42 44 47 51 56 57 65 68 75 83 84 88 97 98
371 1 9 11 13 15 16 17 20 29 38 46 55 58 64 67 79 90 94 96
372 12 30 40 43 50 53 58 59 62 67 72 74 90 98
373 4 11 19 26 32 36 44 46 47 51 59 60 70 86 94 97
374 0 7 27 41 42 53 55 56 59 70 73 74 80 85 90 93 94
375 9 12 17 19 26 29 32 35 37 41 47 52 53 59 69 71 78 82 90
376 1 7 13 14 18 21 22 29 38 55 56 57 59 60 68 79 80 81 88 91 92 93 95 99
377 0 2 3 4 5 12 16 18 30 32 35 38 40 42 43 49 52 53 55 57 68 74 76 79 82 87 93 96 98
378 7 12 14 15 20 28 38 39 42 45 48 50 52 53 55 58 64 65 67 72 78 82 83 86 94
379 6 8 11 14 17 19 21 26 29 35 41 42 45 48 59 68 78 84 90 92 96
380 3 12 14 30 32 34 35 40 42 53 54 58 62 71 73 74 79 92 94 99
381 8 12 13 19 27 28 33 38 39 46 48 50 51 53 58 65 70 82 83 85 87 92 98 99
382 7 16 18 19 21 22 24 25 29 32 34 36 43 65 68 70 79 85 99
383 5 7 12 14 17 21 25 30 33 34 42 46 49 50 57 64 68 73 75 76 86 95 97 98
384 1 4 9 14 38 43 50 57 65 77 79 88 93 94
385 6 7 9 21 26 31 32 34 36 37 39 45 49 52 67 76 77 78 81 82 85 86 94 97
386 3 27 35 38 41 42 48 49 59 62 64 66 68 71 75 76 78 85 87 98
387 7 11 12 23 31 39 51 57 58 64 65 71 77 84 97 99
388 6 9 12 16 19 26 33 43 48 56 61 81 85 98
389 1 5 7 14 22 23 30 37 39 40 59 62 70 79 80 83 89
390 1 3 10 11 15 17 23 24 27 29 34 49 50 51 58 62 66 67 71 73 76 78 79 86 87 88 94 99
391 3 14 15 20 25 28 29 32 36 43 45 47 53 59 64 65 73 78 81 94
392 6 21 22 28 29 33 37 39 43 45 47 60 67 72 74 85 89 96
393 1 2 5 6 9 12 16 17 22 24 26 27 33 37 44 46 49 53 55 64 65 69 78 79 85 94 98
394 3 9 11 14 20 22 32 41 43 46 51 58 63 64 76 79 88 89
395 7 12 20 25 31 35 38 44 46 53 54 60 63 68 69 70 71 73 74 80 85 86 88 89 90 94 98
396 14 17 31 33 51 53 60 63 76 85 89 92 97 99
397 8 10 23 28 36 37 46 54 57 59 76 78 88 94 95 98
398 1 7 17 25 26 35 42 47 55 57 59 60 63 64 67 70 73 74 75 89 90 98
399 0 1 5 15 18 24 45 48 49 52 56 61 65 69 70 72 74 79 87 94
400 1 4 10 21 29 31 34 40 43 48 49 50 52 53 61 67 71 79 80 83 85 86
401 3 11 29 40 45 47 48 52 58 64 66 67 69 71 74 78 79 82 86 87 88 90 94
402 8 12 15 16 18 31 33 66 72 79 87 96 97
403 5 8 14 18 22 26 37 41 44 64 65 67 73 75 83 94 98
404 1 2 10 13 31 34 42 44 52 56 57 58 60 62 73 80 83 84 92 96
405 18 23 24 31 37 43 52 55 56 62 65 67 70 80 83 92 93
406 5 16 19 24 27 43 48 49 61 65 73 79 84 86 87
407 2 11 12 18 22 23 28 40 48 51 52 55 59 62 66 67 73 79 82 83 84
408 15 17 20 27 41 51 54 56 58 60 67 68 73 76 80 82 84 86 95 96
409 0 1 8 14 15 36 42 54 59 62 63 78 85 87 89 91 97
410 20 35 41 45 48 53 56 59 65 67 70 71 75 76 77 84 91 96
411 11 12 14 21 22 24 25 26 28 30 50 54 59 65 67 72 74 76 78 80 81 84 87 91 94
412 2 3 5 6 13 28 35 37 40 47 51 59 60 68 73 76 82 83 84 85 90 92
413 0 1 9 16 26 29 30 31 36 37 47 49 51 54 66 67 68 77 78 80
414 10 14 21 22 26 33 37 56 63 68 70 71 87 94
415 1 2 3 4 12 17 25 26 29 33 38 40 43 45 47 53 54 72 73 79 92
416 19 24 28 32 37 47 51 57 63 65 74 76 77 78 81 83 84 93
417 5 9 19 23 26 32 48 50 65 66 68 72 77 86 89 91 92 95 96
418 8 13 17 20 21 24 25 35 40 41 42 43 49 54 57 74 81 83 87 91
419 6 9 13 15 16 19 21 26 31 33 36 39 40 45 47 52 57 60 63 64 72 80 88 92 94 95 96 98
420 2 7 25 28 31 34 37 40 41 44 48 50 52 55 69 81 83 95 99
421 4 13 26 28 32 33 35 36 39 41 43 44 53 56 58 71 75 76 84 86 87
422 1 14 16 17 18 19 31 52 53 73 74 81 82 88 99
423 9 20 22 24 26 30 31 34 35 40 41 45 46 50 58 64 67 73 74 97
424 3 5 6 10 15 17 23 27 31 33 37 43 53 71 73 93
425 0 10 16 21 26 32 43 54 55 78 83 89 92 94 99
426 2 16 25 34 36 40 42 47 48 57 60 67 69 74 75 76 77 83 84 88 91 93 96 99
427 12 15 16 18 20 29 33 38 41 42 46 56 62 69 70 72 77 81 99
428 3 10 13 15 30 34 42 54 55 61 62 65 67 74 78 79 82 84 86 99
429 0 2 5 7 17 26 30 32 37 39 40 52 53 57 72 73 74 87 91 99
430 7 10 11 20 23 25 40 65 66 76 83 86 90 92
431 15 22 24 26 36 41 51 58 59 61 68 71 76 82 84 85 97
432 1 4 7 8 11 15 17 18 21 28 33 34 37 38 54 57 58 83 90 98
433 6 13 14 15 17 18 22 23 31 41 44 46 47 48 49 50 54 61 64 66 67 71 72 80 89 97
434 0 7 8 15 21 23 31 38 42 45 49 52 56 63 66 67 75 77 81 84 87 96
435 4 6 7 8 9 12 17 22 25 32 55 58 69 70 75 78 80 82 88 92
436 1 8 11 14 17 18 20 23 28 38 45 53 55 58 65 66 71 72 73 74 80 81 82 85 95
437 2 5 6 7 15 21 27 29 37 38 51 57 58 59 61 63 64 65 85 96 97 98
438 0 4 13 16 23 24 29 32 36 38 39 48 55 56 59 60 70 76 92 94 95
439 15 16 25 26 31 34 35 40 41 50 54 61 67 72 81 83 85 87 93 94 95 97 99
440 14 15 20 26 35 40 47 51 59 69 71 74 75 83 91 95 96 97
441 10 17 19 25 26 33 35 39 46 49 51 67 71 72 77 81 82 83 86
442 2 11 16 23 26 28 41 45 53 54 61 63 87 92 97
443 7 12 20 41 42 45 51 60 63 73 74 76 77 80 85 93 98
444 0 1 6 8 10 11 19 26 31 41 46 48 63 73 78 81 83 97
445 3 4 8 12 14 19 31 32 37 50 59 71 75 78 79
446 1 6 7 8 9 19 26 27 29 37 41 51 64 65 70 75 76 82 84 94 97
447 15 20 27 28 32 33 35 36 46 62 65 66 67 71 76 98 99
448 4 12 20 23 26 27 28 31 32 37 39 41 42 43 44 50 51 58 61 63 71 75 77 81 83 87 92
449 2 3 5 17 19 20 32 38 39 44 55 59 64 67 68 69 71 72 73 74 76 90 91 93
450 8 16 17 20 25 29 35 37 39 40 41 50 64 66 75 77 85 95
451 4 7 10 26 30 41 45 48 55 57 58 60 67 79 82 86 88 92 93
452 19 20 21 25 27 28 31 34 42 44 55 56 63 64 79 81 83 92 96 99
453 6 8 14 19 23 25 29 41 43 52 57 61 64 65 67 75 81 89 92
454 8 12 16 21 25 26 30 33 35 36 39 41 42 51 56 58 59 64 65 80 84
455 0 9 11 13 15 16 23 24 26 33 39 53 55 56 68 81 82 85 97
456 3 4 9 10 15 16 18 20 25 36 37 39 45 46 47 57 60 61 70 74 75 78 94
457 4 16 25 36 39 46 50 52 69 83 84 90 91 93 98
458 3 6 7 9 11 12 15 21 26 28 34 40 42 45 46 51 56 61 64 67 71 78 87 92
459 10 17 23 24 31 33 36 53 62 64 66 76 87 88
460 6 8 12 19 24 25 26 28 30 35 48 50 56 59 60 63 71 75 78 81 82 91
461 3 5 7 8 12 14 19 28 29 32 37 41 44 49 55 57 58 59 62 64 65 95
462 2 20 28 34 39 44 50 53 57 60 64 75 76 78 84 85
463 4 8 12 24 26 28 30 32 34 37 42 46 48 49 54 55 57 61 68 75 85 87 92 93 98
464 0 2 3 12 26 28 29 50 57 62 65 72 76 80 83 88 90
465 0 5 11 13 20 21 23 26 47 50 52 55 58 59 74 78 86 95 97
466 7 16 35 43 47 60 62 71 72 74 79 82 92 95 98
467 1 4 27 31 34 35 40 52 56 57 66 73 76 78 89 94 98
468 0 7 8 15 21 29 33 34 44 48 49 51 55 57 60 62 66 89 92 97
469 6 18 27 32 48 55 57 58 67 72 73 77 85 89 90 92 93 96
470 5 21 28 35 37 40 41 52 56 59 63 70 77 80 81 86 94 97
471 6 8 11 26 31 37 41 49 56 62 63 67 68 69 86 90 96 97
472 3 4 5 7 10 21 22 26 32 36 43 46 47 49 50 57 61 68 69 73 74 90 96 98
473 0 1 2 5 7 22 24 32 36 39 47 48 51 60 70 72 85 86 88 95
474 1 7 9 13 17 20 21 22 25 29 34 35 36 52 64 68 93 99
475 11 16 22 23 31 46 51 57 59 60 61 62 63 74 81 83 84 85 87 99
476 1 7 8 11 15 35 36 45 49 52 55 57 58 59 70 76 78 80 86 91 92 95
477 17 20 21 25 31 32 33 34 43 44 48 56 58 64 68 76 77 79 84 96 98
478 0 3 9 13 14 15 25 33 35 40 47 50 56 57 61 68 69 82 83 86 87 90
479 5 9 10 13 16 17 18 23 25 26 47 49 58 60 64 67 69 72 77 79 83 87 96
480 0 3 6 7 15 22 25 26 32 42 59 60 61 65 69 71 76 77 81 82 84 85 92
481 0 8 20 26 28 30 31 38 46 47 49 50 55 58 66 71 74 76 77 81 85 88 91 92 93 98
482 6 17 23 24 25 27 36 41 42 45 51 52 55 56 68 69 72 78 83 86 90 93 98 99
483 1 4 6 16 17 18 26 33 35 44 51 57 59 68 71 72 74 76 81 82 94 97
484 1 2 6 14 21 22 26 28 30 36 39 41 42 51 56 57 58 59 67 69 70 72 75 76 83 92 98
485 6 14 18 23 24 27 38 56 65 69 73 79 83 85 89 95 97
486 0 12 14 21 32 34 36 53 55 58 61 65 68 72 74 75 78 84 96
487 10 11 12 18 21 22 28 33 35 53 57 58 60 66 69 77 78 81 83
488 0 2 11 20 25 33 34 42 46 53 55 59 62 65 67 82 85 86
489 8 13 23 32 35 36 37 38 39 45 56 57 72 83 84 88 92
490 0 13 21 25 37 44 45 46 52 64 67 83 92 93 95
491 5 17 22 23 29 34 35 41 59 60 71 77 78 83 88 93 94 97
492 2 3 6 10 15 18 21 25 28 36 42 44 46 47 49 53 56 64 67 72 76 83 85 87 89 92 95
493 0 3 17 20 24 28 31 33 34 51 54 55 60 62 65 70 74 75 79 97 98
494 3 8 32 35 39 40 48 50 51 56 90 92 93
495 2 5 13 16 17 19 22 25 26 27 31 34 57 61 69 71 99
496 4 16 29 33 39 44 45 53 62 63 64 66 75 81 86 89
497 0 1 7 9 13 21 22 23 26 27 30 35 37 40 42 50 67 70 75 76 83 85 91
498 5 16 19 21 23 29 33 36 42 43 46 53 71 95 96
499 1 4 15 17 18 20 32 44 46 54 65 74 75 78 82 87 92 97 98 99
500 7 15 16 19 24 31 35 39 42 44 48 58 64 65 78 80 83 90
501 7 9 13 16 20 26 27 28 33 39 44 47 49 51 62 69 70 75 77 83 87 89 90 97
502 2 4 5 10 11 12 14 15 20 21 26 30 39 44 46 49 50 55 59 66 73 80 86 87 90 93
503 14 18 19 24 30 31 33 34 35 43 45 49 50 52 53 58 61 83 92 95
504 7 13 33 60 62 71 74 75 81 84 87 89 93 98 99
505 0 9 11 13 16 25 27 31 36 44 65 72 79 80 85 87 89 98 99
506 2 3 14 18 20 23 25 29 33 37 47 55 62 64 76 82 92 97
507 3 13 17 34 41 42 43 54 58 64 76 80 86 92 94 96
508 1 3 11 16 21 24 25 29 30 44 51 57 58 63 67 68 72 80 82 83 84 90 91 93 96
509 0 16 18 24 25 28 59 68 70 74 76 82 87 88 93 98 99
510 9 13 24 26 28 31 32 43 44 72 76 90 94 95 98
511 4 6 11 13 14 18 32 33 34 40 54 62 64 76 81 86 88 89 90 92 93 96
512 26 31 33 45 48 50 59 60 61 63 65 66 70 71 72 75 81 88 89 92 94 98
513 5 14 17 41 43 51 54 59 62 63 64 65 72 75 82 88 90 91 92
514 6 11 15 16 24 25 26 28 29 31 33 41 47 48 54 59 60 67 68 73 76 79 92 98
515 2 4 20 27 28 29 33 35 40 43 52 62 65 66 71 77 81 90 96 97 99
516 1 8 19 23 26 29 30 33 40 43 48 49 53 55 62 63 64 65 69 70 73 75 80 82 83 85 91
517 3 9 10 11 15 16 22 24 33 34 35 46 48 50 61 62 66 69 72 74 79 85
518 0 3 8 13 15 26 28 30 36 37 39 44 46 47 49 51 58 66 77 79 88 95 98
519 3 8 10 11 13 16 17 23 35 37 41 46 50 52 55 64 74 80 83 84 87 95 98
520 1 3 5 9 15 19 22 23 27 39 46 52 53 55 57 58 59 64 68 83 87 90 92 98 99
521 0 3 8 12 16 21 29 30 32 35 50 56 58 68 72 75 76 78 84 92 95 97 98
522 3 7 8 18 19 20 22 24 26 31 34 37 39 43 45 58 62 67 68 72 79 81 86 87
523 1 2 4 9 12 40 43 59 63 64 67 75 91 92 93 94 98
524 6 7 8 10 11 14 15 23 26 39 40 43 50 56 57 58 62 64 74 75 85 89 91 97 99
525 4 6 18 21 23 24 27 33 40 42 51 57 61 66 71 74 81 84 85 87 92
526 4 5 6 13 16 17 26 27 28 36 51 55 59 66 74 79 82 86 87 91 98 99
527 2 8 9 14 18 22 29 36 38 44 58 62 67 69 71 81 83 91 95
528 0 4 5 13 17 20 29 39 40 41 42 48 53 58 62 76 78 82 84 89 90 91 92 94
529 7 12 17 19 23 24 29 30 32 35 41 47 55 57 64 67 74 79 88 90 92
530 0 5 12 15 21 38 39 46 50 57 58 61 64 67 73 77 79 88 90 93 94
531 12 13 14 17 29 30 33 46 52 58 61 68 82 94 99
532 2 4 8 14 17 23 26 29 31 50 54 57 60 63 75 77 86 96
533 0 3 6 7 11 13 15 22 28 32 34 41 60 66 72 73 74 75 77 87 91 92 97
534 6 12 14 16 37 39 42 43 48 49 58 73 75 84 91 92 97 98 99
535 4 7 11 14 29 30 33 36 49 52 54 61 67 68 84
536 2 6 8 12 17 29 32 34 37 40 42 50 64 68 70 71 77 78 79 82 86 89 93 96 97
537 7 9 15 25 28 50 52 59 72 74 82 92 94
538 10 16 17 20 32 38 41 45 47 57 65 69 70 71 75 78 79 80 82 83
539 3 4 5 7 9 17 23 28 32 37 38 40 47 50 51 57 59 74 79 80 85 86 94 98
540 8 11 15 26 27 35 42 44 49 54 66 90 98
541 4 7 11 20 22 24 26 27 32 36 41 43 47 48 51 56 59 63 70 71 72 78 99
542 1 2 9 14 16 17 21 25 39 43 53 58 59 61 65 73 75 76 77 94 98
543 3 4 6 8 11 13 15 18 19 21 22 31 32 35 36 44 58 59 69 75 84 90 92
544 10 24 25 26 27 28 39 45 48 50 56 57 58 59 62 70 71 72 75 88
545 3 12 23 30 43 44 46 50 55 56 57 63 65 71 76 84 97
546 0 1 15 19 23 27 29 37 38 60 72 73 77 83 86 90 93 94 95 97 99
547 18 21 32 42 50 53 58 66 68 71 79 80 90 97
548 24 27 31 32 36 40 51 57 63 72 75 77 85 90 95 97
549 1 31 32 33 40 49 52 56 59 65 75 77 79 86 94 95
550 0 2 13 15 18 21 23 26 30 36 53 63 71 74 75 88 94
551 2 8 9 24 25 27 28 29 32 36 40 43 48 57 62 65 66 72 92
552 5 8 10 12 22 24 26 29 31 34 35 40 47 53 56 65 69 75 78 86 90 91 94 98
553 0 2 10 16 25 30 31 33 37 39 42 44 49 54 58 59 63 68 78 86 90 96
554 14 19 36 37 43 47 52 53 54 55 57 59 65 66 70 74 81 82 83 86 88 91 94 97
555 0 12 13 15 27 31 32 34 35 50 63 65 67 78 80 83 87
556 2 5 6 12 19 20 21 28 34 38 49 53 62 67 83 84 90 91 98
557 9 10 15 27 29 32 35 37 39 40 41 43 48 54 59 61 62 66 68 78 84 87
558 1 3 8 12 22 27 47 50 54 59 60 64 76 80 90 92 93
559 1 5 8 9 13 15 19 20 25 27 34 36 38 39 52 53 56 63 66 71 74 77 90 91 96
560 2 3 4 15 18 19 24 26 31 35 40 41 43 44 48 60 64 68 78 83 86 87 93 95 96 97
561 0 6 8 18 21 25 40 41 44 58 60 73 75 79 83 89 93 97 98
562 4 5 8 11 12 14 15 18 23 28 31 32 34 36 37 39 51 64 73 76 78 81 88 90
563 0 5 19 27 28 31 39 42 43 45 57 58 63 72 73 81 84 87 95 97
564 16 38 42 46 49 52 54 55 68 76 77 79 80 88 89 92 93
565 0 11 14 20 21 29 32 33 34 37 59 61 62 63 64 68 70 73 75 92 99
566 2 19 20 36 37 38 39 50 58 61 65 68 69 76 81 88 92 95 99
567 9 10 12 13 26 27 28 29 32 36 37 38 43 48 53 55 58 62 66 70 85 90 98
568 3 5 6 19 23 27 29 32 33 39 42 48 49 51 58 63 71 74 77 80 82 85 99
569 4 9 21 29 32 35 39 40 46 65 67 74 79 83 88 89 90 92 98 99
570 16 17 20 30 31 40 48 51 58 68 92 93
571 2 10 11 20 22 23 25 32 36 38 45 50 56 62 69 72 74 80 84 87 91
572 2 15 24 34 36 38 39 41 45 50 64 71 73 75 79 84 97
573 0 4 5 11 16 21 30 32 44 47 50 56 57 60 65 73 75 77 81 82 95
574 10 14 31 37 51 59 68 81 88 91
575 15 22 27 28 30 37 42 46 49 59 66 69 71 72 76 77 87 95 97
576 2 29 36 42 43 45 51 53 56 68 69 76 82 85 96 97 98
577 8 9 15 17 19 22 24 28 31 33 38 49 65 78 88 90 99
578 1 11 15 16 27 28 29 34 35 36 43 49 50 53 63 68 76 86 91 95 98
579 2 7 14 22 24 34 47 54 55 60 79 80 94
580 2 3 4 5 11 16 20 21 30 40 41 43 44 56 57 60 68 77 78 79 80 81 90 91 95 96
581 0 2 3 4 8 9 10 19 24 30 36 44 45 57 58 64 78 80 89 94 98
582 0 3 6 8 9 13 14 16 18 27 36 37 40 46 52 54 59 62 63 69 72 80 90
583 9 11 12 14 22 24 25 27 28 29 38 42 45 46 61 62 70 71 72 79 86 90 94
584 2 3 10 12 17 19 23 30 33 36 38 42 55 59 61 62 63 64 67 79 81 84 85 87 88 90 95 98 99
585 2 6 9 11 13 14 19 23 26 31 48 52 56 62 64 67 71 72 78 81 83 84 85 90 95
586 7 9 18 21 22 28 31 32 42 45 49 63 64 68 80 81 89 98 99
587 1 8 10 17 24 28 29 35 38 39 49 57 59 67 71 80 92 98
588 0 7 9 16 24 34 50 54 55 56 61 66 68 70 77 78 80 85 86 91 92 99
589 0 9 14 16 18 29 34 36 43 46 51 54 61 67 76 91 97 99
590 4 9 17 18 20 21 24 27 28 32 39 40 41 42 50 73 76 77 79 94 97
591 1 3 5 6 8 19 29 41 42 45 46 48 53 67 70 75 76 77 80 88 91 93 98
592 9 10 15 29 34 36 37 39 42 46 52 54 57 62 65 67 71 72 75 81 93 94 95
593 0 1 10 14 17 26 27 29 30 35 44 57 60 63 64 69 73 74 83 93 97 99
594 1 6 8 10 30 35 39 47 48 54 59 83 99
595 1 2 6 13 15 20 21 24 41 45 50 52 54 62 63 72 83 85 86 92 96 97
596 1 2 23 26 30 37 40 42 46 49 53 56 64 66 76 82 86 88 95
597 2 6 10 12 29 33 46 63 88 90 93 98
598 21 26 29 36 42 43 52 54 55 75 76 78 79 86 91
599 0 2 5 10 12 13 17 22 23 29 50 52 56 62 68 77 85 88
600 2 13 21 25 27 29 37 38 40 43 44 47 50 55 57 64 68 86 87 88 98
601 5 11 15 16 29 34 36 40 44 45 48 49 54 58 60 62 64 77 83 94
602 0 7 21 22 27 31 34 41 43 44 49 57 60 66 71 72 77 80 92
603 3 10 11 20 28 41 42 57 61 62 79 80 84 85 88 89 92 98 99
604 1 24 26 32 41 50 51 61 63 66 70 72 74 75 81 88 95
605 0 2 5 19 22 23 24 60 62 71 72 81 82 92 97 98
606 3 10 17 19 20 22 23 27 31 40 44 57 58 59 64 69 72 73 79 89
607 3 12 14 17 18 21 27 28 32 48 58 60 62 63 68 77 81 99
608 11 15 17 24 25 26 28 38 42 51 57 68 73 75 81 86 92 93 96 98
609 13 17 23 28 31 32 38 53 61 65 70 74 82 89 97
610 2 4 6 11 13 16 20 42 51 52 53 55 56 60 61 73 77 78 87 90 91 94 95
611 1 3 10 13 24 30 31 33 36 37 43 51 53 56 63 66 70 84 87
612 3 15 17 22 30 40 45 48 51 53 65 66 67 70 74 75 76 82 83 84 89 96 97 98
613 2 13 18 19 24 31 39 41 43 44 45 50 53 57 59 61 71 74 78 81 86 87 89 92
614 1 17 24 27 42 49 58 72 75 78 81 84 91 97 99
615 4 6 14 21 25 26 33 42 46 64 66 67 75 85 87
616 9 15 17 29 34 36 41 48 49 50 57 59 61 80 86 88
617 1 10 11 25 26 32 35 42 56 57 60 67 69 71 74 78 83
618 9 11 21 24 26 28 30 36 40 46 51 55 56 60 64 65 68 70 77 81 84 89 90
619 0 4 5 10 11 13 15 20 25 29 31 34 37 42 43 47 57 59 72 74 75 78 80 83 84 94 96
620 2 4 6 9 18 20 27 32 34 40 58 60 65 66 74 88 90 94 98
621 2 6 23 25 31 34 36 43 49 77 85 90 92
622 4 11 27 28 30 34 53 56 60 65 79 89 90 96 99
623 3 7 10 12 14 28 31 33 34 35 37 39 41 43 44 47 49 54 57 59 63 71 76 77 80 82 83 86 94
624 6 8 9 11 14 15 22 27 28 38 44 49 53 54 59 73 76 85 86 88 93 99
625 14 22 28 31 38 42 50 56 64 71 73
626 7 10 15 19 21 25 41 43 47 52 54 57 60 65 70 71 74 79 80 92 93 97
627 3 4 8 18 21 33 42 47 54 59 80 81 89 93 96
628 3 15 17 36 38 42 48 51 53 57 74 76 89 94
629 0 3 7 8 10 11 12 16 18 22 26 30 35 41 57 59 62 64 72 80 81 92 97
630 3 9 10 11 15 16 22 30 33 36 39 46 53 54 58 61 65 66 73 76 77 87 96 99
631 4 7 10 19 25 28 30 32 37 38 47 50 63 69 75 77 91 99
632 7 10 11 16 19 21 26 27 29 30 32 34 37 43 46 51 65 68 69 71 73 74 75 84
633 1 2 5 6 17 23 35 36 45 47 48 49 50 52 53 57 64 73 82
634 1 2 4 8 16 17 22 30 36 37 46 53 61 63 69 72 75 94 98
635 3 12 14 29 35 40 46 51 52 56 69 77 81 82 93 95 97
636 0 20 26 27 30 40 46 49 71 75 76 77 82 85 89 95
637 5 10 14 15 17 18 19 29 40 45 46 52 66 73 78 81 85 99
638 11 12 23 25 33 39 43 53 66 69 72 81 83 84 87 89 90
639 0 1 3 7 18 22 23 30 37 51 52 56 58 65 91
640 4 8 12 14 24 25 34 36 47 48 50 61 64 68 72 73 92 94 97 99
641 0 9 12 14 16 21 25 34 35 38 39 43 51 52 57 59 60 67 69 82 89 92 93
642 11 16 22 26 30 31 42 44 46 47 52 53 54 56 58 63 72 73 75 88 90 92 95
643 4 12 13 27 38 59 72 74 75 79 80 84 87 92 97
644 3 7 11 14 17 21 23 30 35 36 37 40 50 63 64 65 72 78 79 80 86 95
645 0 2 7 11 15 21 24 27 30 32 33 35 36 41 44 50 51 54 55 59 63 72 74 75 78 81 84 96 99
646 6 12 13 27 30 39 47 50 51 69 87 91 94 99
647 0 1 14 17 37 41 48 52 59 61 62 64 67 69 75 82 90 92 94
648 23 28 30 42 47 49 51 52 62 65 68 72 73 80 85 99
649 3 7 26 27 33 39 49 50 52 53 57 60 62 65 70 71 74 78 79 80 82 84 85 88 90 93
650 2 6 14 15 16 24 26 29 35 45 47 54 65 66 71 81 83 88 91 95 99
651 2 5 18 20 22 26 41 42 47 50 52 56 58 64 75 80 81 85 93 95 97 98 99
652 2 23 45 46 50 52 73 82 84 85 96
653 0 4 8 10 11 21 33 35 39 42 44 51 56 59 66 69 76 78 94 97 98
654 18 21 30 32 39 46 52 54 57 72 73 80 90 95
655 0 5 14 18 21 25 26 34 38 42 60 65 67 69 71 75 77 78 79 81 90 91
656 1 7 8 22 25 26 42 44 48 59 61 67 68 69 71 73 74 77 79 81 85 88 90 98
657 4 7 8 10 18 19 26 27 28 30 34 40 42 47 51 66 74 83 91 92 94
658 2 4 7 14 19 20 22 24 43 44 47 48 54 59 66 75 78 79 82 86 93 98
659 0 8 10 12 15 16 24 26 27 28 33 45 57 58 60 64 69 75 78 80 81 87 94 95
660 1 14 18 22 26 28 30 36 41 52 53 59 60 61 66 73 74 81 89 90 92 93 96
661 2 4 6 7 8 9 10 13 14 21 23 31 32 42 45 52 54 60 62 65 71 78 84 86 89 91 92
662 0 1 8 9 10 15 16 18 20 23 26 29 31 36 41 63 66 68 76 78 79 85 87 88 90 95
663 4 6 8 17 20 24 25 28 39 44 51 56 59 62 64 65 74 78 80 84 87
664 4 19 22 26 32 35 48 50 62 68 71 77 86 90 93
665 0 16 17 25 28 31 39 42 44 45 50 60 71 80 81 82 83 90 92 97
666 8 17 21 23 25 28 31 35 39 47 51 66 71 77 96
667 0 3 8 16 17 33 40 52 62 63 64 77 85 86 91
668 4 6 8 11 12 14 16 17 21 30 32 36 38 39 42 43 50 51 55 58 61 63 69 72 96
669 1 4 8 9 10 13 14 27 36 37 38 44 47 53 60 62 67 71 80 83 86 87
670 11 19 21 25 29 33 42 49 51 54 60 75 77 88 90 91
671 1 4 7 25 26 36 39 40 44 47 48 52 54 59 61 62 68 71 74 77 83 94 98
672 0 3 7 8 16 21 38 40 45 49 51 57 62 63 68 83 89 96 98
673 3 4 13 17 20 24 26 37 39 43 44 47 48 50 53 56 58 59 69 77 79 80 81 83 84 88 99
674 2 8 9 12 14 22 23 25 32 36 37 40 49 73 74 81 83 87 94 96 97 98
675 1 3 5 7 13 16 17 23 42 45 47 52 55 58 62 63 64 65 69 79 81 94 95
676 2 7 9 16 17 19 22 26 32 35 36 37 43 47 50 52 55 60 63 66 71 75 76 77 79 90
677 6 12 26 28 30 35 38 40 46 48 60 63 78 82 83 87 88 97
678 0 2 5 6 13 19 22 24 49 55 59 60 63 64 71 78 81 85 95 96
679 1 8 13 27 28 36 41 43 45 51 54 58 59 73 77 84 87 91 97 98
680 4 5 6 7 8 16 20 26 27 37 40 42 44 56 58 65 66 67 76 85 97
681 7 13 19 21 25 27 28 29 32 37 39 45 49 64 66 72 88 91 92
682 1 5 7 10 13 14 22 26 32 38 44 49 51 52 53 57 58 60 61 68 71 73 86 99
683 0 2 8 9 10 12 13 15 17 22 26 43 46 48 49 51 56 60 61 62 78 83 85 90 96
684 0 2 4 6 7 10 17 20 21 34 39 58 59 69 71 73 77 80 81 83 88 92 97
685 5 6 9 12 13 16 19 22 25 27 32 38 39 47 49 52 53 54 60 62 68 78 89
686 2 8 9 14 19 25 26 28 31 34 45 50 52 56 58 67 73 78 80 84 86 92 93
687 3 6 14 18 23 24 25 33 36 46 59 63 65 73 79 86 87 97 98
688 13 19 22 26 28 31 35 36 39 41 47 50 60 61 65 68 80 82 84 87 99
689 4 7 15 19 21 25 26 27 33 38 40 45 59 60 63 66 71 74 84 88 99
690 0 3 14 19 26 29 35 37 38 45 47 52 54 55 73 74 81 84 85
691 12 15 17 25 36 37 55 65 73 76 95
692 2 4 5 9 13 14 26 29 31 32 39 41 46 51 59 61 68 70 91
693 4 18 26 28 30 35 37 39 40 47 48 50 56 59 62 65 67 68 76 79 83 84 87 94 95
694 3 5 9 20 27 34 39 40 58 59 61 64 65 72 79 85 89 91 93 94
695 9 16 42 49 51 53 56 58 61 63 71 72 74 83 85 92 99
696 0 2 4 18 21 27 30 33 37 42 55 57 63 68 79 91 96 98
697 0 1 7 8 20 21 29 32 37 42 48 50 51 61 67 70 76 80 81 86 88 89 91
698 0 3 11 12 24 26 29 35 51 57 65 69 75 80 84 85 86 93
699 6 7 9 18 20 21 31 35 39 45 50 52 56 60 61 68 71 85 95 99
700 1 10 13 14 17 22 23 24 30 33 38 43 45 48 52 65 72 73 74 82 88 89 90 94 96
701 2 3 8 28 29 44 47 49 52 70 74 76 77 83 91 97 98
702 0 12 19 21 31 32 34 37 38 46 47 49 64 76 77 81 86
703 1 2 8 26 30 37 40 41 48 52 54 57 59 61 74 77 81 83 87
704 9 14 15 19 25 34 38 61 66 74 82 84 88 95
705 8 15 16 27 31 50 51 52 54 55 59 61 64 69 70 74 89
706 2 3 5 10 15 20 27 28 33 34 35 42 48 65 68 71 74 76 85 86
707 0 7 18 21 22 26 27 31 36 39 42 44 56 63 65 71 84 88 90 94 95 97
708 2 6 12 17 20 21 35 36 40 44 48 58 74 75 79 80 83
709 5 20 33 39 40 41 46 47 54 57 60 74 84 86 91 92 95
710 5 9 18 38 56 57 60 67 70 71 76 78 80 89 90 91 92 96 98
711 2 8 9 12 17 22 23 28 29 39 41 46 48 56 63 68 75 85 86 97
712 1 16 19 20 21 23 29 30 36 37 48 51 53 66 70 75 86 87 90 91 99
713 9 29 36 40 41 55 60 72 78 80 81 82 94 95
714 3 6 14 20 21 25 28 30 34 38 40 45 59 60 63 64 67 68 70 72 77 78
715 0 6 9 11 17 19 21 27 38 39 40 41 43 51 52 58 62 63 65 66 69 71 73 84 85 89 93
716 3 4 8 10 14 18 21 25 30 37 41 46 48 54 66 71 75 78 81 93 95
717 6 7 11 12 16 20 22 24 31 39 44 47 52 54 55 60 61 71 73 76 77 80 81 85 89 97
718 3 12 18 20 22 29 33 39 41 47 48 49 53 55 59 68 69 81 82 85 92 93 97
719 6 9 21 37 42 44 54 61 62 64 65 66 70 74 75 76 99
720 0 5 26 30 34 36 46 52 56 58 59 60 80
721 1 17 18 24 26 35 38 40 44 49 50 51 52 57 58 59 65 71 72 73 75 76 77 78 88 93
722 2 5 9 10 12 16 17 20 26 29 38 41 42 44 47 48 56 60 61 68 77 78 79 95 97
723 5 9 13 20 25 26 27 29 33 38 40 42 47 48 54 60 63 70 74 78 83 85 88 90 91 93
724 12 17 19 41 42 65 74 80 90 92
725 0 4 5 11 13 16 17 20 25 33 46 47 48 51 57 64 67 69 74 78 81 88
726 3 5 11 14 19 20 21 30 31 32 38 53 60 69 70 82 85 93 95
727 8 19 20 25 30 32 40 41 43 52 56 57 64 65 69 74 76 81 85 90 93 95 96
728 13 17 18 19 22 27 32 41 53 56 66 78 92 93
729 4 6 7 8 10 12 13 14 15 22 30 46 47 49 59 73 74 90 98
730 0 5 7 11 21 24 40 43 55 57 58 59 64 65 69 72 73 74 82 88 90
731 1 2 7 13 18 24 28 33 38 44 46 55 60 61 65 66 69 71 74 79 83 84 86 95 97 99
732 0 3 5 7 10 13 16 21 22 24 26 27 37 41 45 48 49 50 51 67 70 72 73 75 79 86 88 92 96
733 0 2 3 6 7 13 15 21 25 29 31 39 40 43 49 68 81 82 92 95
734 0 1 2 6 9 17 25 27 33 37 42 44 46 50 53 57 60 65 71 75 81 82 83 84 93
735 9 11 20 25 27 28 30 33 35 41 46 47 49 53 61 67 69 75 76 78 80 82 85 93 95 98 99
736 0 6 13 20 22 33 42 43 48 49 50 52 57 59 61 67 84 95 98
737 1 3 5 7 10 19 23 36 40 42 46 61 63 67 71 73 77 92 93 94
738 3 13 14 15 20 21 23 26 28 30 33 34 36 40 47 63 65 70 74 83 95
739 9 11 23 25 29 33 37 40 41 46 60 73 85 88 89 90 92 98
740 16 18 21 24 25 31 32 35 48 62 63 67 70 73 74 78 87 88 97 98
741 0 5 6 11 12 17 28 32 33 38 41 45 47 51 53 56 59 70 73 75 78 87 91 93
742 1 2 4 11 17 23 24 26 34 36 39 42 48 57 58 70 71 75 79
743 10 17 19 22 23 31 36 38 59 63 67 77 79 83 86 88 98
744 9 12 15 26 28 34 44 46 49 52 68 88 94 97 98
745 1 11 12 20 31 33 34 37 42 56 61 65 71 73 75 88 95
746 1 3 8 10 11 14 15 16 21 32 35 38 40 44 59 72 74 75 78 80 86 87 95 97 98
747 3 4 6 14 23 25 36 41 45 47 54 55 57 59 63 67 69 70 73 76 91 93 97
748 3 4 5 9 33 35 44 47 49 50 52 56 62 64 72 76 77 78 83 84 88
749 5 6 9 10 14 20 22 24 26 37 39 42 44 45 54 58 64 79 81 89 90
750 2 8 10 11 18 19 20 22 29 30 41 43 45 52 54 56 59 64 65 73 75 78 79 83 85 90 94
751 6 7 13 16 17 18 21 26 27 31 36 41 42 46 47 51 52 59 62 64 71 76 82 91
752 4 9 13 15 18 22 23 25 27 30 35 39 45 47 57 70 72 76 77 78 81 96
753 0 2 8 35 55 59 71 76 84 90 95 96 99
754 2 4 21 26 35 38 41 42 44 47 48 52 75 79 91 92 99
755 13 21 39 42 43 47 49 56 65 67 77 80 84 86 94 97 98
756 0 7 15 17 18 24 26 27 28 46 50 51 55 65
757 4 6 8 12 15 28 30 39 46 49 50 54 55 57 71 86 88 90 92
758 0 10 11 16 19 21 23 33 36 41 43 44 45 46 49 61 63 69 75 80 81 82 84 95
759 17 21 22 37 38 40 70 78 83
760 7 10 12 20 21 24 26 34 46 51 52 65 66 68 70 80 81 82
761 22 32 33 34 38 39 53 62 64 68 71 75 83 98 99
762 0 6 10 13 17 20 21 26 29 30 37 38 54 56 59 71 83
763 2 5 9 10 11 13 14 23 30 31 36 40 44 50 52 55 59 79 96
764 0 2 4 6 9 25 28 29 30 35 38 44 46 47 56 60 69 73 78 79 81 87
765 1 14 20 22 24 26 34 37 43 44 48 54 55 62 75 83 84 87 89 92 96 99
766 6 8 10 12 21 24 27 39 42 44 49 51 57 62 64 69 77 78 81 90 92 93 95 96
767 4 8 21 24 25 32 36 39 40 42 45 48 52 58 60 66 77 84 86
768 10 23 44 45 48 51 58 64 66 70 80 85 89 91 94 99
769 2 12 14 16 18 21 33 44 48 58 59 61 70 77 82 83 85 90 91 92 93 98
770 2 6 9 11 17 20 36 38 45 52 60 65 67 82 97 98
771 9 10 14 21 25 26 27 39 43 47 58 59 60 69 70 72 77 86 90 95 97
772 9 11 16 20 21 40 45 47 57 60 62 63 65 71 74 76 77 80 84 92
773 4 11 12 24 27 35 36 40 45 59 70 75 84 85 87 88 89 90 99
774 11 20 21 27 37 44 51 60 66 82 90 97
775 11 24 34 35 44 48 51 58 61 67 73 79 82 84 86 92 96
776 6 11 19 34 43 49 53 56 60 61 75 86 88
777 7 8 9 10 11 12 13 19 20 21 22 23 25 26 27 34 44 45 48 49 55 64 65 66 70 84 91 92 93 95
778 2 7 14 18 21 25 26 27 30 31 35 37 46 48 49 53 64 68 72 76 80 90 95
779 2 8 9 15 21 22 24 31 36 45 47 51 60 62 66 69 79 86 94 95 99
780 7 17 18 19 28 33 35 39 46 48 54 60 64 75 78 88 94 95
781 0 2 3 4 15 21 28 29 32 38 40 41 46 52 53 58 60 62 64 65 67 81 84 89 94 97 98 99
782 0 3 7 11 28 33 38 40 45 46 49 63 67 68 70 74 81 89 94 96
783 1 8 10 22 24 26 28 34 39 40 50 56 57 59 67 69 72 78 93 97 98 99
784 2 7 12 16 17 27 30 36 41 46 50 56 58 66 70 88 89 96
785 1 3 5 7 20 23 28 31 34 36 37 44 49 50 57 59 67 75 78 84 87 90 93 94 95
786 8 9 10 11 17 19 27 29 30 31 34 37 39 43 44 52 57 58 59 60 64 65 68 76 86 88 89 91 92 95 97
787 1 8 13 14 17 21 22 24 27 29 30 31 33 34 41 42 43 56 71 78 86 93 94 98
788 1 3 5 11 12 16 19 22 24 32 34 37 40 43 44 46 54 56 61 68 72 83 90 92 94 95
789 2 4 5 7 31 43 44 52 64 66 67 68 80 99
790 4 9 12 20 23 24 30 33 36 37 42 44 45 46 47 50 55 61 69 71 74 78 80 89
791 4 6 12 18 21 28 52 53 61 62 63 64 69 71 83 87 99
792 0 2 5 7 18 23 30 31 32 36 41 49 51 52 57 68 69 70 83 86 91 93 96 98
793 1 2 5 10 15 21 24 30 31 34 42 47 55 57 61 66 69 77 79 81 84 90 94
794 1 6 8 12 14 25 27 35 49 50 57 60 62 63 69 70 80 82 90 91
795 0 1 4 5 13 20 21 24 31 32 34 38 41 46 48 50 52 60 66 67 78 80 90 91 95 96
796 3 9 12 29 33 37 47 49 52 55 61 62 81 83 85 91 92 96 97 99
797 0 7 9 12 18 27 30 31 32 34 35 42 43 49 52 63 68 70 75 76 79 86 87
798 2 7 8 11 19 23 31 33 39 48 50 55 60 62 64 68 69 75 77 81 83 84 94
799 4 9 12 27 29 33 34 35 41 46 48 53 54 60 61 64 80 83 84 88 93
800 0 7 9 10 15 16 19 20 30 35 36 43 44 45 52 60 62 74 75 81 85 88 93 95 96
801 14 17 19 21 25 27 28 29 30 31 34 48 70 71 77 81 83 85 91 92 95
802 10 13 18 21 36 39 42 56 61 64 66 68 69 74 75 79 83 84 95 97
803 1 14 16 17 20 24 25 28 39 40 41 42 50 51 60 65 69 76
804 1 2 11 20 22 31 42 62 63 65 69 72 75 79 91 92 96 98
805 3 7 17 22 34 37 38 40 54 55 58 69 78 81 83 84 92 96 99
806 5 14 20 30 32 33 34 36 37 39 41 45 51 56 58 78 81 98
807 0 1 13 16 20 23 25 35 40 42 46 52 66 67 69 78 82 87 91 92 94
808 1 2 6 11 12 13 29 36 38 50 53 69 70 71 74 75 96 98
809 1 13 14 19 30 36 37 39 43 46 51 55 56 57 66 68 71 80 83 89 90 98
810 2 4 5 7 14 15 17 26 28 31 36 37 38 55 58 71 73 74 76 78 93 95
811 2 4 5 18 19 24 25 28 31 32 34 51 53 57 67 69 72 75 76 79 88 99
812 6 11 12 18 21 22 28 35 36 52 57 76 89 96 97 98
813 2 3 21 27 28 32 34 37 41 51 54 60 65 74 75 77 81 82 88 98
814 1 5 16 26 29 33 37 44 46 50 53 57 60 66 68 74 75 85 86 87 88 92
815 0 4 5 6 7 13 26 27 28 47 57 62 65 69 73 74 75 77 79 82 85 86 94
816 0 6 19 20 24 29 38 45 47 50 56 59 63 65 71 72 74 79 82 87 88
817 0 5 17 20 36 37 40 46 61 65 66 70 71 72 73 75 77 84 93
818 4 5 7 8 10 12 16 17 18 20 21 27 29 30 34 37 39 42 54 56 59 70 72 75 93 95
819 0 3 5 8 18 19 24 35 38 40 42 48 57 64 66 75 76 81 83 87 91
820 5 8 11 12 14 18 20 27 28 30 34 40 42 46 49 55 64 66 81 83 95 98
821 0 3 15 17 24 25 29 42 53 58 63 67 68 72 78 81 85 90 95
822 0 3 6 9 11 14 17 49 56 61 69 73 75 83 88 89 90
823 3 7 24 25 26 35 40 44 49 52 59 60 63 65 67 71 74 77 79 88 90 92 94
824 7 9 18 21 23 28 34 46 49 58 61 62 63 65 68 74 79 92 97 98
825 10 12 13 21 22 34 55 57 65 73 74 75 78 88 98
826 8 12 16 20 22 28 37 39 40 50 51 52 54 64 70 71 74 75 76 78 82 83 88 89 93 94 96
827 0 7 8 10 13 26 27 34 37 41 44 46 51 57 59 68 76 78 79 84
828 4 6 7 9 21 22 32 55 56 59 64 65 72 77 82 89 92 96
829 4 6 17 18 24 29 31 37 46 47 54 57 61 63 66 69 71 76 83 84 88 91 95
830 12 13 21 32 37 38 42 56 65 69 71 73 80 81 84 87 97
831 8 15 17 26 31 34 40 65 66 73 83 85 90 92 97
832 8 12 13 17 20 28 29 35 44 45 54 55 62 63 71 77 78 85 87 88 89 91
833 5 6 7 14 15 22 29 31 40 56 62 63 67 68 72 74 81 83 86 88 94 96
834 1 11 15 16 20 28 31 34 61 62 73 74 76 78 81 82 86 88
835 3 4 14 19 31 36 40 46 47 56 58 59 66 67 70 72 76 80 85 92 97
836 0 5 7 8 9 11 14 23 25 26 31 49 59 60 61 64 69 75 76 77 79 81 82 84 85
837 0 1 4 7 16 20 25 26 27 28 29 31 34 36 40 45 48 51 53 54 55 65 70 72 80 88 98 99
838 3 13 14 15 16 19 25 27 34 35 39 40 41 52 65 73 79 84 93 97
839 0 5 6 7 9 10 11 12 16 18 31 36 37 39 41 44 48 50 53 67 77 83 97
840 0 21 22 24 28 32 36 37 39 42 46 47 55 59 62 63 64 70 75 78 80 85 87 88 93 97
841 11 12 13 24 25 29 31 34 36 38 52 55 61 67 76 77 80 81 88 89 90 91 92 93 94
842 0 2 13 14 15 16 17 20 29 38 44 53 57 62 66 67 71 80 84
843 5 8 9 10 12 14 29 40 41 43 46 54 55 59 64 67 77 87 93 94 95 98
844 0 2 3 6 24 28 33 34 38 40 41 44 63 69 78 81 83 87 92 94 96 98
845 3 9 12 15 17 26 33 35 38 49 51 65 69 70 76 79 83 87 88 89 92 97
846 7 16 17 21 22 24 27 39 40 45 48 52 55 62 73 84 86 94
847 8 12 15 20 22 24 27 38 40 44 51 55 58 60 67 78 89 93 97
848 7 11 22 27 31 60 65 66 71 77 79 86 87 97
849 3 5 9 10 32 36 47 53 74 85 88 89 90 95 97
850 10 15 19 22 24 25 26 28 30 34 35 44 46 56 61 72 80 85 86
851 1 8 11 15 17 21 27 29 37 55 60 63 64 77 78 79 80 90 93 96 98
852 7 11 13 14 22 26 27 30 31 41 51 62 64 69 77 81 82 84
853 1 2 12 28 34 35 40 41 45 46 56 57 64 66 73 76 79 82 92 96
854 1 5 12 18 24 26 28 44 49 51 52 58 59 63 64 65 68 69 82 86 91
855 0 1 5 8 9 12 21 32 38 39 41 43 45 47 49 54 57 59 69 74 82 84 89 90 94
856 6 8 23 24 25 26 37 49 63 64 67 70 71 72 81 84 87 90
857 1 2 3 4 6 18 21 24 27 30 34 35 46 50 54 58 61 90 93 94 97
858 1 10 14 16 17 20 21 23 26 41 48 49 63 66 69 70 84 86 93 95 96
859 1 3 10 11 18 21 26 28 32 53 58 63 64 75 85 93 94 97
860 3 7 11 28 30 46 47 54 90 91 92 95 98 99
861 0 4 7 13 21 24 42 44 46 51 53 65 66 69 71 77 78 85 96
862 2 4 5 19 24 25 27 30 32 36 42 43 55 57 78 80 82 99
863 2 5 8 10 16 21 22 26 41 43 47 50 60 63 67 69 71 72 82 83 87 88 89 90 98 99
864 10 14 15 33 34 41 45 46 47 49 51 53 62 64 72 84 86 97
865 0 2 4 11 22 24 29 32 38 41 42 49 59 60 64 68 69 76 78 94 96
866 0 2 12 14 17 27 29 31 43 48 49 57 58 70 74 75 76 78 81 82 89 90 92 93 94 95 96 99
867 2 4 16 18 19 22 28 30 31 33 44 46 49 50 51 61 68 84 88 94 96
868 0 2 3 5 8 9 10 12 14 38 40 45 52 63 64 65 66 67 68 71 83 85 88 92 98
869 6 8 9 12 15 21 24 29 40 42 49 53 61 65 67 69 76 83 85 86
870 9 11 14 18 21 22 26 31 33 37 38 46 56 57 58 60 73 76 80 82 83 92 94
871 0 1 4 6 10 12 21 22 33 37 38 39 40 45 60 61 66 69 77 79 86 88 92 99
872 0 6 18 19 20 21 23 27 28 29 38 39 47 50 51 55 62 67 68 80 82 87 89 90 91 95 96 97
873 6 8 12 29 33 34 35 38 40 45 49 50 56 61 67 74 76 79 90 91 94 97 99
874 7 8 13 21 35 51 54 59 67 78 83 86 92
875 0 5 8 15 16 22 23 24 30 31 39 42 46 50 51 66 70 72 79 81 91 92 99
876 8 11 13 18 22 48 53 56 61 63 70 77 78 89 93 97
877 1 6 12 14 17 19 29 31 38 40 42 46 48 67 73 74 78 80 81 97 99
878 2 12 13 17 18 25 31 32 34 37 46 51 52 62 69 75 79 87 88 97
879 6 12 20 21 22 26 33 37 41 42 44 58 59 68 74 79 84 90
880 8 10 11 15 24 29 32 44 50 53 55 63 79
881 6 11 18 21 24 29 32 33 40 45 60 67 72 76 80 89 97
882 0 8 10 12 18 21 23 24 33 36 38 39 40 43 47 48 54 65 70 71 75 76 86 89 90 91 95 96 97 99
883 1 5 8 9 14 22 28 37 42 46 57 69 75 78 87 95
884 0 13 19 23 26 34 46 49 52 53 58 60 64 65 66 68 72 76 87 93
885 5 15 16 20 24 30 31 32 35 36 43 44 53 67 75 76 84 86 91 93
886 11 12 15 19 24 26 27 28 35 41 62 67 69 72 77 82 86 95 96
887 2 4 10 13 15 20 21 22 24 30 31 32 34 37 38 43 44 47 48 50 52 58 63 64 65 66 68 69 80 89 94 96 98
888 3 4 5 8 15 23 26 31 32 33 35 37 39 43 46 49 51 55 58 62 65 66 75 76 83 85 94 97
889 6 10 11 14 17 38 41 48 59 60 76 79 83 89 97 98
890 7 12 14 24 25 32 34 35 43 45 47 59 67 69 79 81 89 94 96 99
891 11 12 13 15 17 20 31 37 48 52 54 55 66 84 87 91 92 98
892 0 8 12 16 17 19 27 28 39 40 57 58 62 63 65 66 68 88 89 92 94
893 17 19 30 34 43 46 48 49 54 57 60 79 80 82 85 88 93
894 23 24 31 52 60 64 70 83 89 91
895 4 8 13 22 45 50 68 72 83 90 97
896 2 6 11 25 30 34 35 38 56 57 71 76 82 87 89 90 94
897 10 12 21 23 26 27 29 33 60 66 69 70 76 81 98
898 3 7 14 19 27 39 40 43 45 54 61 67 68 71 75 80 87 90
899 9 12 18 22 26 31 36 61 65 83 87 93 98
900 2 4 5 13 15 16 27 35 36 39 41 43 62 70 81 88 89 94
901 0 2 7 9 11 19 28 32 42 45 46 49 51 52 57 61 65 73 81 82 83 93
902 0 7 11 17 20 21 23 25 36 38 39 40 42 43 44 47 48 59 67 73 79 80 86 95 98
903 7 9 17 25 28 29 36 37 38 45 46 47 51 54 59 63 64 66 68 77 88 93 94
904 5 8 14 18 23 28 33 42 43 47 49 51 52 65 78 84 89
905 7 9 15 18 29 46 50 54 60 64 65 74 83 85 92
906 3 13 16 30 41 49 50 51 53 59 69 80 81 83 85 97 98
907 3 5 6 7 9 13 17 22 28 32 35 40 45 48 49 51 60 73 76 79 88 93
908 1 2 3 8 15 25 28 30 35 36 63 70 77 81 98
909 4 21 26 27 32 35 39 59 61 66 70 71 73 78 81 90 94
910 1 3 12 18 19 20 21 22 24 30 31 33 38 40 60 61 66 69 75 76 91 93
911 3 5 11 13 16 19 26 33 35 48 50 53 54 66 72 78 80 84 91
912 0 3 7 15 17 19 22 23 27 29 57 58 59 61 62 63 73 75 91
913 3 11 13 14 17 20 33 37 39 41 58 62 69 71 73 78 85 86 96 97
914 1 6 9 18 20 21 31 38 48 50 51 55 69 70 73 77 78 80 83 91 94 96
915 2 5 6 8 23 24 26 27 36 42 51 52 58 62 66 73 77 90 91 92 98
916 1 5 6 7 22 30 33 39 42 43 48 55 59 72 76 86 88 95
917 2 4 5 10 24 27 30 31 43 47 51 52 59 62 64 66 68 75 78 82 91 92
918 6 15 23 27 29 45 48 50 53 56 76 79 81 87 88
919 0 4 10 11 12 16 18 29 33 36 52 62 71 81 91 96 98
920 3 5 12 13 21 23 33 35 42 44 46 50 59 60 62 64 67 74 76 77 78 80 89
921 0 2 16 18 19 27 29 37 38 42 45 48 58 59 62 65 66 75 79 84 85 91 99
922 0 3 11 14 15 17 18 26 27 32 35 38 39 41 42 45 47 48 50 51 55 56 62 67 68 69 74 77 79 80 83 87 90 97 99
923 5 7 8 10 17 34 35 40 44 49 52 53 60 61 65 74 75 76 93 97
924 8 22 23 25 26 35 39 46 47 48 51 55 57 68 73 74 85 87 93 94 96 98
925 0 4 5 8 10 14 17 24 27 29 30 39 43 55 56 59 62 63 69 75 79 80 86 93 94
926 3 8 23 35 39 40 42 44 54 56 62 67 70 71 80 84 85 87 91 98
927 5 9 10 14 15 19 20 37 39 54 55 63 67 68 71 72 77 80 82 83 88 94 95 97
928 2 6 9 25 30 31 34 35 37 38 41 45 49 55 56 57 66 77 78 80 86 88 92 94 96
929 1 4 6 9 10 12 13 15 21 22 24 29 35 36 39 41 42 44 47 48 56 60 61 69 78 79 84 86 88 93 94 98 99
930 6 7 12 14 21 23 24 27 36 37 43 47 49 51 56 57 59 60 61 71 79 81 95 98 99
931 5 8 28 42 45 53 55 65 69 70 75 77 80 85 91
932 2 3 6 7 13 16 21 23 39 40 49 56 76 78 84 92 94
933 11 13 21 23 24 29 33 36 39 40 48 54 55 61 69 75 77 81 84 85 87 90 93
934 1 3 14 23 26 27 28 29 32 45 48 50 55 60 63 65 66 67 71 77 82 95 97 99
935 0 5 11 14 15 18 19 22 24 26 29 30 46 51 55 56 60 64 65 68 69 71 72 75 76 81 87 88 89 97 98 99
936 4 6 16 17 19 21 24 25 28 29 31 54 61 62 68 69 71 72 82 83 89 90 92 93 96 98 99
937 0 12 13 17 20 23 24 27 33 34 38 39 40 48 50 53 57 59 62 76 79 85 92 96
938 11 12 16 22 26 36 37 40 50 57 61 62 63 72 74 81 82 89 99
939 4 5 11 19 21 27 37 44 49 51 56 59 61 65 66 68 77 99
940 5 7 8 10 25 28 31 36 41 45 54 55 68 72 73 78 82 96
941 1 4 5 10 13 17 20 27 29 30 31 50 51 56 59 80 81 82 85 87 91 97
942 3 13 14 19 24 25 33 34 38 49 53 62 65 73 77 78 88 89
943 0 1 2 7 15 16 26 31 35 37 44 48 49 50 61 74 82 83 85 91
944 15 22 25 27 34 37 39 60 67 68 70 73 94 98
945 0 2 8 16 17 23 24 45 48 49 51 53 59 60 62 72 82 93
946 16 34 39 40 47 50 52 54 65 72 73 75 76 78 81 94 96 97 99
947 21 26 32 34 47 50 55 56 59 63 69 75 76 77 79 82 84 85 90 96
948 0 9 17 34 54 64 68 73 75 81 90 92 93 94
949 8 11 15 21 23 26 31 38 41 44 57 76 79 80 83 90 92 93
950 10 15 25 27 29 31 40 41 43 49 54 56 60 61 77 78 83 85 87 91 96 99
951 0 4 5 6 9 10 15 17 27 31 34 35 36 38 43 45 46 49 56 65 70 71 75 76 78 80 84 94 95
952 1 6 8 10 23 33 35 42 45 52 58 60 63 66 73 74 77 83 88 94 96
953 1 2 3 9 11 12 16 22 24 37 46 49 52 66 70 71 77 79 80 95 97 99
954 9 13 20 25 26 27 28 31 34 35 42 54 56 63 70 75 86 89 90 94 95
955 4 14 15 18 22 29 31 36 42 49 53 55 58 60 63 69 73 81 91 96 99
956 10 19 20 33 34 35 47 51 54 56 60 62 65 67 68
957 6 13 29 33 34 42 45 50 59 64 74 77 80 85 87 88 94
958 6 17 21 30 31 33 43 48 56 66 71 73 92
959 6 7 8 9 18 22 23 27 31 35 36 39 43 46 47 48 49 58 61 66 76 78 79 80 83 85 99
960 4 17 23 31 45 54 55 61 62 68 72 75 81 92 95 99
961 4 6 10 19 23 26 34 36 42 50 55 58 60 62 63 66 69 82 91 92
962 0 7 12 18 22 32 34 41 43 48 85 91
963 1 2 4 11 19 35 43 49 63 71 78 80 88 95 98
964 0 4 7 11 14 25 28 31 46 50 58 66 76 78 83 90 94
965 1 5 7 14 16 19 27 29 31 33 43 45 50 53 62 64 69 71 73 76 82 87 92 95
966 5 7 8 14 22 23 24 26 29 31 43 47 48 55 57 59 60 64 66 68 78 88 91 97
967 6 8 9 10 12 20 23 26 32 43 48 50 52 54 56 62 65 87 88
968 3 9 15 16 17 18 19 20 32 33 35 42 43 45 49 53 62 68 69 75 76 81 84 98 99
969 6 7 10 18 21 26 27 30 31 38 39 41 47 48 49 52 56 64 68 74 78 79 84 86 91 97 99
970 1 2 4 5 13 17 19 29 30 31 32 40 42 43 51 60 66 83 87 93 96 98
971 6 8 12 15 21 23 24 29 37 38 46 49 50 51 56 61 63 65 68 69 82 83 88 89 90 91 97 98
972 1 5 8 14 31 34 40 41 42 43 46 47 54 59 62 63 67 81 83 89 90 91 98
973 3 7 9 11 15 19 20 32 33 37 38 47 48 55 56 61 64 69 71 76 80 82 84 85 92
974 6 7 10 11 12 14 18 22 26 28 31 34 35 36 49 52 53 57 61 64 66 68 70 79 80 86 87 90 93
975 6 8 14 16 19 20 21 29 39 52 53 65 66 70 73 78 85
976 0 10 20 27 34 36 37 47 51 54 57 62 72 78 80 83 86 96
977 6 8 13 17 18 25 29 34 35 37 51 61 63 68 71 77 84 94 96
978 4 11 14 21 22 25 42 61 72 74 75 81 87 93 94 98
979 2 9 10 14 18 24 30 55 62 63 64 65 67 75 77 79 80 83 94 96 99
980 0 14 18 20 21 27 32 36 39 47 50 60 63 65 66 73 74 82 93
981 2 3 6 15 17 22 24 34 43 47 50 53 59 60 63 69 72 75 76 80 81 89 92 96
982 4 5 7 11 16 20 21 22 23 31 32 46 53 56 58 59 71 75 87 89 91
983 1 9 16 21 24 25 41 45 46 50 55 64 67 76 77 82
984 0 1 11 12 16 18 21 23 25 28 29 32 34 36 45 61 69 72 82 83 84 94
985 6 11 14 16 24 28 42 43 52 73 79 80 84 94 99
986 5 8 10 14 26 27 32 36 37 38 40 41 42 44 52 54 59 74 84 86 95 99
987 1 16 24 25 29 31 35 47 48 53 60 66 73 75
988 2 3 4 15 19 25 31 35 48 54 60 70 71 73 76 80 92 97
989 2 13 18 24 25 31 37 43 47 52 54 62 65 66 72 78 82 83 90 91 94
990 2 8 9 11 15 20 26 29 36 37 44 45 50 59 63 65 73 85 86 87 89 93 95
991 1 3 6 16 17 19 21 33 39 46 64 68 71 73 74 75 76 78 82 83 85 87 99
992 0 5 6 18 19 20 21 22 25 36 38 40 42 45 62 71 72 79 84 87 90 93 99
993 6 7 13 17 20 21 28 29 30 31 33 34 38 40 41 42 44 48 56 65 67 70 71 73 77 79 80 81 82 83 86 89
994 0 1 7 9 14 16 22 23 42 43 46 52 57 61 62 64 65 68 78 79 84 86 96
995 5 9 15 22 30 36 42 49 58 59 76 77 78 82 84 85 87 91 93
996 26 27 32 33 39 43 46 55 63 66 73 75 91 93 95
997 10 18 28 45 47 51 58 93
998 4 9 13 19 24 27 34 38 46 51 60 61 68 69 70 89 91
999 3 4 5 6 17 20 26 28 34 35 42 46 50 57 60 61 71 73 77 79 94 97 99
1000 3 9 15 24 25 28 36 48 56 62 64 74 76 80 82 85 93 96
1001 3 4 7 9 15 19 28 29 31 50 57 59 64 69 70 77 79 82 88 92 99
1002 4 33 34 39 42 45 46 55 59 69 76 81 88 97
1003 0 18 20 31 33 37 42 44 50 52 60 61 66 73 80 89 91 96 99
1004 2 17 19 26 27 30 34 36 49 50 52 53 56 74 77 79 95 97 99
1005 6 8 10 20 21 36 42 43 48 49 51 57 65 72 75 77 78 84 85 95
1006 3 7 14 20 30 35 41 51 55 57 59 76 78 88 90 92
1007 2 5 6 10 12 18 21 26 27 30 34 42 47 48 58 67 74 75 83 95
1008 9 10 15 16 21 25 26 31 35 41 44 47 50 51 58 59 63 64 65 69 73 74 80 84 96 99
1009 11 17 23 25 30 36 45 46 49 57 67 68 73 86 88 90 98
1010 0 5 8 22 31 32 34 35 37 41 44 48 63 68 70 73 76 77 78 79 80 83 86 90 91 93
1011 4 17 24 28 29 32 41 45 46 52 56 58 62 66 68 69 72 73 79 80 81 84 89 93 98
1012 2 21 22 23 25 30 38 49 51 52 54 63 64 70 72 73 78 80 88 89 93 95 99
1013 19 22 23 28 31 32 33 34 36 37 40 41 43 48 51 56 59 67 69 73 74 76 86
1014 4 5 6 21 26 27 35 40 43 54 55 56 58 59 74 75 79 80 84 87 96
1015 12 18 19 28 33 42 44 59 62 65 67 70 71 77 80 81 82 84 91 97
1016 3 14 19 24 37 41 42 43 47 56 63 66 70 76 85 86 96 99
1017 12 15 20 21 28 37 38 45 51 52 56 58 60 61 70 72 78 82 86
1018 0 3 9 19 25 29 32 41 63 64 65 68 73 74 80 81 84
1019 2 3 7 8 16 21 26 29 32 46 55 66 71 74 87 91
1020 0 4 5 7 15 22 23 29 32 33 37 41 42 46 47 48 51 54 57 72 74 82 83 91 92 93 99
1021 15 26 28 33 37 47 49 54 61 64 68 73 77 87 89 91 94 95 97
1022 0 3 9 12 20 22 24 25 29 32 48 54 55 69 70 72 76 77 78 83 86 94 97
1023 0 3 6 11 13 14 16 21 24 25 28 34 37 38 47 63 64 68 69 72 75 76 86 87 95 98
