0 2 10 13 22 26 31 32 40 42 45 50 52 55 56 57 61 71 73 74 80 85 90 97 99 105 106 108 109 122 126 130 134 138 149 154 159 162 164 166 167 180 184 186 192 194 198 224 239 242 245 248 251 256 257 265 266 268 269 271 273 277 278 287 290 291 294 295 306 308 309 311 316 317 320 322 327 329 341 345 348 349 351 352 357 360 366 370 380 387 393 397 402 404 405 406 410 411 414 425 428 430 434 435 440 444 447 449 450 458 459 460 476 485 488 494 496 500 501 506 507 509 510
1 7 9 10 11 22 34 39 41 43 44 52 62 63 65 66 74 75 79 81 83 89 93 96 97 100 105 111 112 113 115 117 120 124 131 132 134 137 143 147 155 160 163 164 173 188 189 195 200 204 210 214 216 218 220 222 227 230 231 232 234 243 248 250 251 255 256 268 277 279 283 290 297 298 301 302 304 305 315 320 323 326 328 339 343 350 355 357 368 370 372 375 379 382 386 390 393 401 404 416 417 425 428 432 439 443 455 462 464 469 480 481 482 485 499
2 0 9 16 20 23 47 59 61 67 68 69 76 104 128 132 138 144 148 163 168 171 174 175 180 181 182 190 198 202 205 216 219 221 225 227 228 230 233 234 239 242 243 246 251 259 276 291 293 294 298 307 309 314 328 329 331 340 344 350 352 356 361 362 368 369 370 371 372 373 375 391 396 398 403 408 411 413 417 421 423 432 441 444 446 458 470 477 478 479 483 488 494 496 497 499 509
3 6 7 11 12 17 20 24 26 33 35 36 44 45 50 54 65 78 79 80 87 90 93 95 96 97 100 106 108 123 129 134 140 148 158 171 186 190 196 197 201 203 210 212 222 225 227 229 240 255 256 263 264 266 267 271 276 278 279 285 288 290 293 294 312 320 340 345 348 349 351 353 368 389 394 396 400 408 411 413 415 419 429 431 433 451 452 456 463 469 472 473 480 482 485 489 490 491 492 499
4 2 14 15 25 31 33 38 40 41 43 46 50 51 57 58 60 64 75 80 82 88 90 91 92 96 97 119 122 124 125 130 131 132 142 143 145 149 159 164 174 178 192 195 198 199 200 212 214 226 235 246 248 261 262 269 273 285 290 291 302 306 307 311 340 342 347 360 361 362 366 391 392 397 399 405 413 421 423 426 428 433 441 443 450 451 454 455 458 478 480 494 502 504 506
5 14 18 20 21 27 29 33 37 42 43 46 49 50 57 60 73 83 93 98 99 103 106 113 126 128 129 131 133 134 138 142 155 163 165 172 174 177 182 185 191 199 204 211 214 222 230 236 238 250 251 254 258 260 261 263 264 266 268 270 272 275 281 285 286 300 302 303 304 309 317 321 322 323 326 330 333 340 342 348 349 352 367 368 370 373 375 376 383 387 388 389 390 391 394 395 406 408 414 416 417 418 425 426 428 431 441 444 456 461 475 485 487 494 497 498 499 504 506 509 511
6 5 12 13 14 18 20 22 23 29 34 40 48 49 54 56 57 63 71 72 83 109 119 125 126 132 133 134 136 142 144 154 156 168 171 174 180 182 184 185 187 195 206 207 208 215 216 224 230 232 238 241 242 246 254 256 258 259 279 281 289 291 298 311 312 313 314 323 327 333 338 340 349 351 360 364 366 374 376 383 384 393 394 398 399 406 416 418 422 423 438 439 443 447 448 452 453 454 459 468 469 471 472 501 504 507
7 4 6 7 9 14 16 19 24 28 31 37 39 44 45 46 48 49 53 71 76 78 81 88 90 100 107 117 119 122 125 127 130 131 132 134 138 155 156 167 170 171 175 177 182 186 193 196 198 204 206 226 229 230 238 240 246 247 253 256 266 268 276 280 283 284 287 294 306 309 322 327 329 331 334 342 345 346 347 352 353 354 356 358 361 362 364 365 366 367 369 373 381 382 384 389 390 391 396 403 407 409 412 416 417 420 437 440 442 447 462 463 470 472 479 480 494 502 503 511
8 0 15 21 22 27 36 43 45 47 49 55 58 67 69 74 82 88 89 90 91 92 94 95 102 104 106 112 114 119 120 126 134 137 145 156 158 163 164 166 168 169 175 177 183 188 193 200 208 212 215 219 227 230 231 233 236 237 241 246 247 248 254 257 260 278 285 294 317 321 322 327 328 334 348 353 358 359 361 371 373 379 392 393 395 407 408 409 410 416 418 420 421 422 426 427 434 436 440 442 443 448 451 452 454 469 475 476 487 488 496 503 504 505
9 10 27 29 35 40 44 45 51 58 64 74 76 78 85 89 91 96 99 102 104 119 123 131 133 139 142 146 148 151 155 157 164 167 169 173 176 177 178 181 183 193 203 205 222 228 231 232 239 244 251 253 255 257 260 270 271 279 280 282 284 288 295 299 305 308 311 328 332 337 356 364 366 369 370 378 396 398 403 407 427 442 445 458 461 469 470 478 481 486 487 488 489 490 494 496 507
10 11 13 17 24 31 34 38 43 45 47 68 74 76 78 80 82 86 87 91 93 108 111 113 117 122 126 135 143 150 153 157 159 162 163 173 178 180 185 194 195 197 201 209 211 217 220 232 234 247 248 264 266 271 279 289 290 292 295 299 300 301 312 315 335 336 341 342 343 344 348 356 360 363 364 366 369 375 394 401 402 407 409 420 421 425 426 427 436 438 443 448 454 459 467 471 472 477 478 479 481 485 486 491 506 511
11 0 6 10 33 39 44 45 57 59 60 65 68 69 70 74 75 77 83 84 85 90 91 92 93 100 101 102 106 108 110 113 116 121 122 138 141 146 147 149 151 152 155 162 164 165 166 167 170 178 179 183 193 198 199 223 233 237 238 239 254 257 262 271 298 303 306 313 321 324 336 339 346 348 351 353 365 370 373 376 381 384 388 399 403 406 410 435 439 441 447 449 453 455 456 457 458 463 485 488 491 492 493 496 498 502 504 505 510 511
12 1 6 19 21 22 23 25 28 30 42 43 45 56 60 66 69 79 81 82 84 88 91 117 118 123 125 132 133 140 146 148 149 152 154 155 156 158 159 162 163 164 168 192 194 215 216 220 225 228 230 234 248 258 260 262 265 270 274 275 277 278 288 307 315 319 331 336 349 355 364 367 371 373 381 382 390 396 397 404 415 422 442 449 452 463 473 480 497
13 16 42 43 49 50 66 69 87 89 98 104 107 116 130 134 139 144 153 155 158 167 170 176 178 184 187 190 194 206 210 216 218 223 226 227 229 233 235 238 265 267 273 275 278 280 283 286 289 303 316 323 336 355 358 362 365 367 368 373 379 380 384 385 387 391 393 394 399 401 404 415 419 425 436 440 448 455 457 464 465 468 474 476 481 482 490 499 504 505
14 8 12 15 19 32 37 48 51 59 63 70 81 83 89 90 91 96 98 111 124 127 133 138 139 141 153 158 160 162 168 169 176 178 189 193 195 196 197 198 206 209 213 216 222 229 230 239 243 248 252 254 257 258 259 268 273 291 298 307 308 310 312 313 323 326 338 340 342 348 351 354 360 361 363 364 366 368 369 372 373 391 396 400 406 413 424 427 434 436 439 441 442 444 446 448 451 454 457 467 473 475 477 482 483 484 485 492 493 507 509
15 3 10 18 20 22 25 27 32 39 51 52 61 66 73 74 75 78 82 88 89 92 100 107 117 123 129 130 134 136 138 140 142 143 148 155 168 183 197 203 212 213 220 223 227 228 232 236 243 252 261 264 266 269 270 274 278 282 290 298 303 306 310 314 315 320 323 333 334 356 361 363 364 369 378 385 393 398 401 417 427 433 442 450 467 483 484 485 486 489 495 499 507 510 511
16 9 20 21 25 26 28 30 31 40 42 46 49 65 66 71 80 92 96 98 104 105 106 110 111 123 141 143 144 145 148 158 173 179 191 193 196 202 213 215 225 238 243 245 249 256 262 266 278 290 291 292 298 299 304 305 315 316 319 325 327 332 335 363 367 370 371 383 384 385 386 387 394 396 400 406 409 410 412 414 416 418 420 433 438 445 454 463 466 468 482 486 490 500 501 506
17 1 5 8 16 17 20 24 25 36 38 44 50 57 63 68 75 78 80 82 83 85 87 88 96 104 106 109 114 116 122 125 132 139 141 145 168 169 170 171 172 176 186 187 191 197 200 209 214 218 233 235 239 244 247 259 260 263 269 277 278 280 284 286 292 294 300 302 303 309 317 345 346 351 353 356 363 370 371 373 385 389 390 393 397 403 409 410 414 418 423 425 428 440 441 442 444 448 449 454 471 476 482 485 501 511
18 2 12 13 15 16 17 19 20 25 26 27 33 35 36 38 40 41 45 54 57 64 70 75 80 88 89 97 99 103 104 109 115 121 123 133 141 154 162 165 168 178 181 183 191 193 194 204 206 209 215 222 245 249 254 258 259 262 263 272 273 275 281 283 285 299 300 319 322 325 326 331 354 357 364 365 366 368 374 377 378 381 383 388 398 399 405 407 414 415 419 427 435 436 437 445 455 463 466 471 474 477 479 487 506 508 511
19 7 14 30 34 43 49 50 53 59 61 65 70 74 77 80 81 84 90 92 96 98 110 148 159 160 166 167 181 195 196 197 210 213 215 216 217 219 229 232 239 249 266 275 280 289 290 294 302 309 312 322 328 330 335 342 343 346 351 355 357 358 359 375 376 382 385 398 402 410 420 426 433 452 458 480 485 489 491 502 505 509 511
20 9 10 15 19 28 39 46 52 67 77 78 85 87 90 93 114 122 127 130 134 135 137 138 145 148 152 164 167 174 182 187 189 190 192 206 210 223 234 238 241 243 246 254 256 262 266 275 280 290 292 298 299 302 305 307 318 332 335 336 337 339 347 367 377 389 391 396 403 428 429 433 445 447 457 459 460 462 464 470 472 476 490 492 493 505 507 508 510
21 3 4 5 8 9 11 17 19 20 23 24 27 34 36 51 54 55 57 63 64 66 67 71 73 78 82 84 90 100 102 103 113 114 118 121 123 146 151 153 159 161 165 168 172 174 178 179 191 192 204 211 218 220 222 226 229 245 250 251 259 262 270 273 285 288 292 295 296 305 306 309 315 316 318 319 321 325 327 330 331 342 357 361 370 372 381 383 388 389 391 399 402 407 409 412 415 419 420 427 429 435 436 451 463 466 467 476 488 503
22 1 9 11 15 21 22 25 26 37 50 51 52 56 60 62 63 77 78 80 81 85 86 88 90 93 101 126 130 140 141 157 161 163 177 184 185 186 195 226 227 228 229 230 233 243 249 255 256 257 260 272 274 279 281 295 304 305 309 313 314 319 322 324 328 330 339 344 347 349 358 360 365 368 378 380 387 394 398 406 414 419 421 425 426 427 430 433 442 444 466 467 468 477 484 485 489 490 493 504 507 508 509
23 1 4 10 14 19 28 32 33 35 36 37 38 43 54 55 56 60 67 71 77 78 80 81 88 90 103 106 110 125 157 160 164 168 173 182 189 194 196 201 206 211 212 217 221 227 228 231 234 237 241 244 245 251 253 254 255 256 257 258 259 274 275 284 288 292 297 303 320 340 343 346 348 366 378 381 384 388 392 395 399 401 402 406 412 417 420 422 430 446 451 463 470 479 481 483 488 489 496 498 502 505 506 509 511
24 4 27 36 37 43 44 48 49 58 70 76 78 90 94 95 99 104 109 111 117 121 126 132 133 142 143 149 157 158 163 166 187 192 199 200 211 230 231 235 243 245 248 254 262 269 271 275 280 281 292 293 296 300 301 303 307 318 319 320 323 331 339 342 343 354 360 365 368 370 371 379 382 385 386 400 403 409 416 428 429 459 464 466 472 479 481 495 502 506
25 1 2 4 11 23 24 25 26 35 38 51 58 79 81 91 94 98 99 103 106 110 120 131 134 138 145 146 148 149 152 155 161 163 164 169 170 171 173 176 185 186 189 209 210 222 225 230 234 237 238 239 244 253 255 260 264 265 267 271 273 277 285 293 302 308 311 321 330 335 341 343 348 350 354 355 357 362 368 371 372 374 382 383 385 388 389 394 401 406 412 413 416 418 423 430 435 436 439 440 441 442 447 451 460 462 471 473 475 477 479 485 490 496 500 503 505
26 1 2 8 10 13 21 22 24 29 30 49 51 62 70 72 73 75 78 82 87 96 98 99 103 112 114 115 137 138 148 159 163 164 174 178 183 184 188 189 192 215 216 221 223 225 226 228 236 247 248 251 257 260 261 264 274 277 284 286 291 293 300 302 303 310 313 316 318 319 320 331 334 335 340 341 347 348 350 353 354 355 357 360 367 372 382 395 415 417 418 424 436 443 446 461 462 465 467 474 476 503 504 510
27 4 6 22 25 37 40 45 48 57 59 61 63 66 73 77 78 84 85 87 94 96 98 104 111 113 118 128 129 133 134 135 139 143 156 162 168 170 172 175 177 178 180 181 183 187 193 204 208 212 213 215 217 220 221 225 240 242 247 248 255 267 269 274 275 277 279 282 283 289 291 295 299 301 303 310 313 323 324 335 339 349 355 356 358 364 366 374 381 387 392 393 400 401 403 405 408 412 413 414 417 422 428 433 440 444 445 453 467 474 485 486 492 496 509
28 2 5 8 12 18 35 38 45 55 66 67 76 77 82 86 94 101 109 110 116 120 124 136 142 143 148 160 167 176 179 185 187 191 192 194 203 207 214 215 216 220 225 228 234 238 239 251 258 259 261 263 266 267 277 289 293 300 303 306 311 314 318 325 327 340 341 344 354 356 359 363 382 387 400 414 417 423 426 434 447 457 458 461 469 478 479 490 511
29 4 12 20 24 32 34 37 47 59 62 67 72 74 75 76 78 86 87 88 89 93 103 106 112 116 120 126 128 136 146 152 156 162 163 168 171 177 181 183 190 194 205 206 208 209 213 214 219 220 221 222 223 232 236 250 252 261 267 276 278 279 282 283 284 285 292 302 304 313 325 328 333 335 350 354 355 358 359 366 369 373 374 379 390 391 394 406 408 415 416 425 432 433 434 448 452 461 471 476 480 484 485 486 495 497 504
30 0 2 14 24 27 28 33 36 38 41 42 49 58 60 63 65 67 77 79 81 88 89 94 98 101 105 106 115 122 123 124 130 131 134 141 145 146 156 163 177 182 185 199 203 205 206 207 208 218 222 232 233 235 238 239 255 256 259 260 267 268 270 273 283 285 291 295 300 306 315 321 327 337 350 351 352 353 358 364 371 376 384 405 406 407 414 415 420 422 423 437 440 446 450 451 454 461 465 472 476 477 481 487 490 496 502 504 511
31 7 15 24 26 27 28 34 35 44 57 60 65 72 73 76 77 81 84 86 87 88 91 100 106 111 114 116 119 122 129 138 144 148 149 151 152 153 154 156 166 173 181 190 195 196 198 199 201 205 208 212 216 223 227 233 248 250 251 254 257 262 275 277 278 281 300 306 312 318 320 324 325 326 333 334 341 345 349 351 353 369 373 375 377 379 381 383 392 396 404 412 413 420 424 427 432 435 441 456 458 460 461 466 469 475 485 489 495 496 500
32 6 13 14 22 29 33 35 44 52 55 57 60 69 70 73 76 79 81 85 93 96 98 102 104 109 112 120 127 132 138 143 146 149 151 152 158 162 163 170 172 173 175 178 179 180 184 191 194 196 208 210 218 219 225 229 234 235 241 245 246 247 251 254 255 258 263 266 274 280 284 288 295 304 307 315 318 321 322 325 327 329 335 336 344 348 350 365 366 374 381 391 392 402 404 405 407 409 413 420 424 426 432 434 441 448 451 460 462 468 473 474 476 482 483 504 505 510
33 1 9 16 19 20 21 31 34 44 47 49 55 60 64 65 69 71 74 85 86 99 104 112 115 117 121 123 128 130 134 147 148 153 162 164 178 179 183 193 195 196 211 217 220 221 226 228 229 232 239 252 253 257 259 261 263 270 271 273 275 279 293 295 298 312 313 320 323 326 338 343 346 348 351 362 363 364 369 372 373 374 378 379 382 385 390 401 408 413 417 421 424 426 434 435 437 438 445 447 448 452 455 462 470 472 475 489 493 494 496 502 504 508 511
34 1 8 15 16 19 24 25 27 28 41 42 44 45 51 60 79 82 83 99 102 104 108 109 112 118 122 131 132 137 139 152 154 155 169 173 175 178 181 185 186 194 202 220 225 232 238 239 241 242 248 264 271 272 285 286 290 296 300 302 303 309 310 333 334 335 336 337 340 345 347 354 355 370 378 379 390 395 398 407 409 410 413 415 420 431 434 445 447 449 451 452 457 462 464 468 471 478 480 481 496 497 500 505 508
35 7 11 13 14 15 21 24 29 36 46 51 56 68 71 72 73 106 108 116 140 141 144 155 166 168 169 177 180 188 190 196 197 200 202 203 205 211 212 214 217 220 232 245 249 250 257 259 260 262 263 266 268 270 273 274 279 284 296 298 317 318 320 323 329 335 336 337 344 352 368 369 374 386 396 397 401 407 420 435 437 438 447 453 458 470 471 473 481 488 494 497 505
36 0 4 8 20 24 28 30 41 42 49 56 57 58 61 70 73 75 78 80 82 84 85 87 91 93 99 105 116 117 122 124 132 133 142 143 152 156 159 168 173 174 177 179 186 187 191 194 197 205 210 213 221 222 224 230 233 239 249 253 260 261 262 271 273 276 277 278 281 284 288 291 296 307 311 319 336 339 340 345 346 348 353 370 375 376 377 383 384 386 397 401 403 404 411 415 418 419 426 428 431 443 445 455 456 457 463 465 467 470 471 475 477 479 485 491 496 497 498 500 507 509 510 511
37 10 12 15 18 23 28 39 45 59 60 68 69 71 72 80 86 93 121 126 131 134 143 147 163 174 175 178 179 201 202 223 225 232 233 234 235 236 239 240 242 243 249 255 256 258 261 273 275 277 283 285 288 290 296 297 300 312 322 342 344 348 349 353 365 371 372 373 376 377 380 398 400 410 414 415 416 423 429 431 436 438 445 459 461 466 469 471 472 477 478 481 506 507 509 511
38 2 13 16 19 34 35 40 48 54 55 60 63 71 85 100 103 114 115 118 121 128 132 137 145 148 151 152 157 167 176 180 181 182 184 185 195 201 210 211 216 225 228 231 232 235 241 242 244 245 248 251 260 261 268 271 286 291 292 294 302 305 312 325 328 334 340 348 354 359 365 366 368 374 383 384 394 401 408 413 415 428 433 438 448 459 463 464 471 477 478 481 483 487 497
39 1 9 23 25 29 36 48 60 61 64 71 73 83 90 98 102 106 108 112 113 114 115 119 120 122 123 125 128 137 138 140 145 150 152 163 175 176 180 182 184 190 191 198 209 219 226 227 231 238 241 244 245 247 249 255 259 262 264 265 269 270 273 274 278 279 302 306 309 310 315 320 327 328 338 343 352 353 358 362 367 368 374 375 379 383 388 389 390 391 393 408 412 417 418 433 438 439 453 454 458 470 471 472 476 477 482 489 491 497 500 502
40 6 11 14 22 29 34 35 37 52 63 70 74 75 85 92 93 103 104 105 110 132 141 151 166 170 174 179 190 199 200 201 215 225 232 237 247 250 251 253 254 256 263 264 266 283 289 301 304 325 330 333 354 358 363 365 367 371 376 377 380 391 393 396 401 404 412 414 416 427 428 432 440 459 463 464 467 468 471 473 476 482 483 485 486 487 488 493 500 506 507 510
41 2 9 17 21 22 27 29 34 56 66 68 76 85 87 99 102 109 111 122 125 126 129 133 135 138 139 154 159 160 161 164 184 189 191 193 201 203 204 210 214 216 230 234 235 236 247 248 250 256 262 268 269 270 271 273 276 280 283 285 288 289 296 303 305 310 315 320 323 324 328 337 339 346 356 359 382 404 405 407 409 412 421 424 425 426 428 436 450 458 471 473 479 482 486 488 494 498 501 505 508 509 510
42 0 1 2 3 4 26 33 40 45 60 68 72 73 78 82 85 88 89 93 94 97 103 106 108 109 110 118 120 126 136 140 142 153 157 159 161 165 174 183 191 194 198 202 210 211 214 219 221 222 226 227 240 242 248 249 252 254 260 266 268 271 274 295 296 301 316 319 322 327 334 340 344 345 346 355 357 359 366 368 370 371 372 373 374 375 377 378 384 401 405 410 413 414 416 417 419 427 438 440 441 443 451 455 457 465 466 468 473 477 478 483 487 489 493
43 6 9 10 14 18 25 26 41 51 55 61 63 73 74 76 77 82 87 97 106 107 110 112 113 123 126 127 132 133 138 139 141 146 160 165 171 172 178 192 194 195 204 208 213 219 221 224 226 229 230 244 245 247 248 251 257 266 267 272 278 282 285 288 289 292 293 297 299 300 303 305 312 317 319 321 330 331 332 333 334 335 337 339 340 343 346 350 351 366 367 371 372 382 383 392 409 417 430 440 446 452 454 461 462 463 469 470 472 474 476 483 489 503 504 505
44 3 4 14 25 30 36 41 45 46 47 48 54 63 66 67 68 73 76 79 81 82 83 89 92 93 97 99 105 112 115 117 119 123 124 126 127 130 131 134 137 138 139 141 150 155 169 170 173 175 177 184 186 189 194 198 207 213 220 231 236 243 247 263 266 268 270 282 288 291 296 304 307 317 321 322 325 335 337 339 345 356 366 369 370 372 380 401 404 405 409 410 412 414 419 430 441 448 459 465 468 472 480 483 488 496
45 6 11 20 21 24 31 34 54 56 65 68 69 71 79 87 91 94 98 110 111 115 119 127 136 139 153 156 157 158 162 175 177 190 197 198 201 202 207 219 228 233 237 240 246 248 254 260 266 284 289 290 299 301 306 313 316 317 323 328 329 339 342 343 344 348 349 351 376 377 378 384 385 398 405 409 414 428 431 448 457 458 461 464 469 471 478 486 491 499 501 504 505 506
46 4 14 22 28 42 49 52 59 60 64 65 78 90 92 93 99 101 107 108 111 116 120 124 126 127 134 145 146 159 164 168 174 177 180 182 192 206 208 213 224 230 237 239 242 257 258 263 264 265 271 274 281 288 314 318 327 330 335 337 340 343 349 354 355 357 361 365 371 374 377 382 387 388 390 393 400 410 413 416 419 433 436 441 447 450 455 458 465 469 470 472 482 484 486 493 494 496 497 498 507 510
47 15 19 22 24 26 44 51 70 72 73 77 85 92 95 99 103 105 107 116 118 120 122 128 135 140 145 146 161 162 181 193 200 201 202 209 213 221 223 230 234 240 241 254 257 263 267 268 279 280 285 290 298 302 309 317 320 325 327 330 331 332 334 337 346 360 370 375 378 379 391 399 409 410 418 419 424 427 445 447 454 458 464 465 469 475 476 478 480 481 491 505 511
48 3 4 13 14 18 29 31 39 43 51 52 57 61 65 70 73 74 80 86 87 89 99 103 122 127 130 132 137 143 147 155 169 172 182 185 206 210 211 215 219 222 228 234 240 242 248 251 254 257 265 266 268 272 276 279 285 291 301 303 309 321 324 327 331 333 339 348 351 358 360 366 369 370 374 391 396 400 412 413 419 434 436 442 445 447 452 458 462 464 469 471 490 495 506 507 509 510 511
49 5 10 11 15 28 31 45 46 47 51 65 68 74 76 80 86 92 98 106 129 134 138 145 151 160 164 168 172 179 190 192 198 207 215 216 219 241 250 253 255 268 270 279 280 281 285 286 293 300 302 303 313 331 332 334 341 357 375 393 396 411 412 415 423 426 431 436 443 446 452 454 457 462 467 469 471 477 487 491 494 495 506 507
50 1 2 9 10 12 14 20 22 24 37 39 43 45 53 56 61 67 85 93 95 97 101 103 106 112 116 117 124 128 134 143 147 148 151 154 155 169 183 188 194 195 196 199 201 204 208 209 210 213 218 229 231 234 241 254 257 266 267 269 272 288 292 301 306 310 315 324 325 327 333 334 344 355 358 359 362 363 366 369 370 375 376 377 378 383 385 395 397 401 404 409 410 411 412 413 421 428 433 442 445 450 459 462 463 481 482 501
51 0 4 5 9 11 12 13 20 22 28 33 38 43 51 63 71 81 84 89 100 105 107 111 112 120 126 128 137 150 157 158 162 164 170 172 175 189 191 193 194 208 223 229 230 233 238 253 255 258 259 263 273 280 283 285 302 303 307 310 314 332 348 352 358 362 363 365 371 372 387 395 396 398 399 409 411 414 423 424 432 433 440 444 446 449 469 477 484 486 489 496 500 505 506 507
52 4 12 17 22 24 36 43 47 61 68 81 84 87 93 97 104 105 108 111 112 124 127 132 145 161 167 170 191 196 197 200 201 202 209 216 231 235 243 245 250 252 253 255 262 270 273 276 278 281 282 285 292 293 298 299 305 311 315 317 332 334 338 345 351 360 362 367 370 371 378 381 385 389 391 393 395 405 411 415 433 440 447 451 453 461 463 465 466 469 473 485 493 498 501 502 508
53 0 2 6 10 12 13 18 22 24 30 34 35 44 45 49 52 55 56 57 58 63 68 74 75 84 86 91 93 94 103 106 110 114 119 122 158 161 167 184 195 205 209 212 215 216 221 232 237 243 246 251 259 269 272 273 283 287 292 301 302 310 318 330 337 342 343 356 359 360 367 371 376 377 398 402 409 412 426 435 444 446 449 456 457 463 464 467 471 472 476 480 486 502 505 507 510
54 3 9 11 19 20 22 29 30 32 40 43 52 58 59 68 69 73 75 80 84 90 91 93 94 106 107 115 116 124 131 138 144 148 153 156 159 163 166 167 169 172 180 181 185 189 191 196 215 221 222 232 234 236 237 248 267 271 273 274 280 285 287 294 298 299 317 320 322 337 340 343 347 356 359 360 361 381 382 383 387 389 392 394 396 410 421 424 433 437 438 440 442 444 446 447 454 461 465 466 472 476 479 486 494 498 500 501 503 510
55 0 1 4 5 7 8 9 11 25 27 31 37 38 39 46 49 51 54 56 58 63 64 76 79 101 106 109 112 127 144 146 147 150 159 162 164 168 172 186 199 200 203 215 219 227 228 232 238 243 245 248 253 263 267 276 279 298 299 301 302 305 323 347 348 349 351 355 362 364 365 372 375 388 393 399 405 410 412 414 415 432 442 443 453 457 469 470 471 484 491 492 495 499
56 6 7 13 20 22 29 31 43 44 45 50 52 64 71 80 85 91 92 96 107 113 114 116 123 124 129 133 143 150 151 159 162 165 177 181 191 193 204 210 217 221 228 231 233 236 241 255 273 277 282 286 289 291 307 318 320 322 324 326 332 337 338 357 376 379 393 394 402 413 416 418 420 436 440 442 446 447 448 459 469 472 490 493
57 3 17 23 24 30 31 34 35 42 46 47 49 50 72 75 77 81 84 86 87 92 97 100 111 113 116 120 121 127 128 129 131 140 141 148 151 153 162 171 179 180 184 186 188 190 200 208 210 217 220 230 233 234 240 242 243 244 258 267 271 285 290 293 309 311 321 322 324 329 337 343 347 352 359 366 367 370 371 378 381 382 386 387 392 394 401 402 407 411 413 414 423 424 426 429 439 441 443 444 449 450 453 455 468 487 497 505 508 511
58 15 27 34 36 39 45 48 52 53 56 57 60 64 68 69 71 78 80 82 85 91 92 96 98 99 103 104 113 120 128 129 131 134 137 138 143 147 150 160 162 163 165 167 171 181 182 188 196 205 210 215 219 236 241 246 247 249 255 258 259 275 277 279 292 294 297 298 299 303 304 311 328 330 331 332 333 359 366 377 385 387 388 398 401 405 420 425 428 435 437 439 441 458 459 460 462 471 476 482 483 493 499 500 503 507
59 2 14 21 23 24 29 30 36 38 44 46 55 56 71 75 76 82 85 87 88 89 95 100 111 117 118 120 134 142 144 149 150 153 165 176 178 189 195 197 211 214 217 222 225 232 233 239 240 247 248 249 253 258 273 276 280 281 285 288 290 296 309 320 329 335 336 343 345 357 358 360 378 388 389 401 403 404 406 408 441 447 461 464 465 470 481 482 485 491 497 510
60 5 6 8 15 16 17 28 35 37 44 50 51 57 60 61 64 67 68 71 72 79 82 92 94 102 104 105 106 110 114 115 118 124 126 135 138 141 143 144 145 151 155 158 174 175 177 178 189 192 197 202 221 224 227 230 241 247 251 252 265 271 272 277 279 281 284 288 298 301 305 318 321 322 325 331 333 334 339 342 345 354 360 361 363 370 375 383 385 399 401 404 406 418 432 438 447 460 463 464 466 470 476 480 481 484 488 490 493 504 510
61 0 1 4 6 12 14 20 21 23 26 27 28 30 34 36 46 52 56 57 74 75 80 87 96 99 104 105 111 116 122 123 125 131 136 141 142 148 152 154 157 163 168 171 173 175 185 186 192 200 201 213 216 228 246 247 266 272 275 276 293 295 298 303 310 313 314 315 318 326 328 333 341 342 344 348 356 363 368 372 380 381 386 387 388 392 393 403 406 408 413 420 424 433 435 437 445 450 451 457 466 467 470 478 483 484 494 496 497
62 0 1 12 14 17 28 30 34 37 38 45 47 51 58 59 66 68 73 76 77 84 89 94 98 99 105 106 108 109 119 120 126 136 141 146 163 165 173 177 180 181 182 185 190 191 194 201 202 221 229 233 246 249 265 272 275 284 294 295 296 299 301 311 315 324 337 338 348 352 359 360 367 369 371 374 380 385 391 394 400 401 403 413 414 417 420 421 422 426 427 433 437 438 446 461 467 478 479 495 500 501 502 505 506 508
63 26 29 35 36 37 42 55 62 65 77 79 95 97 99 115 117 128 131 134 135 139 141 142 144 148 166 179 182 184 191 193 196 205 207 211 215 219 221 224 231 239 246 257 260 264 267 268 270 273 283 295 304 306 307 310 311 316 322 326 329 332 336 341 348 359 363 367 372 375 376 382 386 389 396 403 430 436 438 440 441 451 452 455 477 480 484 485 488 490 491 499 500 507
64 0 2 5 11 12 16 23 28 38 39 42 51 52 54 57 65 67 69 72 81 89 94 98 100 101 109 111 112 113 116 117 123 125 127 134 136 138 140 141 145 153 156 165 166 172 173 174 180 181 184 186 195 197 199 212 217 219 226 236 239 243 244 254 258 259 260 261 269 280 282 285 289 307 315 316 325 327 337 340 345 351 354 357 358 359 365 370 373 382 385 387 388 395 400 403 409 424 427 430 431 444 446 447 451 454 456 460 464 467 468 488 495 499 500 504 505
65 6 16 24 39 41 61 62 65 69 72 74 75 77 87 89 103 106 109 110 112 123 124 125 128 129 131 134 136 138 139 142 144 153 159 163 172 175 182 185 192 193 197 199 203 206 212 217 223 237 238 240 257 264 266 268 272 278 306 322 324 326 339 340 342 345 347 351 352 354 357 358 360 363 367 381 382 390 393 403 416 418 422 424 427 431 433 435 441 442 451 456 460 461 465 488 491 496 509
66 5 12 21 25 28 30 32 43 47 53 55 63 67 80 87 98 100 103 108 109 113 116 120 122 125 127 130 131 132 137 140 141 144 145 146 147 151 169 171 174 179 180 189 190 192 194 196 200 206 210 211 216 218 222 223 234 236 244 248 253 263 264 276 280 283 286 293 311 312 330 334 337 338 345 349 353 370 376 384 388 398 403 412 414 425 431 432 435 443 456 461 468 476 485 490 494 499 507 508 509
67 1 8 13 24 37 38 39 40 41 42 44 59 66 71 76 77 78 80 83 96 98 106 112 116 118 123 126 138 142 157 161 162 173 184 188 195 199 204 207 231 237 242 243 248 249 259 262 267 277 285 289 291 307 308 318 319 322 323 333 334 338 357 359 363 368 374 377 380 385 401 403 416 424 427 430 432 454 456 457 461 470 478 488 493 497 503
68 1 6 8 12 17 21 23 24 39 40 50 58 60 61 64 67 71 74 78 84 86 96 101 117 118 135 151 154 157 159 168 169 171 184 185 192 193 196 204 219 223 233 237 247 248 249 254 265 266 268 275 280 284 285 288 292 299 314 315 317 320 326 327 328 331 333 352 355 374 381 387 390 393 395 396 401 405 406 407 410 416 418 443 453 456 458 462 464 468 474 480 481 487 494
69 5 8 9 16 17 20 21 23 28 32 33 35 38 40 43 47 51 52 71 72 75 76 78 91 97 99 100 110 115 122 132 133 136 144 151 152 155 160 162 165 166 176 177 179 182 184 185 190 191 199 201 209 211 212 217 221 223 226 233 244 247 248 254 269 272 274 281 284 286 293 303 309 315 316 318 319 321 324 326 327 328 330 332 334 339 342 344 355 364 378 384 388 401 404 405 408 409 416 442 450 458 463 466 468 469 472 484 492 494 499 501 508
70 2 5 13 14 16 21 29 33 43 45 58 59 60 61 69 70 73 79 84 85 90 92 102 110 111 116 118 124 125 129 139 146 148 154 170 173 175 193 199 200 208 222 223 224 225 228 230 233 241 249 250 259 260 266 276 283 288 290 296 306 307 312 328 342 344 357 361 369 375 376 378 387 390 391 397 398 400 415 417 427 429 437 442 444 446 447 449 451 452 454 458 461 462 470 473 476 494 495 499 500 503
71 1 5 6 23 24 26 29 30 38 40 49 52 54 55 58 69 71 73 74 78 79 83 84 89 90 91 106 109 120 123 124 132 133 139 145 150 152 161 162 169 172 175 181 186 196 210 224 226 228 233 235 246 262 265 271 278 288 308 318 325 326 328 329 330 334 336 337 338 344 348 352 357 360 364 368 387 389 390 393 402 404 405 408 411 412 414 416 422 426 429 439 446 447 450 452 470 474 476 480 493 498 507 509
72 6 10 13 22 30 32 53 56 60 64 75 78 80 87 89 91 96 99 105 121 133 136 138 139 143 146 152 158 160 166 170 171 174 180 186 193 196 198 205 206 212 214 231 244 246 251 254 257 262 264 273 274 285 291 294 295 296 304 305 315 322 326 331 332 333 342 343 345 347 348 355 360 361 362 364 373 375 387 391 398 403 408 410 411 412 420 430 433 435 437 442 446 456 457 464 477 478 483 488 492 501 505
73 0 5 7 12 13 19 22 35 36 41 43 51 56 57 60 62 66 72 84 89 90 106 108 114 118 124 125 134 145 146 147 157 165 166 181 200 205 206 210 220 222 223 228 233 234 237 243 245 262 267 278 286 287 288 289 292 297 303 305 307 308 311 316 318 319 322 326 331 333 341 342 343 344 352 353 357 360 362 364 375 391 399 406 407 409 417 419 421 426 427 432 437 439 443 467 482 487 488 490 493 503 504 507 509
74 19 29 37 41 42 61 63 64 68 75 78 81 94 96 97 113 118 124 132 137 138 143 147 150 153 159 163 168 175 179 181 183 185 203 216 217 218 223 225 229 238 241 248 251 253 254 259 261 263 265 270 271 276 277 278 279 284 288 290 294 297 301 303 306 310 312 320 326 330 335 336 337 338 340 343 345 348 365 371 372 379 380 390 393 397 400 409 419 422 423 430 432 437 439 440 451 462 467 475 482 490 491 496 502 510
75 5 6 9 11 21 34 43 45 46 49 52 54 57 72 73 75 82 83 85 93 97 103 109 113 114 116 118 129 132 134 141 142 147 153 159 172 184 193 212 222 223 227 232 233 234 240 244 255 260 266 274 281 282 283 291 296 298 299 300 305 307 311 313 326 343 346 347 354 365 374 377 389 391 397 403 405 408 414 419 425 426 432 433 436 444 445 446 449 451 454 458 460 468 473 477 478 486 487 492 502 505 510
76 3 13 16 19 23 24 33 38 40 45 46 47 62 69 75 78 91 92 97 98 106 110 123 132 141 145 146 147 148 150 160 163 166 170 171 178 179 183 185 188 191 198 201 211 212 216 222 229 231 246 249 251 256 263 264 265 269 275 276 279 282 289 294 301 304 307 309 310 313 317 321 323 333 343 344 346 347 350 351 352 359 361 362 366 368 371 381 382 385 389 392 409 416 420 422 427 442 447 451 454 464 466 468 470 476 479 494 507
77 0 2 10 20 21 23 31 37 40 42 43 45 47 53 56 66 71 72 75 78 79 85 88 92 106 108 111 119 126 127 131 135 137 141 143 156 161 162 166 168 180 183 188 190 195 196 201 203 207 210 215 218 224 228 229 232 244 247 252 262 263 278 281 284 285 291 293 311 314 318 319 320 325 336 337 341 343 350 356 358 360 368 371 375 378 410 417 424 449 452 453 455 461 462 463 466 470 498 502 504 505 507 511
78 0 23 34 35 47 49 65 69 73 90 91 98 99 106 108 118 119 130 134 136 146 154 162 165 166 170 171 175 178 179 183 186 187 194 203 210 216 221 224 225 232 235 241 252 253 272 278 279 289 290 293 298 300 301 303 307 310 312 322 334 339 344 364 370 374 375 377 381 385 388 390 391 399 410 418 421 441 442 443 446 450 462 464 474 487 490 497
79 1 9 12 18 25 28 31 32 46 52 53 58 63 70 79 84 86 88 89 90 92 99 101 108 110 114 118 119 122 128 132 133 137 140 141 143 149 152 158 180 185 190 194 196 205 206 212 215 217 218 220 223 225 229 237 246 261 263 264 269 271 278 279 280 284 288 289 292 294 296 299 312 319 325 326 328 331 332 338 356 358 380 391 398 402 409 415 438 440 447 457 473 484 489 495 498 500 505
80 0 4 9 14 17 36 41 45 54 57 65 69 70 76 81 84 103 105 111 120 121 126 127 128 137 145 149 150 151 152 156 160 162 167 168 174 179 181 182 188 190 191 196 198 199 223 225 227 236 240 242 245 261 262 268 271 287 288 294 299 301 303 304 306 307 319 321 325 327 337 339 342 348 353 355 357 360 366 367 368 371 379 380 398 412 415 416 423 431 435 439 447 448 472 473 477 479 484 501 503 508 511
81 2 10 11 12 23 31 35 49 56 66 69 74 75 77 78 80 81 82 92 95 99 101 102 106 113 114 115 117 120 123 134 136 137 140 153 154 155 160 167 171 175 187 193 197 199 201 205 209 213 219 221 226 250 260 269 274 279 281 287 289 292 315 317 318 319 321 323 340 341 344 352 353 355 360 361 363 375 381 384 400 415 416 418 419 427 428 431 435 437 450 462 467 468 472 478 483 489 493 496 506 510
82 6 8 9 10 16 19 25 29 39 46 50 67 72 74 75 81 90 98 100 101 102 104 113 117 118 121 123 128 133 134 136 137 138 147 153 159 160 167 171 176 180 189 201 202 204 209 215 225 235 236 252 269 289 294 295 298 307 310 312 319 323 327 336 337 338 346 348 353 354 359 361 364 374 400 401 405 411 430 451 455 462 463 467 470 475 477 479 483 487 494 496
83 1 4 6 7 12 16 28 49 52 54 67 72 73 83 86 92 94 100 104 118 127 128 133 134 145 147 151 157 163 169 184 186 194 197 200 205 212 213 215 216 221 228 231 235 237 238 240 241 243 245 246 250 261 275 278 280 287 298 300 303 321 329 332 333 334 335 338 339 340 351 354 366 369 373 389 390 394 397 400 415 419 424 428 435 437 438 440 450 454 456 465 468 470 483 488 497 502 503 505
84 2 10 13 18 29 39 46 48 50 56 59 60 70 80 87 88 94 96 98 106 113 115 117 126 138 145 147 152 159 163 177 185 198 207 208 211 212 224 228 233 234 240 244 253 262 264 266 267 274 278 279 281 283 294 298 299 315 316 320 323 356 364 367 368 370 374 379 380 381 384 385 387 388 394 405 412 413 418 419 420 425 440 442 443 447 460 461 465 466 467 471 482 486 490 493 495 496 497 498 499 500 502 508
85 3 4 10 11 14 17 23 29 32 34 53 55 61 65 72 73 92 96 100 112 126 135 136 137 142 143 144 149 150 156 167 168 170 174 176 177 178 179 183 186 212 216 218 220 222 231 232 238 242 258 262 265 267 268 269 273 274 280 292 294 302 306 309 310 312 319 329 330 332 348 353 370 374 377 380 382 383 390 396 401 404 408 410 426 438 442 445 447 452 462 463 468 469 472 473 475 478 480 486 488 492 496 508
86 2 6 9 14 17 21 24 29 31 41 45 51 52 56 72 77 80 83 88 90 94 96 115 116 120 122 127 141 142 144 145 146 147 153 154 162 163 164 168 170 177 180 181 184 186 195 196 201 204 212 220 221 224 229 249 254 256 264 276 277 278 279 280 284 289 291 302 305 320 321 322 335 336 342 346 350 356 358 361 365 370 375 378 390 393 420 423 424 425 433 439 449 452 462 482 484 485 490 492 493 494 497 498 499
87 5 12 18 24 32 36 46 49 61 63 67 71 74 77 82 85 96 97 100 106 121 124 132 134 135 142 148 153 162 164 169 176 178 180 184 190 205 206 210 211 214 216 221 223 227 228 234 241 259 263 267 270 276 279 289 291 302 306 307 309 310 314 316 319 326 330 335 337 339 341 345 347 356 363 364 367 370 382 388 392 396 403 406 423 427 429 432 453 454 455 473 488 503 505 507 508 509 510
88 1 7 12 16 21 28 31 34 45 46 50 52 66 68 69 71 77 78 85 92 97 101 123 129 132 137 139 140 142 157 158 165 167 175 178 189 193 204 209 223 226 237 239 240 248 252 255 261 263 270 271 273 282 290 298 302 309 315 326 333 334 339 340 344 346 351 353 356 372 376 378 383 388 393 399 404 410 412 421 429 431 438 443 444 448 453 455 457 465 467 470 471 474 480 487 493 494 502 504 509 511
89 10 16 18 23 33 34 39 42 59 72 74 75 78 79 89 92 93 111 113 117 118 119 122 124 134 145 148 159 165 167 168 171 173 186 190 194 203 206 207 209 213 214 215 220 224 227 231 235 239 241 246 249 252 267 274 291 294 295 300 312 314 320 324 331 342 344 345 350 371 374 377 381 385 386 388 392 404 407 413 419 421 423 426 432 437 438 441 445 451 455 458 459 461 467 469 470 476 483 490 492 498 500 501 506
90 0 1 13 16 17 20 21 25 27 49 58 59 62 63 64 75 76 79 82 84 85 86 94 97 104 119 129 133 137 146 147 152 154 184 188 193 194 196 200 202 210 211 215 218 219 220 234 238 244 252 254 255 261 266 270 275 276 291 292 303 305 315 325 332 335 361 365 367 372 386 393 398 399 403 404 414 415 430 431 433 436 447 458 463 467 480 485 488 489 490 493 497 500 501 504 509 510
91 1 9 13 16 21 23 27 31 32 34 36 39 45 48 49 51 61 74 76 80 82 99 100 121 123 127 132 133 139 144 147 156 160 161 167 169 172 174 180 183 188 213 233 237 240 255 261 269 275 277 278 296 297 299 301 302 303 306 307 310 311 312 313 314 316 317 318 325 333 339 362 366 371 377 381 394 397 406 407 411 413 418 419 421 429 430 431 444 446 448 449 451 452 458 462 474 476 477 485 487 495 496 508 511
92 1 4 11 15 18 19 26 40 41 52 55 59 60 65 68 69 80 86 92 93 105 110 114 122 125 135 142 145 149 154 155 158 159 165 167 170 182 183 186 193 195 198 202 210 212 214 215 219 222 225 228 229 231 233 237 241 250 254 257 264 267 268 271 282 294 295 299 302 314 315 316 323 325 330 331 332 334 336 340 350 354 356 362 365 374 377 385 410 422 427 436 437 441 450 457 458 461 466 467 478 479 481 483 485 491 493 499 505 508 510
93 4 7 21 35 37 38 39 47 49 51 61 63 65 66 82 88 89 108 111 115 116 122 140 143 147 148 149 150 160 164 179 189 199 202 212 213 225 229 233 234 239 244 253 256 258 261 263 271 273 275 285 286 289 293 301 307 314 316 321 322 326 327 330 333 334 340 342 344 346 349 353 358 363 368 373 376 380 387 390 392 393 402 414 416 420 422 427 433 436 457 459 460 461 471 490 496 510 511
94 1 3 6 7 9 12 18 25 28 29 31 34 43 49 50 51 70 71 75 76 81 93 95 96 97 104 108 111 116 124 135 136 165 167 169 181 182 184 186 191 201 206 209 213 216 224 233 246 250 251 252 255 256 257 258 265 266 267 270 272 273 292 300 302 303 304 306 323 326 335 336 343 344 361 362 370 371 372 373 381 383 394 396 402 403 405 409 411 430 435 439 448 449 470 486 489 494 498 499
95 11 14 20 24 34 37 40 43 47 52 54 58 62 76 87 88 90 93 95 118 119 121 128 129 130 131 150 152 156 160 162 166 175 183 184 193 195 199 201 202 211 215 221 223 234 235 238 242 243 247 248 253 256 263 264 267 272 277 279 296 299 314 317 329 333 340 342 351 354 355 361 364 366 370 378 396 397 407 426 427 428 433 447 451 452 457 460 463 465 468 483 498 507 511
96 2 3 12 14 18 24 30 44 47 55 61 72 77 79 81 83 84 87 93 95 101 102 112 113 116 120 123 134 135 137 143 155 159 161 164 173 175 179 181 184 195 196 200 203 205 207 228 234 237 239 259 263 266 278 280 289 291 294 297 298 304 305 306 307 312 322 327 332 341 342 349 351 358 368 378 380 383 391 400 403 404 405 410 414 424 454 466 468 476 485 486 491 492 502 504 507 509
97 0 2 9 12 18 24 25 32 36 42 46 54 63 65 76 77 81 90 97 99 113 117 120 126 129 131 138 140 144 148 157 162 170 188 193 194 197 212 214 224 231 233 236 237 245 248 256 258 262 264 270 276 277 278 287 290 295 299 307 313 318 319 322 327 331 333 334 337 342 345 349 353 356 358 360 364 369 373 375 389 391 393 400 407 420 429 430 433 437 438 441 444 446 452 455 457 461 463 467 470 475 480 481 483 492 495 508
98 4 5 16 19 24 27 33 41 53 54 55 64 67 75 88 97 103 108 111 130 131 132 141 143 145 158 160 164 170 177 181 186 190 191 195 196 204 227 228 235 236 238 253 254 258 259 260 264 266 268 272 275 282 290 294 298 306 307 311 313 320 333 337 339 344 346 350 356 364 365 368 373 375 381 389 393 397 399 408 412 417 425 429 439 440 448 452 453 455 458 464 466 482 485 489 493 494 496 498 505
99 2 4 7 8 36 38 42 52 56 59 61 63 69 71 74 80 86 89 94 96 103 105 106 108 109 110 112 113 123 124 127 129 134 135 143 154 156 158 168 179 181 184 187 188 194 196 197 200 204 209 210 212 215 235 237 253 257 259 260 265 266 267 269 272 274 277 282 289 298 302 303 305 306 310 314 316 328 329 332 357 359 364 368 374 378 379 381 387 389 390 392 393 395 396 409 415 424 425 427 428 429 437 439 443 448 452 454 462 464 465 475 478 494 495 496 498 506 508
