0 15
0 16
0 17
0 18
0 19
0 21
0 22
0 23
0 24
0 26
0 28
0 29
0 30
0 33
0 34
0 36
0 38
0 39
0 40
0 43
0 44
0 46
0 47
0 53
0 64
0 65
0 66
0 68
0 73
0 75
0 80
0 81
0 88
0 94
0 99
0 102
0 103
0 104
0 107
0 112
0 113
0 114
0 117
0 119
0 120
0 128
0 129
0 132
0 144
0 147
0 149
0 153
0 156
0 164
0 173
0 176
0 185
0 187
0 207
0 209
0 240
0 246
0 251
0 253
0 254
0 255
0 256
0 257
0 259
0 268
0 271
0 272
0 278
0 283
0 289
0 291
0 301
0 310
0 316
0 319
0 321
0 328
0 331
0 333
0 342
0 355
0 361
0 370
0 371
0 377
0 379
0 390
0 392
0 410
0 413
0 418
0 419
0 424
0 427
0 435
0 442
0 446
0 451
0 452
0 475
0 494
0 505
0 509
1 15
1 16
1 17
1 18
1 19
1 20
1 22
1 23
1 25
1 27
1 34
1 35
1 41
1 42
1 44
1 46
1 51
1 53
1 54
1 57
1 66
1 69
1 79
1 80
1 81
1 84
1 86
1 88
1 97
1 99
1 102
1 113
1 127
1 142
1 145
1 150
1 152
1 154
1 157
1 181
1 184
1 185
1 202
1 206
1 214
1 215
1 233
1 237
1 256
1 261
1 266
1 285
1 306
1 321
1 348
1 354
1 366
1 370
1 380
1 381
1 400
1 405
1 418
1 425
1 427
1 428
1 430
1 431
1 438
1 444
1 445
1 450
1 458
1 460
1 487
1 497
1 502
2 15
2 17
2 19
2 27
2 30
2 35
2 40
2 41
2 42
2 48
2 49
2 50
2 51
2 54
2 57
2 62
2 66
2 67
2 70
2 78
2 79
2 81
2 90
2 109
2 122
2 126
2 127
2 134
2 138
2 139
2 146
2 164
2 165
2 169
2 173
2 180
2 186
2 188
2 193
2 199
2 221
2 248
2 259
2 263
2 269
2 287
2 298
2 302
2 315
2 330
2 344
2 350
2 354
2 383
2 387
2 401
2 417
2 431
2 458
2 459
2 466
2 500
2 509
3 15
3 16
3 17
3 20
3 21
3 22
3 23
3 24
3 25
3 27
3 31
3 32
3 38
3 40
3 41
3 43
3 59
3 68
3 75
3 76
3 84
3 87
3 88
3 89
3 102
3 103
3 108
3 121
3 125
3 127
3 130
3 137
3 138
3 142
3 153
3 155
3 160
3 182
3 185
3 188
3 191
3 202
3 204
3 213
3 226
3 227
3 229
3 236
3 256
3 261
3 264
3 272
3 282
3 285
3 287
3 288
3 297
3 305
3 318
3 326
3 327
3 329
3 342
3 352
3 364
3 396
3 414
3 415
3 441
3 452
3 473
3 488
3 492
4 15
4 16
4 17
4 18
4 20
4 22
4 23
4 24
4 25
4 26
4 27
4 29
4 30
4 31
4 32
4 33
4 46
4 50
4 55
4 73
4 77
4 86
4 87
4 91
4 96
4 97
4 117
4 118
4 162
4 176
4 188
4 194
4 201
4 209
4 212
4 214
4 215
4 228
4 229
4 244
4 257
4 258
4 270
4 276
4 280
4 286
4 297
4 336
4 356
4 376
4 402
4 405
4 411
4 412
4 441
4 455
4 490
5 15
5 16
5 18
5 19
5 20
5 21
5 24
5 27
5 29
5 30
5 33
5 35
5 38
5 39
5 40
5 41
5 42
5 43
5 46
5 47
5 50
5 54
5 59
5 62
5 63
5 67
5 72
5 74
5 77
5 83
5 84
5 85
5 87
5 88
5 91
5 93
5 97
5 104
5 105
5 115
5 117
5 120
5 122
5 124
5 147
5 155
5 178
5 181
5 183
5 190
5 194
5 196
5 198
5 212
5 232
5 235
5 240
5 246
5 249
5 250
5 252
5 257
5 258
5 263
5 273
5 285
5 296
5 305
5 311
5 324
5 326
5 329
5 347
5 348
5 349
5 355
5 360
5 361
5 374
5 382
5 384
5 385
5 400
5 406
5 412
5 419
5 423
5 425
5 426
5 432
5 433
5 438
5 445
5 451
5 456
5 460
5 463
5 464
5 477
5 497
5 511
6 15
6 16
6 17
6 18
6 20
6 21
6 23
6 26
6 29
6 31
6 34
6 41
6 42
6 47
6 51
6 54
6 55
6 56
6 59
6 68
6 73
6 75
6 82
6 88
6 89
6 92
6 94
6 96
6 97
6 98
6 100
6 112
6 130
6 132
6 148
6 153
6 155
6 156
6 162
6 166
6 177
6 179
6 185
6 186
6 192
6 199
6 200
6 202
6 211
6 218
6 222
6 236
6 242
6 254
6 264
6 274
6 281
6 283
6 294
6 306
6 316
6 329
6 338
6 343
6 349
6 352
6 353
6 356
6 364
6 366
6 376
6 378
6 400
6 411
6 446
6 464
6 476
6 485
6 499
6 501
6 510
7 15
7 16
7 17
7 18
7 19
7 20
7 21
7 22
7 23
7 24
7 27
7 28
7 29
7 36
7 37
7 38
7 40
7 42
7 44
7 45
7 48
7 50
7 59
7 60
7 61
7 64
7 65
7 66
7 67
7 72
7 75
7 77
7 79
7 80
7 83
7 85
7 86
7 91
7 94
7 98
7 99
7 100
7 109
7 110
7 111
7 115
7 118
7 119
7 120
7 126
7 128
7 131
7 135
7 136
7 137
7 141
7 150
7 153
7 163
7 164
7 168
7 169
7 172
7 173
7 176
7 192
7 194
7 206
7 213
7 217
7 232
7 252
7 262
7 265
7 268
7 271
7 272
7 277
7 281
7 286
7 288
7 290
7 292
7 300
7 302
7 303
7 308
7 316
7 323
7 326
7 327
7 328
7 332
7 336
7 343
7 347
7 357
7 358
7 363
7 370
7 412
7 413
7 420
7 443
7 446
7 447
7 448
7 453
7 454
7 455
7 456
7 457
7 458
7 482
7 490
7 498
7 500
7 505
8 15
8 16
8 17
8 18
8 19
8 20
8 24
8 25
8 26
8 27
8 29
8 30
8 31
8 34
8 35
8 36
8 41
8 42
8 45
8 48
8 49
8 50
8 53
8 56
8 68
8 75
8 80
8 82
8 88
8 90
8 91
8 94
8 95
8 102
8 110
8 113
8 121
8 135
8 139
8 142
8 150
8 155
8 157
8 160
8 163
8 167
8 171
8 173
8 174
8 178
8 180
8 188
8 190
8 199
8 201
8 203
8 213
8 216
8 220
8 221
8 223
8 227
8 231
8 247
8 265
8 267
8 268
8 273
8 289
8 293
8 294
8 298
8 301
8 302
8 310
8 312
8 317
8 318
8 335
8 341
8 342
8 346
8 351
8 355
8 380
8 388
8 401
8 411
8 416
8 437
8 448
8 465
8 469
8 480
8 493
8 499
8 501
8 504
9 15
9 16
9 17
9 18
9 20
9 21
9 23
9 28
9 29
9 30
9 32
9 34
9 43
9 44
9 45
9 53
9 54
9 59
9 60
9 64
9 69
9 80
9 82
9 88
9 90
9 93
9 96
9 101
9 106
9 108
9 110
9 111
9 119
9 123
9 134
9 136
9 139
9 140
9 149
9 166
9 167
9 175
9 185
9 187
9 197
9 200
9 201
9 204
9 209
9 217
9 239
9 244
9 251
9 254
9 255
9 277
9 293
9 310
9 317
9 320
9 324
9 333
9 336
9 341
9 359
9 362
9 389
9 403
9 405
9 421
9 422
9 439
9 441
9 477
9 484
9 492
9 496
10 15
10 16
10 17
10 18
10 19
10 21
10 25
10 27
10 28
10 29
10 34
10 36
10 40
10 45
10 46
10 49
10 51
10 56
10 57
10 58
10 73
10 82
10 90
10 91
10 119
10 120
10 123
10 127
10 130
10 136
10 146
10 154
10 167
10 168
10 192
10 229
10 232
10 256
10 260
10 266
10 289
10 312
10 324
10 333
10 340
10 356
10 361
10 364
10 373
10 374
10 377
10 382
10 408
10 415
10 423
10 427
10 438
10 449
10 451
10 455
10 462
10 464
10 482
10 499
10 503
10 507
11 15
11 16
11 17
11 18
11 19
11 21
11 22
11 23
11 24
11 26
11 29
11 31
11 32
11 35
11 38
11 39
11 41
11 47
11 48
11 60
11 62
11 67
11 68
11 69
11 71
11 72
11 78
11 84
11 90
11 94
11 97
11 98
11 102
11 103
11 111
11 112
11 123
11 137
11 141
11 143
11 150
11 161
11 162
11 165
11 166
11 177
11 189
11 190
11 196
11 201
11 203
11 225
11 230
11 231
11 236
11 237
11 240
11 243
11 249
11 255
11 261
11 262
11 267
11 274
11 285
11 287
11 290
11 291
11 292
11 296
11 297
11 301
11 308
11 317
11 322
11 327
11 335
11 336
11 343
11 346
11 349
11 352
11 353
11 356
11 358
11 365
11 369
11 381
11 385
11 398
11 401
11 405
11 415
11 417
11 418
11 419
11 426
11 431
11 441
11 445
11 448
11 466
11 475
11 485
11 486
11 495
11 508
12 15
12 16
12 17
12 18
12 19
12 20
12 22
12 23
12 24
12 25
12 29
12 34
12 35
12 37
12 40
12 43
12 46
12 60
12 61
12 63
12 65
12 69
12 72
12 73
12 78
12 80
12 92
12 96
12 111
12 128
12 129
12 144
12 146
12 147
12 155
12 159
12 171
12 178
12 187
12 189
12 216
12 224
12 231
12 234
12 238
12 263
12 272
12 287
12 295
12 298
12 300
12 304
12 319
12 326
12 328
12 345
12 359
12 368
12 370
12 375
12 380
12 381
12 398
12 416
12 425
12 436
12 442
12 452
12 455
12 476
12 485
12 488
12 491
12 502
12 504
12 506
13 15
13 16
13 17
13 18
13 19
13 20
13 21
13 22
13 26
13 30
13 32
13 33
13 35
13 36
13 38
13 39
13 41
13 44
13 50
13 51
13 55
13 56
13 57
13 59
13 60
13 64
13 66
13 69
13 70
13 71
13 78
13 81
13 84
13 85
13 91
13 92
13 95
13 101
13 104
13 106
13 108
13 113
13 116
13 122
13 124
13 135
13 137
13 143
13 145
13 146
13 148
13 154
13 158
13 167
13 168
13 170
13 177
13 184
13 198
13 210
13 211
13 214
13 224
13 241
13 242
13 243
13 246
13 247
13 254
13 262
13 264
13 266
13 277
13 279
13 282
13 303
13 313
13 315
13 317
13 326
13 348
13 363
13 374
13 378
13 383
13 387
13 396
13 403
13 405
13 409
13 429
13 432
13 434
13 441
13 469
13 472
13 477
13 481
13 483
13 484
13 486
13 496
13 508
14 15
14 16
14 19
14 21
14 22
14 24
14 25
14 31
14 43
14 47
14 58
14 61
14 68
14 73
14 81
14 83
14 95
14 104
14 112
14 120
14 121
14 123
14 130
14 140
14 143
14 148
14 155
14 157
14 159
14 161
14 162
14 171
14 173
14 219
14 233
14 236
14 244
14 248
14 262
14 270
14 296
14 307
14 312
14 333
14 337
14 347
14 349
14 389
14 394
14 398
14 399
14 401
14 404
14 412
14 420
14 425
14 444
14 451
15 16
15 17
15 18
15 19
15 20
15 21
15 22
15 23
15 25
15 26
15 27
15 28
15 29
15 30
15 31
15 32
15 33
15 34
15 36
15 37
15 40
15 42
15 43
15 44
15 45
15 46
15 50
15 51
15 53
15 54
15 57
15 58
15 59
15 61
15 62
15 63
15 64
15 65
15 68
15 69
15 70
15 71
15 72
15 73
15 76
15 78
15 80
15 81
15 84
15 85
15 86
15 87
15 89
15 90
15 93
15 94
15 96
15 99
15 100
15 102
15 104
15 105
15 106
15 107
15 114
15 115
15 116
15 117
15 118
15 119
15 120
15 123
15 127
15 128
15 130
15 131
15 132
15 134
15 135
15 137
15 145
15 148
15 149
15 151
15 153
15 155
15 158
15 161
15 162
15 164
15 165
15 168
15 172
15 182
15 186
15 187
15 188
15 193
15 202
15 205
15 214
15 220
15 227
15 230
15 231
15 235
15 237
15 241
15 243
15 244
15 251
15 252
15 257
15 258
15 263
15 270
15 280
15 282
15 283
15 284
15 289
15 290
15 292
15 300
15 302
15 309
15 318
15 332
15 333
15 338
15 339
15 343
15 345
15 351
15 352
15 355
15 360
15 366
15 368
15 376
15 380
15 392
15 394
15 395
15 399
15 400
15 402
15 411
15 412
15 413
15 415
15 416
15 434
15 442
15 444
15 445
15 450
15 452
15 453
15 455
15 460
15 461
15 466
15 467
15 469
15 472
15 473
15 478
15 482
15 486
15 488
15 493
15 495
15 503
15 505
15 507
15 510
16 17
16 18
16 19
16 20
16 22
16 23
16 24
16 25
16 26
16 27
16 28
16 29
16 30
16 31
16 32
16 33
16 34
16 35
16 36
16 38
16 39
16 46
16 50
16 51
16 52
16 55
16 60
16 62
16 63
16 64
16 65
16 68
16 70
16 72
16 74
16 75
16 81
16 83
16 84
16 85
16 86
16 90
16 93
16 96
16 102
16 103
16 109
16 113
16 118
16 119
16 129
16 134
16 138
16 148
16 151
16 153
16 156
16 159
16 161
16 163
16 166
16 168
16 169
16 171
16 174
16 175
16 180
16 184
16 186
16 190
16 193
16 198
16 204
16 206
16 213
16 215
16 219
16 222
16 223
16 224
16 231
16 235
16 236
16 237
16 239
16 251
16 259
16 264
16 265
16 277
16 287
16 289
16 292
16 293
16 300
16 305
16 306
16 310
16 314
16 319
16 320
16 321
16 328
16 333
16 337
16 340
16 354
16 363
16 368
16 382
16 383
16 384
16 392
16 394
16 398
16 399
16 404
16 408
16 419
16 423
16 424
16 456
16 467
16 468
16 472
16 478
16 493
16 497
16 499
16 500
17 18
17 20
17 21
17 23
17 24
17 25
17 27
17 31
17 32
17 33
17 35
17 36
17 37
17 40
17 41
17 43
17 44
17 45
17 46
17 49
17 50
17 52
17 53
17 54
17 57
17 59
17 60
17 61
17 62
17 63
17 66
17 72
17 76
17 80
17 83
17 84
17 90
17 91
17 93
17 94
17 102
17 105
17 108
17 109
17 116
17 117
17 124
17 129
17 131
17 133
17 134
17 140
17 156
17 159
17 161
17 163
17 166
17 173
17 175
17 179
17 185
17 190
17 191
17 192
17 195
17 196
17 198
17 200
17 202
17 204
17 209
17 212
17 217
17 228
17 260
17 269
17 278
17 284
17 285
17 291
17 294
17 296
17 309
17 311
17 313
17 316
17 346
17 349
17 352
17 357
17 364
17 366
17 368
17 384
17 385
17 386
17 390
17 392
17 398
17 401
17 405
17 411
17 419
17 422
17 426
17 428
17 432
17 435
17 436
17 440
17 442
17 452
17 453
17 456
17 471
17 480
17 492
17 493
17 500
17 508
18 20
18 22
18 24
18 25
18 26
18 27
18 28
18 30
18 31
18 34
18 35
18 37
18 38
18 39
18 41
18 45
18 52
18 55
18 56
18 57
18 70
18 71
18 72
18 73
18 75
18 77
18 78
18 80
18 82
18 92
18 96
18 99
18 100
18 101
18 107
18 115
18 118
18 124
18 127
18 128
18 137
18 142
18 143
18 144
18 146
18 149
18 156
18 165
18 168
18 171
18 172
18 184
18 202
18 213
18 221
18 226
18 228
18 229
18 231
18 234
18 239
18 240
18 244
18 246
18 252
18 256
18 268
18 269
18 275
18 279
18 280
18 282
18 286
18 295
18 318
18 319
18 321
18 328
18 330
18 331
18 339
18 350
18 362
18 382
18 393
18 394
18 402
18 405
18 408
18 409
18 416
18 419
18 426
18 429
18 439
18 440
18 461
18 468
18 473
18 474
18 482
18 487
18 506
19 21
19 22
19 24
19 26
19 28
19 29
19 30
19 31
19 32
19 33
19 34
19 36
19 37
19 38
19 40
19 41
19 44
19 45
19 47
19 48
19 51
19 52
19 56
19 57
19 59
19 62
19 63
19 64
19 65
19 66
19 67
19 69
19 70
19 72
19 73
19 74
19 76
19 79
19 82
19 83
19 86
19 88
19 92
19 97
19 98
19 99
19 100
19 102
19 104
19 107
19 108
19 111
19 112
19 114
19 115
19 117
19 121
19 122
19 126
19 129
19 130
19 131
19 133
19 135
19 136
19 142
19 143
19 147
19 149
19 150
19 151
19 157
19 158
19 161
19 163
19 169
19 176
19 189
19 190
19 193
19 194
19 203
19 205
19 206
19 210
19 212
19 219
19 221
19 222
19 224
19 226
19 230
19 231
19 233
19 236
19 240
19 248
19 256
19 258
19 260
19 266
19 269
19 270
19 271
19 273
19 274
19 289
19 295
19 304
19 324
19 329
19 332
19 334
19 342
19 345
19 359
19 362
19 367
19 380
19 381
19 384
19 386
19 387
19 389
19 393
19 397
19 398
19 399
19 402
19 407
19 409
19 414
19 422
19 428
19 430
19 438
19 442
19 463
19 465
19 471
19 473
19 479
19 480
19 481
19 483
19 488
19 492
19 497
19 498
19 499
19 511
20 21
20 22
20 24
20 26
20 27
20 28
20 30
20 31
20 32
20 33
20 35
20 37
20 38
20 39
20 41
20 43
20 45
20 46
20 47
20 49
20 53
20 55
20 60
20 65
20 67
20 69
20 70
20 71
20 74
20 89
20 91
20 94
20 96
20 99
20 101
20 105
20 106
20 108
20 109
20 114
20 118
20 125
20 126
20 127
20 131
20 138
20 141
20 146
20 158
20 171
20 181
20 183
20 195
20 200
20 203
20 245
20 246
20 248
20 250
20 251
20 254
20 260
20 261
20 266
20 269
20 283
20 286
20 295
20 296
20 298
20 309
20 313
20 314
20 318
20 320
20 327
20 333
20 338
20 341
20 344
20 361
20 367
20 369
20 383
20 390
20 395
20 406
20 423
20 424
20 445
20 452
20 459
20 470
20 471
20 479
20 497
21 26
21 33
21 34
21 35
21 37
21 38
21 39
21 41
21 43
21 45
21 46
21 48
21 52
21 53
21 55
21 57
21 64
21 66
21 67
21 73
21 83
21 84
21 94
21 101
21 108
21 113
21 127
21 128
21 130
21 144
21 147
21 153
21 156
21 165
21 168
21 178
21 179
21 186
21 187
21 197
21 200
21 219
21 229
21 239
21 245
21 253
21 268
21 305
21 309
21 338
21 342
21 349
21 377
21 386
21 387
21 388
21 395
21 415
21 443
21 480
21 494
21 508
22 23
22 24
22 25
22 26
22 28
22 30
22 34
22 36
22 37
22 39
22 40
22 43
22 46
22 49
22 54
22 62
22 64
22 66
22 67
22 69
22 70
22 71
22 74
22 79
22 83
22 84
22 89
22 101
22 108
22 114
22 126
22 128
22 129
22 131
22 143
22 154
22 170
22 181
22 192
22 212
22 229
22 234
22 255
22 294
22 314
22 317
22 339
22 351
22 356
22 357
22 359
22 373
22 380
22 394
22 402
22 419
22 433
22 476
22 482
22 500
22 506
23 25
23 28
23 31
23 33
23 34
23 39
23 44
23 52
23 58
23 67
23 71
23 79
23 80
23 94
23 95
23 98
23 99
23 101
23 110
23 121
23 132
23 155
23 158
23 173
23 175
23 181
23 198
23 230
23 239
23 244
23 275
23 316
23 372
23 381
23 433
23 457
23 463
23 464
23 498
24 26
24 28
24 33
24 38
24 61
24 71
24 104
24 143
24 204
24 215
24 222
24 225
24 240
24 268
24 323
24 369
24 443
24 487
24 491
25 28
25 29
25 30
25 31
25 32
25 33
25 44
25 48
25 58
25 91
25 103
25 106
25 113
25 143
25 153
25 162
25 174
25 176
25 177
25 192
25 194
25 221
25 226
25 266
25 268
25 285
25 314
25 355
25 382
25 389
25 399
25 437
25 490
25 498
26 28
26 32
26 33
26 36
26 63
26 101
26 105
26 150
26 165
26 176
26 183
26 244
26 285
26 286
26 290
26 393
26 485
26 502
27 29
27 32
27 35
27 37
27 41
27 45
27 48
27 49
27 51
27 55
27 66
27 70
27 91
27 105
27 149
27 176
27 196
27 244
27 256
27 298
27 336
27 381
27 471
28 31
28 32
28 37
28 66
28 104
28 161
28 181
28 184
28 189
28 191
28 194
28 196
28 203
28 222
28 237
28 265
28 271
28 286
28 290
28 325
28 332
28 381
28 433
29 55
29 69
29 81
29 84
29 102
29 104
29 128
29 129
29 138
29 182
29 185
29 189
29 207
29 223
29 289
29 307
29 334
29 429
29 494
30 48
30 62
30 69
30 88
30 104
30 107
30 142
30 159
30 183
30 187
30 192
30 259
31 71
31 172
31 289
31 375
31 383
32 33
32 39
32 40
32 42
32 43
32 45
32 47
32 48
32 52
32 53
32 65
32 66
32 67
32 68
32 70
32 72
32 73
32 75
32 76
32 78
32 79
32 85
32 86
32 87
32 88
32 89
32 90
32 96
32 98
32 100
32 105
32 110
32 112
32 117
32 121
32 130
32 137
32 141
32 158
32 159
32 161
32 166
32 174
32 178
32 189
32 195
32 196
32 208
32 209
32 215
32 218
32 227
32 228
32 230
32 233
32 238
32 243
32 263
32 270
32 286
32 288
32 293
32 295
32 297
32 307
32 310
32 313
32 315
32 319
32 333
32 336
32 341
32 343
32 354
32 366
32 387
32 389
32 396
32 401
32 403
32 412
32 431
32 453
32 463
32 487
32 491
32 492
32 496
32 501
33 35
33 36
33 37
33 38
33 39
33 42
33 47
33 48
33 50
33 52
33 54
33 58
33 60
33 62
33 68
33 71
33 74
33 78
33 86
33 90
33 91
33 95
33 97
33 99
33 106
33 108
33 114
33 116
33 117
33 119
33 124
33 129
33 135
33 137
33 141
33 145
33 147
33 157
33 169
33 179
33 181
33 182
33 183
33 191
33 194
33 197
33 198
33 199
33 201
33 206
33 213
33 216
33 222
33 230
33 258
33 263
33 267
33 269
33 272
33 277
33 310
33 313
33 319
33 344
33 346
33 351
33 354
33 363
33 372
33 373
33 378
33 387
33 391
33 393
33 406
33 410
33 450
33 458
33 464
33 474
33 477
33 484
33 486
33 503
34 35
34 36
34 37
34 38
34 39
34 40
34 42
34 44
34 46
34 47
34 52
34 53
34 54
34 56
34 57
34 58
34 60
34 70
34 78
34 79
34 82
34 83
34 88
34 91
34 93
34 95
34 97
34 98
34 99
34 105
34 107
34 111
34 115
34 118
34 123
34 130
34 136
34 137
34 139
34 141
34 142
34 144
34 147
34 150
34 154
34 156
34 167
34 170
34 172
34 182
34 187
34 191
34 193
34 199
34 203
34 204
34 212
34 218
34 230
34 235
34 246
34 250
34 252
34 261
34 265
34 272
34 281
34 290
34 292
34 303
34 316
34 319
34 326
34 353
34 356
34 365
34 393
34 394
34 395
34 397
34 403
34 406
34 435
34 438
34 439
34 440
34 447
34 454
34 474
34 484
34 489
34 502
34 507
35 36
35 37
35 39
35 42
35 45
35 46
35 48
35 50
35 52
35 57
35 58
35 59
35 61
35 70
35 74
35 75
35 76
35 79
35 81
35 84
35 94
35 102
35 112
35 117
35 122
35 125
35 130
35 134
35 136
35 139
35 147
35 150
35 152
35 154
35 156
35 157
35 159
35 164
35 172
35 173
35 175
35 179
35 183
35 184
35 185
35 188
35 195
35 202
35 208
35 212
35 217
35 224
35 230
35 233
35 235
35 252
35 258
35 267
35 280
35 287
35 303
35 311
35 312
35 318
35 319
35 321
35 329
35 331
35 332
35 345
35 348
35 356
35 357
35 359
35 362
35 365
35 367
35 388
35 397
35 404
35 417
35 421
35 437
35 447
35 451
35 458
35 481
35 487
35 507
35 509
36 40
36 44
36 47
36 48
36 49
36 51
36 57
36 61
36 68
36 71
36 72
36 82
36 83
36 86
36 87
36 89
36 109
36 112
36 113
36 116
36 117
36 118
36 121
36 123
36 128
36 134
36 135
36 146
36 152
36 155
36 157
36 160
36 165
36 172
36 187
36 191
36 211
36 214
36 215
36 219
36 232
36 241
36 249
36 252
36 257
36 258
36 278
36 279
36 280
36 288
36 293
36 303
36 304
36 306
36 309
36 312
36 315
36 316
36 323
36 338
36 339
36 343
36 346
36 363
36 371
36 373
36 380
36 382
36 397
36 415
36 421
36 426
36 428
36 432
36 453
36 464
36 466
36 474
36 483
36 488
36 497
36 502
37 38
37 39
37 40
37 42
37 48
37 49
37 50
37 51
37 52
37 53
37 54
37 55
37 59
37 60
37 72
37 73
37 77
37 81
37 87
37 89
37 93
37 100
37 122
37 123
37 124
37 125
37 129
37 133
37 137
37 140
37 151
37 154
37 159
37 164
37 169
37 183
37 186
37 192
37 198
37 202
37 204
37 205
37 224
37 234
37 237
37 238
37 256
37 265
37 281
37 286
37 299
37 301
37 315
37 316
37 331
37 344
37 360
37 362
37 375
37 376
37 382
37 397
37 410
37 420
37 427
37 431
37 444
37 460
37 470
37 475
37 479
37 485
37 510
38 41
38 43
38 44
38 49
38 50
38 56
38 62
38 63
38 67
38 76
38 83
38 89
38 90
38 93
38 95
38 99
38 104
38 109
38 110
38 120
38 136
38 139
38 144
38 147
38 156
38 173
38 177
38 179
38 181
38 184
38 188
38 194
38 216
38 218
38 220
38 248
38 251
38 273
38 278
38 281
38 290
38 295
38 310
38 317
38 325
38 331
38 335
38 347
38 350
38 365
38 386
38 397
38 404
38 408
38 409
38 410
38 412
38 420
38 459
38 464
38 472
38 494
38 501
38 503
38 505
39 42
39 44
39 52
39 54
39 56
39 58
39 61
39 63
39 64
39 75
39 77
39 83
39 85
39 87
39 90
39 94
39 97
39 103
39 107
39 108
39 110
39 116
39 117
39 119
39 121
39 124
39 132
39 133
39 134
39 141
39 144
39 145
39 148
39 151
39 152
39 161
39 162
39 170
39 180
39 184
39 186
39 187
39 190
39 196
39 201
39 207
39 215
39 217
39 219
39 223
39 232
39 233
39 237
39 249
39 250
39 258
39 259
39 260
39 264
39 271
39 272
39 280
39 282
39 299
39 301
39 305
39 319
39 320
39 321
39 331
39 334
39 339
39 352
39 358
39 363
39 365
39 369
39 376
39 390
39 400
39 405
39 417
39 418
39 423
39 438
39 443
39 447
39 448
39 449
39 456
39 462
39 471
39 477
39 484
39 485
39 486
39 500
39 506
40 42
40 43
40 45
40 47
40 49
40 53
40 54
40 58
40 61
40 68
40 69
40 70
40 71
40 74
40 77
40 79
40 80
40 81
40 82
40 86
40 87
40 89
40 98
40 99
40 103
40 108
40 109
40 112
40 114
40 115
40 116
40 121
40 135
40 139
40 143
40 145
40 150
40 152
40 160
40 164
40 168
40 170
40 176
40 180
40 182
40 183
40 187
40 204
40 206
40 209
40 213
40 216
40 220
40 233
40 246
40 250
40 256
40 258
40 259
40 281
40 286
40 303
40 306
40 322
40 330
40 331
40 346
40 353
40 358
40 367
40 369
40 402
40 405
40 416
40 424
40 430
40 454
40 466
40 470
40 475
40 479
40 481
40 483
40 486
40 493
40 501
40 506
41 43
41 50
41 57
41 64
41 65
41 67
41 69
41 74
41 78
41 80
41 82
41 94
41 95
41 97
41 102
41 105
41 118
41 120
41 123
41 125
41 133
41 140
41 151
41 154
41 155
41 172
41 173
41 174
41 184
41 192
41 195
41 202
41 221
41 237
41 249
41 253
41 257
41 266
41 270
41 276
41 284
41 286
41 288
41 289
41 291
41 294
41 297
41 311
41 320
41 334
41 335
41 336
41 344
41 348
41 362
41 382
41 394
41 396
41 397
41 403
41 428
41 435
41 450
41 463
41 482
41 486
42 48
42 49
42 51
42 54
42 55
42 56
42 61
42 66
42 82
42 88
42 89
42 95
42 97
42 101
42 102
42 104
42 106
42 107
42 113
42 120
42 127
42 143
42 148
42 154
42 158
42 160
42 167
42 172
42 177
42 179
42 187
42 190
42 192
42 193
42 197
42 200
42 227
42 228
42 231
42 232
42 240
42 242
42 251
42 254
42 257
42 263
42 265
42 274
42 276
42 280
42 287
42 288
42 294
42 295
42 310
42 314
42 316
42 317
42 325
42 332
42 335
42 336
42 337
42 338
42 343
42 349
42 362
42 378
42 382
42 391
42 394
42 401
42 403
42 408
42 413
42 423
42 425
42 429
42 433
42 437
42 451
42 456
42 460
42 466
42 489
42 494
43 47
43 51
43 53
43 56
43 63
43 71
43 76
43 82
43 90
43 95
43 97
43 123
43 125
43 127
43 129
43 136
43 137
43 145
43 148
43 149
43 154
43 157
43 166
43 181
43 189
43 196
43 209
43 213
43 215
43 235
43 246
43 272
43 276
43 281
43 290
43 306
43 309
43 358
43 364
43 367
43 403
43 409
43 430
43 439
43 455
43 457
43 470
43 478
43 479
43 495
44 46
44 47
44 49
44 52
44 56
44 60
44 62
44 63
44 65
44 73
44 75
44 76
44 77
44 84
44 85
44 86
44 87
44 91
44 95
44 103
44 126
44 133
44 135
44 150
44 154
44 157
44 167
44 179
44 196
44 197
44 198
44 206
44 207
44 236
44 245
44 259
44 270
44 271
44 311
44 318
44 321
44 325
44 328
44 330
44 340
44 343
44 354
44 359
44 382
44 416
44 430
44 444
44 451
44 468
44 480
44 492
44 501
45 47
45 53
45 57
45 58
45 59
45 61
45 64
45 65
45 67
45 73
45 74
45 75
45 76
45 79
45 85
45 89
45 105
45 110
45 111
45 116
45 123
45 125
45 133
45 134
45 141
45 142
45 153
45 154
45 161
45 165
45 166
45 175
45 180
45 185
45 194
45 211
45 233
45 234
45 245
45 255
45 267
45 276
45 289
45 320
45 331
45 333
45 343
45 346
45 355
45 361
45 363
45 372
45 397
45 448
45 469
45 479
45 482
45 489
45 504
46 51
46 53
46 57
46 64
46 65
46 83
46 100
46 102
46 103
46 108
46 109
46 114
46 122
46 125
46 135
46 140
46 142
46 152
46 193
46 197
46 207
46 210
46 220
46 228
46 235
46 246
46 250
46 254
46 272
46 284
46 290
46 298
46 300
46 326
46 350
46 402
46 413
46 420
46 425
46 457
46 476
46 503
46 504
46 508
47 50
47 51
47 52
47 54
47 55
47 60
47 61
47 62
47 63
47 64
47 65
47 66
47 68
47 71
47 72
47 74
47 76
47 77
47 82
47 87
47 97
47 100
47 107
47 111
47 112
47 113
47 114
47 115
47 120
47 129
47 133
47 142
47 143
47 186
47 188
47 191
47 197
47 200
47 207
47 211
47 225
47 226
47 234
47 239
47 251
47 258
47 263
47 264
47 279
47 283
47 295
47 296
47 297
47 311
47 312
47 314
47 322
47 328
47 347
47 360
47 375
47 377
47 378
47 384
47 400
47 405
47 422
47 427
47 440
47 465
47 476
47 492
47 511
48 49
48 61
48 95
48 105
48 112
48 132
48 139
48 148
48 151
48 172
48 231
48 308
48 312
48 313
48 350
48 354
48 390
48 401
48 420
48 495
48 500
49 58
49 59
49 70
49 73
49 78
49 93
49 95
49 103
49 111
49 128
49 132
49 160
49 177
49 266
49 273
49 282
49 291
49 292
49 299
49 336
49 354
49 386
49 406
49 433
49 459
49 483
49 500
49 507
50 55
50 62
50 63
50 76
50 79
50 88
50 90
50 93
50 97
50 101
50 113
50 114
50 135
50 141
50 150
50 169
50 186
50 195
50 205
50 243
50 251
50 252
50 276
50 279
50 288
50 294
50 311
50 320
50 324
50 327
50 355
50 404
50 421
50 425
50 427
50 480
51 58
51 59
51 64
51 69
51 76
51 87
51 101
51 118
51 119
51 125
51 126
51 133
51 149
51 154
51 155
51 162
51 164
51 165
51 176
51 189
51 204
51 205
51 212
51 217
51 218
51 223
51 228
51 263
51 264
51 271
51 291
51 293
51 322
51 349
51 357
51 368
51 370
51 374
51 376
51 399
51 404
51 407
51 430
51 443
51 468
51 472
51 482
51 489
51 505
52 56
52 74
52 93
52 99
52 100
52 117
52 122
52 124
52 138
52 151
52 168
52 206
52 207
52 215
52 230
52 231
52 250
52 307
52 312
52 358
52 382
52 407
52 434
52 440
52 487
52 488
52 490
52 508
53 55
53 56
53 62
53 63
53 65
53 92
53 131
53 138
53 146
53 162
53 175
53 202
53 210
53 217
53 225
53 228
53 248
53 276
53 317
53 329
53 340
53 353
53 369
53 397
53 470
53 497
54 55
54 56
54 77
54 80
54 81
54 99
54 116
54 124
54 149
54 175
54 183
54 195
54 242
54 253
54 263
54 279
54 338
54 342
54 344
54 358
54 361
54 371
54 383
54 470
54 497
55 70
55 74
55 75
55 77
55 92
55 103
55 119
55 130
55 153
55 158
55 168
55 169
55 174
55 192
55 207
55 215
55 222
55 242
55 246
55 251
55 268
55 358
55 381
55 393
55 465
55 493
56 60
56 76
56 92
56 96
56 97
56 132
56 177
56 210
56 255
56 314
56 315
57 65
57 71
57 93
57 104
57 131
57 136
57 156
57 174
57 179
57 230
57 245
57 255
57 302
57 342
57 343
57 412
57 439
57 445
57 447
58 61
58 118
58 126
58 141
58 145
58 162
58 196
58 204
58 210
58 293
58 341
58 451
59 63
59 67
59 78
59 113
59 118
59 138
59 207
59 233
59 238
59 264
59 414
59 452
60 72
60 146
60 159
60 203
60 210
60 236
60 379
60 431
61 91
61 157
61 162
61 172
61 208
61 265
61 279
61 436
62 136
62 138
62 191
62 467
63 85
63 201
63 245
63 328
64 69
64 75
64 81
64 85
64 96
64 98
64 106
64 109
64 117
64 122
64 126
64 132
64 144
64 146
64 152
64 167
64 172
64 178
64 182
64 187
64 203
64 208
64 211
64 221
64 232
64 238
64 261
64 268
64 269
64 282
64 287
64 306
64 317
64 321
64 329
64 331
64 335
64 337
64 352
64 357
64 358
64 359
64 363
64 369
64 373
64 397
64 406
64 415
64 418
64 436
64 442
64 475
64 478
64 484
65 76
65 82
65 96
65 106
65 119
65 130
65 146
65 150
65 158
65 159
65 164
65 185
65 186
65 249
65 260
65 268
65 305
65 310
65 316
65 317
65 352
65 361
65 365
65 394
65 408
65 409
65 444
65 448
65 458
65 463
66 67
66 68
66 84
66 99
66 110
66 113
66 116
66 126
66 156
66 189
66 197
66 204
66 252
66 256
66 302
66 313
67 68
67 77
67 78
67 87
67 93
67 100
67 106
67 135
67 141
67 145
67 146
67 163
67 175
67 178
67 194
67 199
67 204
67 208
67 233
67 240
67 243
67 245
67 263
67 271
67 274
67 293
67 297
67 333
67 337
67 351
67 390
67 406
67 408
67 413
67 426
67 439
67 470
67 487
67 496
68 72
68 88
68 91
68 96
68 107
68 108
68 112
68 115
68 134
68 143
68 159
68 160
68 161
68 163
68 164
68 177
68 211
68 262
68 264
68 277
68 293
68 301
68 305
68 308
68 318
68 360
68 372
68 374
68 403
68 477
68 480
68 482
68 490
68 492
69 77
69 85
69 90
69 98
69 100
69 113
69 139
69 148
69 153
69 190
69 193
69 195
69 197
69 200
69 228
69 229
69 234
69 235
69 241
69 243
69 253
69 270
69 278
69 310
69 322
69 334
69 368
69 371
69 390
69 398
69 401
69 402
69 416
69 418
69 432
69 442
69 449
69 455
69 460
69 478
69 490
70 83
70 92
70 95
70 96
70 100
70 106
70 107
70 115
70 121
70 134
70 141
70 149
70 156
70 157
70 160
70 164
70 170
70 175
70 196
70 198
70 201
70 211
70 224
70 231
70 235
70 238
70 241
70 251
70 255
70 256
70 278
70 284
70 288
70 299
70 300
70 304
70 315
70 320
70 328
70 363
70 365
70 369
70 378
70 383
70 385
70 395
70 405
70 407
70 413
70 429
70 430
70 446
70 448
70 465
70 466
70 475
70 492
70 497
71 74
71 83
71 85
71 87
71 103
71 112
71 114
71 127
71 133
71 143
71 145
71 159
71 164
71 165
71 169
71 170
71 177
71 179
71 186
71 188
71 198
71 201
71 218
71 227
71 241
71 254
71 279
71 288
71 298
71 307
71 323
71 326
71 350
71 358
71 361
71 364
71 367
71 375
71 376
71 388
71 414
71 443
71 446
71 450
71 453
71 477
72 77
72 92
72 104
72 144
72 194
72 207
72 208
72 214
72 218
72 221
72 226
72 284
72 298
72 301
72 311
72 374
72 403
72 437
72 438
72 511
73 85
73 93
73 110
73 120
73 131
73 151
73 178
73 179
73 201
73 215
73 256
73 274
73 280
73 288
73 311
73 349
73 375
73 387
73 415
73 439
73 461
73 487
73 504
73 507
74 78
74 80
74 86
74 89
74 93
74 95
74 100
74 102
74 106
74 109
74 110
74 121
74 133
74 140
74 156
74 188
74 193
74 214
74 223
74 227
74 247
74 265
74 277
74 288
74 291
74 305
74 316
74 326
74 344
74 347
74 361
74 364
74 367
74 375
74 380
74 384
74 414
74 431
74 435
74 436
74 478
74 503
75 79
75 101
75 103
75 111
75 115
75 121
75 128
75 131
75 134
75 140
75 142
75 171
75 173
75 177
75 181
75 190
75 195
75 203
75 206
75 209
75 214
75 230
75 238
75 248
75 254
75 292
75 313
75 332
75 343
75 353
75 364
75 365
75 371
75 434
75 447
75 452
75 454
75 462
75 468
75 500
75 511
76 79
76 81
76 84
76 85
76 86
76 89
76 105
76 110
76 111
76 112
76 122
76 133
76 135
76 137
76 139
76 147
76 151
76 152
76 169
76 179
76 182
76 185
76 196
76 214
76 216
76 219
76 224
76 253
76 254
76 258
76 267
76 280
76 296
76 299
76 304
76 318
76 337
76 340
76 345
76 346
76 350
76 367
76 390
76 391
76 417
76 463
76 466
76 494
76 508
77 116
77 132
77 149
77 171
77 176
77 196
77 207
77 209
77 225
77 233
77 235
77 306
77 308
77 312
77 314
77 331
77 343
77 345
77 347
77 420
77 429
77 441
77 467
77 469
78 81
78 82
78 92
78 116
78 124
78 144
78 152
78 197
78 199
78 219
78 259
78 269
78 285
78 289
78 302
78 344
78 354
78 363
78 366
78 370
78 389
78 393
78 396
78 437
78 455
78 465
78 496
79 80
79 86
79 87
79 88
79 89
79 92
79 98
79 115
79 129
79 136
79 139
79 149
79 156
79 160
79 161
79 165
79 170
79 174
79 198
79 212
79 227
79 238
79 250
79 261
79 299
79 303
79 330
79 334
79 357
79 366
79 393
79 395
79 404
79 434
79 447
79 454
79 461
79 462
79 465
79 488
80 94
80 119
80 142
80 144
80 166
80 168
80 170
80 175
80 216
80 227
80 274
80 308
80 309
80 382
80 389
80 425
80 427
81 114
81 133
81 159
81 164
81 171
81 180
81 199
81 200
81 205
81 225
81 228
81 280
81 281
81 286
81 321
81 325
81 356
81 361
81 366
81 465
81 510
82 92
82 96
82 106
82 108
82 109
82 111
82 112
82 116
82 119
82 120
82 122
82 124
82 125
82 130
82 134
82 136
82 153
82 162
82 174
82 176
82 219
82 239
82 241
82 271
82 278
82 281
82 289
82 304
82 340
82 348
82 382
82 386
82 387
82 394
82 398
82 400
82 409
82 423
82 425
82 435
82 462
82 476
82 481
82 485
82 495
83 101
83 105
83 122
83 124
83 157
83 192
83 220
83 223
83 227
83 275
83 281
83 303
83 315
83 321
83 340
83 404
83 419
83 426
83 501
84 109
84 129
84 169
84 218
84 250
84 335
84 356
84 414
84 424
84 474
84 479
84 485
85 86
85 94
85 98
85 109
85 114
85 137
85 148
85 172
85 180
85 183
85 195
85 201
85 204
85 207
85 220
85 246
85 329
85 367
85 371
85 373
85 388
85 463
85 475
86 124
86 128
86 135
86 165
86 193
86 203
86 205
86 207
86 212
86 229
86 230
86 237
86 275
86 314
86 329
86 347
86 421
86 447
86 470
87 108
87 285
87 296
87 338
87 359
87 419
87 428
87 470
88 98
88 104
88 111
88 131
88 139
88 229
88 244
88 246
88 353
88 360
88 388
88 436
88 463
88 502
89 92
89 110
89 118
89 131
89 140
89 173
89 192
89 210
89 219
89 273
89 287
89 303
89 325
89 384
89 397
89 411
89 486
89 502
90 92
90 98
90 110
90 113
90 126
90 129
90 161
90 173
90 176
90 184
90 205
90 239
90 248
90 255
90 265
90 323
90 374
90 391
90 401
90 410
90 438
90 449
90 482
90 492
90 493
90 499
91 105
91 143
91 183
91 197
91 307
91 346
91 467
92 202
92 283
92 416
92 494
93 132
93 140
93 147
93 182
93 233
93 240
93 309
93 333
93 467
94 98
94 114
94 166
94 458
95 101
95 201
95 348
95 506
96 111
96 124
96 136
96 140
96 187
96 189
96 199
96 212
96 236
96 241
96 257
96 273
96 287
96 331
96 339
96 366
96 377
96 406
96 462
96 471
96 499
97 107
97 115
97 122
97 125
97 144
97 155
97 161
97 190
97 194
97 224
97 232
97 243
97 256
97 257
97 267
97 302
97 306
97 392
97 410
97 436
97 457
97 459
97 471
97 509
98 101
98 105
98 109
98 122
98 130
98 140
98 160
98 166
98 175
98 180
98 192
98 198
98 208
98 222
98 239
98 275
98 285
98 305
98 364
98 379
98 385
98 396
98 410
98 421
98 439
98 468
98 471
98 473
98 478
98 481
98 507
99 100
99 103
99 106
99 107
99 118
99 132
99 194
99 255
99 289
99 290
99 304
99 323
99 325
99 363
99 373
99 377
99 436
99 455
99 457
99 460
99 464
99 468
99 486
99 495
99 508
100 106
100 110
100 115
100 121
100 148
100 151
100 159
100 167
100 171
100 189
100 190
100 202
100 210
100 213
100 222
100 228
100 255
100 285
100 294
100 362
100 366
100 367
100 388
100 389
100 417
100 423
100 442
100 444
100 446
100 448
100 457
100 477
100 483
101 103
101 107
101 115
101 150
101 151
101 158
101 162
101 246
101 248
101 249
101 417
101 420
101 443
101 449
101 456
101 459
102 121
102 129
102 138
102 140
102 151
102 158
102 185
102 203
102 219
102 242
102 247
102 260
102 267
102 270
102 281
102 310
102 339
102 344
102 371
102 411
102 412
102 422
102 424
102 426
102 435
102 441
102 450
102 469
102 491
102 494
102 495
102 501
102 505
102 510
103 107
103 114
103 119
103 126
103 136
103 147
103 150
103 163
103 177
103 189
103 200
103 203
103 225
103 226
103 235
103 245
103 247
103 261
103 276
103 291
103 305
103 307
103 308
103 320
103 330
103 341
103 351
103 355
103 379
103 408
103 411
103 414
103 424
103 427
103 434
103 436
103 438
104 121
104 131
104 144
104 145
104 157
104 163
104 181
104 222
104 255
104 280
104 311
104 335
104 343
104 355
104 359
104 385
104 389
104 419
104 444
104 509
105 118
105 123
105 131
105 178
105 180
105 197
105 230
105 264
105 267
105 346
105 349
105 350
105 360
105 383
105 384
105 387
105 389
105 391
105 396
105 428
105 435
105 446
105 450
105 451
105 463
105 470
105 473
105 481
105 487
105 497
105 503
105 511
106 122
106 138
106 140
106 141
106 185
106 195
106 243
106 246
106 256
106 271
106 294
106 306
106 307
106 335
106 337
106 339
106 340
106 347
106 351
106 362
106 376
106 378
106 408
106 410
106 434
106 436
106 455
106 458
106 462
106 481
106 483
106 488
106 496
107 111
107 119
107 170
107 178
107 200
107 205
107 221
107 225
107 227
107 232
107 238
107 249
107 267
107 274
107 278
107 280
107 282
107 283
107 296
107 327
107 348
107 378
107 410
107 422
107 437
107 449
107 459
107 498
108 123
108 133
108 149
108 163
108 168
108 177
108 181
108 190
108 197
108 199
108 210
108 228
108 242
108 249
108 257
108 261
108 268
108 269
108 278
108 303
108 326
108 339
108 366
108 369
108 375
108 379
108 409
108 419
108 424
108 443
108 445
108 478
108 500
109 116
109 120
109 152
109 180
109 189
109 190
109 191
109 203
109 248
109 268
109 269
109 272
109 284
109 289
109 299
109 328
109 341
109 351
109 373
109 386
109 400
109 414
109 424
109 453
109 461
109 468
109 472
110 123
110 137
110 139
110 171
110 180
110 206
110 209
110 247
110 258
110 318
110 321
110 331
110 353
110 403
110 418
110 454
110 504
110 509
111 138
111 190
111 238
111 244
111 260
111 263
111 272
111 326
111 352
111 434
111 453
111 496
112 127
112 132
112 138
112 148
112 157
112 164
112 182
112 205
112 216
112 219
112 232
112 243
112 248
112 249
112 276
112 308
112 313
112 322
112 328
112 344
112 398
112 411
112 418
112 420
112 449
112 454
112 459
112 463
112 509
113 125
113 138
113 145
113 148
113 154
113 156
113 163
113 173
113 213
113 220
113 222
113 245
113 251
113 274
113 285
113 300
113 333
113 365
113 388
113 427
113 436
113 498
114 116
114 117
114 120
114 130
114 132
114 141
114 147
114 163
114 172
114 175
114 191
114 193
114 198
114 200
114 220
114 277
114 295
114 296
114 297
114 301
114 318
114 321
114 324
114 369
114 370
114 400
114 415
114 419
114 422
114 436
114 454
115 135
115 145
115 166
115 175
115 216
115 217
115 254
115 255
115 257
115 261
115 334
115 335
115 341
115 343
115 416
115 468
115 472
115 475
115 481
115 493
116 125
116 128
116 138
116 142
116 171
116 203
116 209
116 210
116 252
116 295
116 298
116 300
116 304
116 339
116 346
116 372
116 377
116 405
116 429
116 462
116 470
116 483
117 126
117 153
117 266
117 270
117 298
117 305
117 309
117 314
117 325
117 385
117 423
117 447
117 458
117 476
117 482
118 126
118 165
118 228
118 243
118 295
118 324
118 372
118 472
119 125
119 133
119 166
119 192
119 209
119 211
119 237
119 266
119 304
119 314
119 352
119 365
119 380
120 124
120 168
120 186
120 226
120 273
120 307
120 400
121 128
121 132
121 158
121 186
121 212
121 227
121 241
121 442
121 457
121 469
122 139
122 152
122 170
122 173
122 183
122 199
122 205
122 208
122 234
122 242
122 265
122 276
122 317
122 374
122 378
122 406
122 433
122 461
123 127
123 253
123 348
124 142
124 193
124 202
124 253
124 321
125 127
125 151
125 430
125 490
126 151
126 174
126 324
127 253
127 376
127 494
128 140
128 152
128 154
128 155
128 167
128 179
128 180
128 193
128 213
128 214
128 221
128 231
128 262
128 281
128 292
128 299
128 301
128 304
128 335
128 338
128 370
128 379
128 386
128 416
128 447
128 453
128 454
128 479
128 488
129 163
129 188
129 189
129 193
129 208
129 223
129 240
129 241
129 244
129 257
129 260
129 272
129 277
129 290
129 364
129 394
129 413
129 449
129 465
129 504
130 163
130 169
130 186
130 188
130 197
130 201
130 202
130 208
130 209
130 226
130 236
130 237
130 247
130 249
130 254
130 278
130 296
130 301
130 311
130 319
130 327
130 345
130 346
130 391
130 431
130 441
130 446
130 497
130 498
131 143
131 144
131 150
131 160
131 164
131 167
131 169
131 171
131 177
131 178
131 181
131 191
131 194
131 218
131 223
131 239
131 249
131 283
131 290
131 298
131 301
131 305
131 309
131 330
131 380
131 385
131 388
131 394
131 400
131 418
131 437
131 476
131 480
131 484
131 509
132 174
132 178
132 218
132 231
132 234
132 237
132 242
132 266
132 293
132 296
132 379
132 407
132 409
132 423
133 134
133 137
133 147
133 174
133 304
133 312
133 375
133 397
133 418
134 136
134 149
134 180
134 215
134 236
134 252
134 276
134 303
134 346
134 368
134 372
134 381
135 145
135 152
135 158
135 162
135 165
135 183
135 187
135 199
135 291
135 300
135 310
135 318
135 335
135 358
135 380
135 402
135 403
135 409
135 421
135 433
135 440
135 455
135 504
135 509
136 139
136 174
136 176
136 191
136 212
136 225
136 245
136 341
136 378
136 401
136 473
137 146
137 152
137 155
137 182
137 186
137 200
137 217
137 235
137 241
137 247
137 248
137 288
137 321
137 359
137 365
137 378
137 383
137 421
137 422
137 441
137 488
138 142
138 160
138 167
138 223
138 241
138 282
138 293
138 306
138 312
138 332
138 334
138 337
138 347
138 357
138 390
138 407
138 425
138 435
138 494
139 146
139 148
139 149
139 166
139 167
139 176
139 178
139 208
139 212
139 243
139 255
139 264
139 267
139 271
139 299
139 305
139 308
139 343
139 359
139 368
139 372
139 378
139 379
139 385
139 386
139 404
139 421
139 483
139 486
139 500
140 214
140 219
140 232
140 236
140 279
140 286
140 322
140 325
140 342
140 355
140 392
140 396
140 411
140 456
140 464
140 498
141 145
141 147
141 191
141 205
141 207
141 234
141 251
141 260
141 278
141 284
141 292
141 313
141 371
141 383
141 439
141 457
141 490
141 492
142 152
142 171
142 224
142 252
142 253
142 277
142 352
142 354
142 360
142 365
142 394
142 405
142 406
142 421
142 431
142 448
142 452
142 453
142 462
142 467
143 160
143 162
143 194
143 195
143 220
143 224
143 244
143 248
143 263
143 284
143 289
143 292
143 294
143 297
143 299
143 310
143 322
143 329
143 370
143 371
143 402
143 418
143 461
144 146
144 153
144 160
144 161
144 172
144 179
144 183
144 235
144 238
144 282
144 291
144 316
144 392
144 456
144 464
144 484
144 491
144 503
145 155
145 170
145 187
145 206
145 218
145 241
145 261
145 262
145 286
145 300
145 350
145 351
145 359
145 362
145 439
145 466
145 484
146 195
146 217
146 232
146 234
146 253
146 275
146 281
146 335
146 348
146 375
146 389
147 153
147 170
147 212
147 244
147 260
147 282
147 365
147 413
147 415
147 440
148 157
148 182
148 185
148 196
148 264
148 271
148 309
148 337
148 403
149 179
149 203
149 210
149 211
149 269
149 320
149 331
149 364
149 472
150 168
150 230
150 247
150 292
150 295
150 324
150 422
150 441
150 457
150 505
150 506
151 158
151 169
151 174
151 201
151 211
151 218
151 226
151 228
151 315
151 342
151 386
151 399
151 436
151 450
151 456
151 460
152 170
152 184
152 215
152 474
153 168
153 229
153 342
153 384
153 474
154 165
154 167
154 170
154 177
154 184
154 185
154 189
154 227
154 355
154 361
154 367
154 506
155 214
155 216
155 233
155 300
155 327
155 337
155 378
155 383
155 388
155 439
155 445
155 479
155 502
156 244
156 376
156 392
157 158
157 225
157 248
157 315
157 441
158 435
159 218
160 167
160 188
160 197
160 204
160 225
160 232
160 263
160 287
160 310
160 327
160 334
160 337
160 338
160 357
160 392
160 487
160 511
161 166
161 181
161 205
161 264
161 270
161 287
161 297
161 301
161 340
161 349
161 384
161 398
161 401
161 452
161 453
162 163
162 184
162 210
162 217
162 219
162 220
162 226
162 229
162 237
162 242
162 248
162 255
162 260
162 276
162 281
162 293
162 319
162 322
162 332
162 380
162 385
162 397
162 417
163 175
163 182
163 232
163 234
163 236
163 247
163 273
163 280
163 302
163 306
163 340
163 355
163 369
163 370
163 372
163 413
163 416
163 431
163 434
163 467
164 196
164 216
164 254
164 290
164 342
164 381
164 471
164 478
164 509
165 227
165 254
165 327
165 328
165 358
165 376
165 383
165 393
165 402
165 422
165 427
165 466
165 506
166 199
166 223
166 247
166 250
166 262
166 265
166 277
166 305
166 313
166 333
166 345
166 350
166 359
166 379
166 407
166 445
167 171
167 174
167 181
167 211
167 233
167 240
167 262
167 267
167 333
167 347
167 368
167 372
167 390
167 429
167 441
167 447
167 454
167 484
167 510
168 169
168 180
168 231
168 234
168 270
168 273
168 275
168 292
168 299
168 322
168 395
168 440
168 503
168 506
169 182
169 198
169 213
169 216
169 218
169 222
169 224
169 225
169 236
169 251
169 273
169 275
169 299
169 300
169 309
169 320
169 329
169 341
169 347
169 356
169 387
169 424
169 429
169 458
169 469
169 479
169 485
169 486
169 509
170 178
170 221
170 223
170 271
170 279
170 304
170 339
170 367
170 428
170 433
170 445
170 483
171 201
171 226
171 277
171 327
171 330
171 339
171 374
171 434
171 500
171 501
172 188
172 199
172 252
172 262
172 286
172 332
172 336
172 375
172 420
172 449
172 493
173 183
173 209
173 245
173 303
173 306
173 357
173 381
173 452
173 456
174 176
174 191
174 242
174 253
174 256
174 257
174 278
174 297
174 303
174 307
174 322
174 328
174 330
174 376
174 456
174 501
175 198
175 224
175 278
175 291
175 297
175 300
175 307
175 318
175 322
175 323
175 329
175 333
175 334
175 384
175 392
175 399
175 414
175 421
175 457
175 459
175 469
176 182
176 204
176 213
176 264
176 273
176 326
176 372
176 403
176 474
177 178
177 184
177 195
177 206
177 213
177 217
177 274
177 297
177 301
177 338
177 380
177 423
177 434
177 459
177 472
177 474
177 476
177 505
178 184
178 215
178 238
178 267
178 294
178 349
178 371
178 379
178 407
178 408
178 487
178 490
178 501
179 211
179 223
179 297
179 298
179 313
179 319
179 337
179 350
179 354
179 358
179 372
179 444
179 456
179 503
180 188
180 200
180 207
180 215
180 233
180 245
180 274
180 291
180 351
180 362
180 480
181 205
181 209
181 214
181 221
181 228
181 239
181 273
181 283
181 302
181 426
181 491
181 509
182 258
182 298
182 393
182 445
183 246
183 295
183 400
183 440
183 465
183 490
183 497
184 195
184 210
184 387
184 493
184 499
185 216
185 279
185 281
185 284
185 332
185 419
186 193
186 208
186 242
186 319
186 324
186 391
186 402
188 208
188 211
188 247
188 279
188 299
188 460
188 476
188 511
189 291
189 367
190 267
190 285
190 305
190 345
190 353
190 393
190 511
191 236
192 220
192 262
192 265
192 266
192 274
192 287
192 290
192 315
192 316
192 325
192 344
192 407
192 430
192 447
192 450
192 453
192 504
193 211
193 214
193 223
193 224
193 251
193 261
193 308
193 329
193 342
193 470
194 206
194 217
194 226
194 232
194 238
194 269
194 275
194 284
194 303
194 308
194 324
194 329
194 385
194 390
194 406
194 409
194 428
194 429
194 451
194 490
194 496
195 208
195 217
195 229
195 252
195 259
195 302
195 315
195 317
195 334
195 428
195 442
195 460
195 474
196 214
196 235
196 238
196 240
196 244
196 253
196 260
196 271
196 283
196 308
196 341
196 345
196 361
196 404
196 458
196 499
197 199
197 206
197 227
197 259
197 261
197 265
197 270
197 278
197 284
197 301
197 338
197 345
197 353
197 375
197 399
197 427
197 484
198 200
198 202
198 208
198 210
198 219
198 222
198 235
198 268
198 377
198 378
198 381
198 390
198 415
198 438
198 486
198 491
199 206
199 221
199 226
199 234
199 242
199 249
199 272
199 275
199 353
199 360
199 363
199 375
199 402
199 410
199 412
199 433
199 480
199 503
199 508
199 509
199 511
200 221
200 239
200 245
200 250
200 274
200 298
200 307
200 314
200 415
200 473
200 506
201 266
201 280
201 317
201 414
202 222
202 229
202 237
202 241
202 259
202 311
202 344
202 359
202 380
202 420
202 508
203 218
203 223
203 254
203 275
203 298
203 311
203 356
203 367
203 397
203 404
203 430
203 450
203 471
204 205
204 213
204 220
204 225
204 237
204 245
204 258
204 274
204 291
204 374
204 399
204 481
205 249
205 287
205 292
205 323
205 369
205 371
205 384
205 488
206 221
206 242
206 253
206 338
206 373
206 398
206 436
206 474
206 507
207 224
207 234
207 388
207 406
207 412
208 216
208 222
208 242
208 268
208 283
208 304
208 322
208 355
208 388
208 420
208 432
208 448
208 460
208 475
208 483
209 217
209 229
209 247
209 250
209 275
209 277
209 282
209 311
209 320
209 351
209 412
209 454
210 225
210 240
210 315
210 326
210 340
210 379
210 415
210 421
210 423
210 440
210 491
211 216
211 247
211 266
211 314
211 317
211 332
211 334
211 339
211 349
211 370
211 372
211 402
211 406
211 437
211 442
211 466
212 239
212 259
212 282
212 314
212 369
212 393
213 220
213 239
213 259
213 277
213 336
213 356
213 385
213 410
213 443
213 475
213 479
213 483
214 261
214 285
214 309
214 351
214 394
214 407
214 409
214 476
215 220
215 274
215 280
216 276
216 318
216 327
216 353
216 368
216 381
216 404
216 433
216 470
218 257
218 364
218 370
219 226
219 341
219 369
219 426
220 332
220 353
220 443
220 467
220 482
221 279
221 282
221 373
222 225
222 265
222 268
222 391
224 293
224 313
224 324
224 407
224 409
224 424
224 493
225 338
225 377
225 389
225 404
225 406
225 414
225 441
225 453
225 459
226 250
226 349
226 455
226 484
226 500
227 230
227 231
227 288
227 296
227 330
227 335
227 337
227 341
227 345
227 374
227 391
227 427
227 477
227 510
228 229
228 243
228 257
228 275
228 302
228 402
228 419
228 422
228 480
228 485
228 488
228 496
229 243
229 259
229 260
229 301
229 312
229 326
229 351
229 356
229 357
229 451
229 498
230 239
230 323
230 351
230 362
230 371
230 374
230 403
230 410
230 416
230 434
230 453
230 457
230 475
231 411
231 430
231 471
232 240
232 243
232 262
232 267
232 276
232 312
232 325
232 348
232 408
232 438
232 455
232 480
233 262
233 272
233 300
233 323
233 350
233 451
233 478
234 266
234 284
234 292
234 323
234 375
234 417
234 489
234 492
235 247
235 269
235 270
235 283
235 371
235 473
235 508
236 245
236 250
236 329
236 448
236 472
236 486
237 258
237 292
237 293
237 302
237 325
237 374
237 424
237 430
237 446
237 475
237 491
237 493
237 507
238 259
238 262
238 269
238 283
238 290
238 334
238 336
238 338
238 384
238 423
238 503
239 425
239 432
239 458
239 469
239 474
239 506
240 241
240 261
240 263
240 282
240 312
240 326
240 395
240 504
241 388
242 284
242 307
242 334
242 375
242 451
242 454
242 461
242 497
242 502
242 509
243 252
243 253
243 264
243 288
243 308
243 319
243 332
243 348
243 352
243 385
243 387
243 459
243 461
243 502
244 260
244 277
244 360
244 468
244 478
244 505
245 336
245 344
245 415
245 461
246 376
246 420
246 465
246 486
246 498
246 499
248 270
248 288
248 302
248 315
248 387
248 431
248 432
249 250
249 269
249 483
250 377
250 484
251 275
251 316
251 324
251 432
251 489
252 324
253 308
253 358
253 377
253 398
253 456
254 299
254 350
254 506
255 278
255 335
255 439
255 467
256 306
256 310
256 339
256 353
256 378
256 391
256 395
256 411
256 426
256 427
257 304
257 320
257 392
257 449
257 469
257 480
258 299
258 354
258 425
258 439
258 461
258 489
258 498
259 374
259 386
260 262
260 293
260 346
260 408
260 477
260 478
260 481
260 505
261 283
261 291
261 330
261 396
261 507
262 286
262 340
262 370
262 484
263 276
263 330
263 350
263 391
263 408
263 447
263 473
263 476
264 340
264 385
264 386
264 412
264 417
264 466
265 314
265 330
265 341
265 483
265 492
266 272
266 275
266 294
266 342
266 358
266 387
266 407
266 443
266 467
266 490
267 279
267 311
267 325
267 345
267 354
267 372
267 422
267 444
267 511
268 284
268 285
268 319
268 322
268 323
268 344
268 368
268 443
268 462
269 273
269 362
269 366
269 392
269 398
269 429
269 435
269 440
269 450
269 502
270 273
270 364
270 382
271 337
271 400
271 407
271 482
271 498
272 324
272 363
272 383
272 391
272 453
272 465
272 478
272 480
273 347
273 499
274 307
274 342
274 357
274 411
274 444
274 491
274 495
275 316
275 367
275 463
276 294
276 295
276 317
276 327
276 357
276 396
276 421
276 437
276 459
276 479
277 279
277 283
277 336
277 342
277 352
277 395
277 472
277 490
277 500
278 395
279 294
279 413
279 498
280 315
280 359
281 356
281 360
281 366
281 393
281 435
282 337
282 502
283 336
283 345
283 395
284 325
284 386
284 461
285 296
285 369
285 399
287 340
287 349
288 344
288 414
288 422
288 431
288 481
289 377
289 417
289 428
289 435
289 436
289 479
289 505
290 396
290 494
291 308
291 320
291 386
291 431
291 446
291 457
292 303
292 309
292 347
292 379
292 396
292 433
292 434
292 438
292 482
293 307
293 322
293 348
293 420
293 481
293 505
294 295
294 296
294 362
295 323
295 352
295 392
295 497
296 297
296 355
296 368
296 405
296 452
297 327
297 393
297 406
297 429
297 445
297 480
298 300
298 328
298 346
298 431
298 468
298 471
298 473
299 379
300 320
300 414
300 428
300 432
300 461
300 476
300 485
300 493
301 313
301 331
301 371
301 427
301 438
301 462
302 475
302 477
303 351
303 430
303 468
304 318
304 323
304 327
304 363
304 373
304 380
304 387
304 396
304 417
304 443
304 461
304 464
304 475
304 504
304 508
305 309
305 400
305 434
305 491
306 312
306 425
306 450
306 495
307 354
307 361
307 373
307 410
307 433
307 494
308 313
308 339
308 366
308 373
308 413
308 476
309 323
309 332
309 368
309 409
309 432
309 481
310 330
310 395
310 462
310 510
311 345
311 396
311 397
311 412
311 425
311 470
312 330
312 348
312 440
312 487
313 421
314 383
314 418
314 444
316 484
317 325
317 399
317 437
317 466
318 377
318 417
319 443
320 364
320 365
320 389
320 426
320 428
320 432
321 360
321 368
321 399
321 400
321 404
321 419
321 426
321 450
321 452
321 485
322 328
322 382
322 440
322 443
322 459
323 334
323 386
323 388
323 391
323 431
324 363
324 449
324 450
325 350
325 355
325 385
325 445
326 341
326 422
326 460
327 347
327 360
327 366
327 394
327 395
327 410
327 424
327 445
328 331
328 364
328 390
328 391
328 501
329 357
329 370
329 390
329 411
330 383
330 468
331 361
332 340
333 392
333 467
334 429
334 454
334 465
334 496
335 370
335 416
335 424
335 437
335 454
335 489
336 381
336 446
336 457
336 464
336 471
337 352
337 433
338 357
338 373
338 388
338 501
339 360
339 487
339 495
339 507
340 348
340 353
340 379
340 425
340 476
341 372
341 442
341 463
342 444
342 468
342 491
343 428
343 454
343 472
344 371
344 412
345 360
346 468
346 479
347 373
347 399
347 404
347 424
349 398
351 362
351 439
351 497
352 458
352 505
353 416
353 423
353 441
353 449
354 416
354 444
354 448
354 495
355 427
355 433
355 445
355 446
355 460
356 376
358 361
358 432
358 448
358 466
358 473
358 482
359 368
359 398
359 429
360 405
360 492
361 374
361 413
361 420
361 461
362 365
362 403
362 418
362 422
362 492
362 502
363 401
363 455
364 389
364 447
364 462
364 488
364 496
364 507
364 511
365 407
365 442
366 401
366 415
366 440
366 446
367 381
367 390
367 393
368 389
368 479
369 379
369 411
369 503
369 506
370 377
370 413
370 494
371 376
371 384
371 439
372 377
372 493
373 391
374 408
374 434
375 491
376 418
377 410
377 414
377 435
379 485
379 491
380 464
382 384
383 444
384 401
384 421
385 423
385 435
385 438
385 447
385 491
386 449
387 396
387 417
387 485
387 503
388 408
388 432
388 446
390 438
391 395
391 501
392 449
392 464
392 510
393 426
393 452
393 508
394 399
394 413
394 469
394 473
395 462
395 511
396 430
396 452
396 471
397 418
397 430
397 459
397 465
398 485
398 496
399 469
399 489
401 442
401 478
402 489
402 509
403 449
403 483
403 498
404 437
404 458
404 473
404 486
405 474
405 489
405 501
406 490
407 474
408 409
408 414
408 510
409 473
413 498
415 504
416 417
416 428
416 451
416 463
418 429
418 499
418 506
419 426
420 432
420 450
420 457
420 469
420 477
422 442
422 488
422 510
423 487
423 504
424 467
425 471
427 440
428 488
429 437
429 458
429 496
430 469
430 475
430 478
431 474
432 448
433 494
434 489
434 502
434 510
436 437
438 462
440 465
440 504
442 507
443 455
445 490
447 448
448 460
449 456
449 466
449 470
449 510
450 451
450 504
451 463
453 467
454 489
454 502
455 472
455 499
456 496
457 464
457 477
457 499
458 487
458 511
459 495
459 505
460 481
461 467
461 472
462 494
462 511
463 495
464 477
464 503
465 507
467 510
469 477
471 489
471 508
473 507
484 496
484 510
485 489
486 499
486 508
489 495
491 495
498 505
