0 15 0.1
0 16 0.001
0 17 0.1
0 19 0.001
0 22 0.001
0 25 0.001
0 27 0.1
0 29 0.01
0 33 0.001
0 36 0.1
0 38 0.001
0 41 0.001
0 42 0.01
0 54 0.001
0 57 0.001
0 63 0.001
0 79 0.1
0 80 0.1
0 81 0.001
0 85 0.1
0 86 0.1
0 96 0.001
0 105 0.1
0 111 0.01
0 115 0.001
0 123 0.1
0 124 0.01
0 127 0.01
0 130 0.1
0 137 0.001
0 140 0.001
0 159 0.1
0 162 0.1
0 173 0.01
0 189 0.01
0 194 0.001
0 212 0.001
0 214 0.1
0 215 0.001
0 218 0.001
0 221 0.1
0 231 0.001
0 233 0.1
0 263 0.01
0 279 0.001
0 299 0.1
0 324 0.001
0 352 0.01
0 353 0.1
0 363 0.001
0 374 0.01
0 382 0.1
0 397 0.001
0 409 0.01
0 416 0.01
0 438 0.1
0 444 0.01
0 450 0.01
0 453 0.001
0 458 0.001
0 469 0.001
0 470 0.1
0 493 0.1
1 15 0.01
1 16 0.001
1 17 0.1
1 18 0.1
1 20 0.01
1 22 0.01
1 23 0.01
1 24 0.001
1 28 0.01
1 34 0.1
1 35 0.01
1 37 0.1
1 39 0.001
1 43 0.001
1 46 0.01
1 53 0.001
1 54 0.001
1 56 0.001
1 58 0.001
1 59 0.001
1 69 0.1
1 70 0.001
1 71 0.01
1 75 0.001
1 76 0.1
1 77 0.1
1 80 0.01
1 81 0.001
1 92 0.001
1 97 0.1
1 100 0.01
1 103 0.001
1 105 0.001
1 107 0.1
1 116 0.001
1 126 0.1
1 127 0.1
1 128 0.001
1 138 0.01
1 140 0.1
1 141 0.01
1 146 0.01
1 150 0.1
1 151 0.1
1 153 0.1
1 155 0.01
1 156 0.001
1 157 0.01
1 166 0.1
1 167 0.1
1 168 0.001
1 171 0.01
1 180 0.1
1 181 0.01
1 188 0.01
1 191 0.001
1 194 0.001
1 202 0.1
1 210 0.01
1 211 0.01
1 213 0.001
1 219 0.1
1 222 0.01
1 227 0.1
1 231 0.1
1 238 0.001
1 240 0.01
1 244 0.1
1 251 0.01
1 253 0.001
1 254 0.1
1 255 0.01
1 257 0.01
1 272 0.1
1 274 0.1
1 276 0.01
1 280 0.1
1 289 0.01
1 290 0.01
1 305 0.1
1 317 0.01
1 320 0.001
1 332 0.01
1 333 0.01
1 353 0.01
1 365 0.001
1 372 0.1
1 381 0.01
1 393 0.1
1 394 0.01
1 405 0.01
1 407 0.01
1 409 0.1
1 411 0.1
1 412 0.1
1 413 0.001
1 415 0.001
1 416 0.01
1 417 0.1
1 420 0.01
1 425 0.001
1 427 0.001
1 428 0.1
1 435 0.001
1 442 0.01
1 444 0.001
1 455 0.01
1 470 0.001
1 485 0.01
1 497 0.001
1 503 0.1
2 15 0.001
2 16 0.001
2 18 0.001
2 19 0.001
2 21 0.01
2 23 0.01
2 29 0.01
2 31 0.01
2 32 0.001
2 33 0.1
2 35 0.001
2 44 0.01
2 49 0.1
2 51 0.1
2 54 0.001
2 60 0.01
2 61 0.001
2 65 0.1
2 73 0.01
2 79 0.001
2 82 0.1
2 85 0.1
2 86 0.01
2 87 0.1
2 90 0.001
2 107 0.1
2 110 0.001
2 113 0.001
2 119 0.1
2 120 0.1
2 123 0.1
2 129 0.1
2 131 0.1
2 133 0.001
2 140 0.001
2 141 0.01
2 145 0.1
2 151 0.001
2 155 0.01
2 157 0.01
2 164 0.001
2 167 0.01
2 168 0.01
2 185 0.1
2 188 0.1
2 191 0.1
2 194 0.001
2 198 0.1
2 201 0.001
2 206 0.001
2 213 0.001
2 229 0.01
2 249 0.001
2 254 0.01
2 265 0.001
2 269 0.01
2 270 0.001
2 272 0.01
2 283 0.01
2 290 0.1
2 303 0.1
2 313 0.1
2 317 0.1
2 323 0.01
2 325 0.1
2 335 0.1
2 339 0.1
2 346 0.01
2 347 0.001
2 355 0.1
2 360 0.001
2 361 0.001
2 362 0.01
2 371 0.1
2 372 0.001
2 389 0.01
2 396 0.001
2 400 0.01
2 403 0.001
2 413 0.1
2 436 0.01
2 451 0.1
2 465 0.001
2 467 0.01
3 15 0.1
3 16 0.1
3 17 0.001
3 18 0.1
3 20 0.1
3 21 0.1
3 23 0.01
3 24 0.001
3 26 0.1
3 27 0.1
3 28 0.1
3 29 0.001
3 30 0.01
3 33 0.01
3 34 0.001
3 35 0.001
3 36 0.1
3 38 0.01
3 40 0.1
3 44 0.01
3 45 0.001
3 46 0.01
3 47 0.01
3 49 0.1
3 50 0.001
3 52 0.001
3 55 0.1
3 57 0.01
3 59 0.1
3 60 0.001
3 66 0.001
3 74 0.01
3 75 0.1
3 81 0.1
3 83 0.01
3 86 0.001
3 92 0.01
3 93 0.1
3 95 0.1
3 99 0.01
3 100 0.001
3 101 0.1
3 102 0.1
3 104 0.1
3 108 0.01
3 114 0.001
3 120 0.001
3 129 0.1
3 132 0.01
3 134 0.01
3 135 0.1
3 137 0.01
3 142 0.1
3 147 0.01
3 150 0.001
3 151 0.001
3 159 0.01
3 161 0.1
3 165 0.001
3 178 0.001
3 180 0.001
3 182 0.01
3 183 0.01
3 186 0.001
3 189 0.001
3 190 0.001
3 199 0.001
3 202 0.01
3 207 0.001
3 214 0.1
3 215 0.1
3 218 0.1
3 230 0.001
3 244 0.001
3 249 0.01
3 251 0.01
3 254 0.001
3 255 0.01
3 256 0.01
3 259 0.001
3 264 0.1
3 266 0.001
3 268 0.01
3 279 0.01
3 286 0.01
3 287 0.001
3 295 0.1
3 296 0.1
3 303 0.001
3 308 0.001
3 311 0.001
3 316 0.001
3 317 0.001
3 318 0.01
3 319 0.001
3 321 0.1
3 323 0.001
3 324 0.1
3 327 0.001
3 328 0.001
3 338 0.01
3 346 0.1
3 348 0.01
3 349 0.1
3 353 0.1
3 355 0.01
3 375 0.001
3 376 0.001
3 377 0.1
3 391 0.01
3 395 0.01
3 401 0.001
3 408 0.01
3 411 0.001
3 414 0.01
3 416 0.001
3 423 0.1
3 425 0.1
3 426 0.1
3 432 0.001
3 433 0.1
3 450 0.1
3 452 0.001
3 465 0.01
3 478 0.001
3 486 0.01
3 491 0.01
3 501 0.1
3 508 0.1
4 15 0.001
4 16 0.01
4 17 0.1
4 19 0.1
4 20 0.001
4 22 0.1
4 24 0.001
4 25 0.1
4 29 0.001
4 30 0.1
4 32 0.001
4 35 0.01
4 42 0.1
4 46 0.01
4 49 0.1
4 60 0.1
4 61 0.1
4 63 0.1
4 64 0.001
4 66 0.1
4 79 0.01
4 95 0.1
4 101 0.1
4 112 0.001
4 119 0.1
4 124 0.01
4 136 0.1
4 151 0.01
4 174 0.1
4 176 0.1
4 192 0.01
4 193 0.1
4 219 0.01
4 244 0.001
4 248 0.1
4 252 0.01
4 257 0.1
4 272 0.01
4 275 0.001
4 286 0.01
4 311 0.1
4 316 0.01
4 318 0.001
4 369 0.1
4 373 0.01
4 376 0.001
4 390 0.01
4 442 0.001
4 448 0.1
4 461 0.1
4 469 0.1
4 475 0.1
4 491 0.01
4 495 0.001
4 509 0.001
5 15 0.01
5 16 0.1
5 17 0.1
5 18 0.01
5 19 0.001
5 21 0.1
5 22 0.001
5 23 0.1
5 25 0.01
5 26 0.001
5 31 0.01
5 36 0.001
5 39 0.01
5 43 0.001
5 46 0.001
5 48 0.01
5 53 0.01
5 57 0.001
5 58 0.1
5 75 0.01
5 84 0.1
5 86 0.1
5 90 0.01
5 101 0.1
5 104 0.01
5 109 0.001
5 116 0.1
5 121 0.01
5 128 0.01
5 139 0.001
5 141 0.001
5 143 0.001
5 162 0.1
5 165 0.1
5 169 0.01
5 170 0.001
5 173 0.001
5 181 0.1
5 193 0.01
5 196 0.001
5 198 0.001
5 200 0.01
5 203 0.001
5 208 0.001
5 213 0.01
5 217 0.001
5 226 0.1
5 228 0.1
5 229 0.1
5 232 0.001
5 234 0.001
5 243 0.1
5 246 0.01
5 261 0.1
5 263 0.001
5 265 0.1
5 267 0.01
5 273 0.001
5 275 0.01
5 285 0.001
5 286 0.001
5 294 0.1
5 295 0.001
5 298 0.001
5 300 0.01
5 308 0.001
5 309 0.01
5 347 0.001
5 348 0.1
5 350 0.01
5 359 0.01
5 371 0.1
5 375 0.01
5 386 0.1
5 389 0.001
5 392 0.001
5 396 0.001
5 442 0.1
5 444 0.001
5 454 0.01
5 467 0.01
5 475 0.001
5 478 0.001
5 482 0.01
5 483 0.1
5 487 0.1
5 489 0.1
5 502 0.001
6 15 0.1
6 16 0.1
6 21 0.001
6 23 0.001
6 24 0.1
6 26 0.1
6 28 0.1
6 31 0.01
6 32 0.1
6 34 0.1
6 42 0.01
6 44 0.01
6 45 0.001
6 50 0.1
6 52 0.1
6 54 0.001
6 61 0.01
6 71 0.001
6 72 0.001
6 78 0.001
6 82 0.01
6 83 0.1
6 84 0.1
6 102 0.1
6 103 0.01
6 112 0.01
6 122 0.1
6 127 0.1
6 135 0.1
6 138 0.01
6 155 0.001
6 160 0.001
6 164 0.1
6 167 0.1
6 169 0.1
6 171 0.01
6 176 0.001
6 183 0.1
6 188 0.01
6 189 0.001
6 207 0.01
6 209 0.01
6 210 0.01
6 212 0.01
6 214 0.001
6 218 0.1
6 231 0.1
6 237 0.01
6 249 0.001
6 252 0.001
6 253 0.01
6 254 0.001
6 262 0.01
6 264 0.01
6 267 0.001
6 274 0.1
6 275 0.1
6 280 0.001
6 284 0.01
6 287 0.001
6 288 0.1
6 290 0.1
6 292 0.01
6 299 0.1
6 305 0.01
6 310 0.001
6 317 0.01
6 320 0.1
6 329 0.001
6 355 0.1
6 356 0.1
6 358 0.001
6 359 0.1
6 360 0.001
6 365 0.01
6 370 0.01
6 377 0.1
6 401 0.001
6 403 0.001
6 409 0.01
6 429 0.001
6 450 0.001
6 451 0.1
6 459 0.001
6 464 0.01
6 469 0.001
6 486 0.001
6 500 0.001
6 501 0.1
7 15 0.001
7 16 0.001
7 17 0.1
7 18 0.1
7 19 0.001
7 20 0.1
7 22 0.01
7 23 0.01
7 24 0.1
7 25 0.001
7 28 0.001
7 29 0.001
7 30 0.1
7 31 0.01
7 32 0.1
7 33 0.001
7 34 0.001
7 35 0.1
7 37 0.001
7 40 0.001
7 41 0.1
7 48 0.1
7 51 0.1
7 54 0.001
7 56 0.01
7 57 0.001
7 60 0.1
7 61 0.01
7 68 0.001
7 76 0.001
7 79 0.01
7 83 0.001
7 84 0.1
7 87 0.001
7 88 0.1
7 95 0.001
7 99 0.001
7 101 0.1
7 105 0.01
7 117 0.001
7 118 0.01
7 128 0.001
7 129 0.1
7 131 0.1
7 134 0.1
7 145 0.1
7 148 0.1
7 150 0.001
7 157 0.01
7 159 0.1
7 163 0.001
7 166 0.01
7 170 0.001
7 175 0.001
7 185 0.01
7 186 0.1
7 194 0.01
7 199 0.01
7 213 0.1
7 218 0.01
7 220 0.1
7 228 0.1
7 242 0.01
7 244 0.01
7 246 0.001
7 251 0.001
7 256 0.001
7 258 0.001
7 259 0.001
7 281 0.01
7 288 0.01
7 293 0.001
7 302 0.01
7 306 0.001
7 309 0.1
7 315 0.01
7 323 0.1
7 328 0.001
7 330 0.01
7 343 0.01
7 345 0.001
7 347 0.001
7 354 0.001
7 360 0.001
7 363 0.001
7 372 0.1
7 377 0.001
7 385 0.1
7 389 0.001
7 397 0.01
7 416 0.001
7 419 0.001
7 420 0.01
7 428 0.001
7 434 0.1
7 451 0.001
7 456 0.1
7 464 0.1
7 465 0.001
7 469 0.01
7 471 0.1
7 475 0.1
7 490 0.1
7 501 0.01
7 502 0.001
7 505 0.01
7 511 0.1
8 15 0.1
8 17 0.01
8 18 0.1
8 19 0.01
8 20 0.001
8 21 0.01
8 22 0.001
8 23 0.1
8 26 0.01
8 27 0.001
8 28 0.001
8 29 0.01
8 34 0.001
8 41 0.1
8 45 0.1
8 50 0.001
8 51 0.001
8 53 0.01
8 55 0.01
8 61 0.001
8 63 0.1
8 65 0.1
8 66 0.1
8 67 0.01
8 69 0.001
8 70 0.1
8 71 0.01
8 72 0.1
8 73 0.001
8 77 0.001
8 81 0.01
8 84 0.01
8 89 0.001
8 90 0.001
8 91 0.01
8 92 0.01
8 96 0.01
8 98 0.001
8 99 0.01
8 100 0.1
8 101 0.01
8 106 0.01
8 108 0.001
8 110 0.01
8 113 0.1
8 131 0.001
8 144 0.01
8 151 0.01
8 157 0.1
8 159 0.001
8 160 0.01
8 163 0.1
8 187 0.001
8 206 0.1
8 218 0.01
8 220 0.01
8 256 0.001
8 257 0.1
8 262 0.001
8 266 0.1
8 282 0.1
8 287 0.001
8 296 0.001
8 299 0.01
8 315 0.01
8 320 0.001
8 321 0.01
8 327 0.001
8 338 0.1
8 342 0.01
8 363 0.001
8 382 0.1
8 386 0.1
8 389 0.01
8 400 0.001
8 409 0.001
8 413 0.001
8 418 0.1
8 422 0.01
8 426 0.01
8 428 0.001
8 434 0.01
8 438 0.1
8 454 0.01
8 462 0.001
8 465 0.1
8 477 0.01
8 485 0.01
8 490 0.1
8 491 0.001
8 493 0.1
8 496 0.001
9 15 0.01
9 16 0.01
9 17 0.1
9 18 0.001
9 20 0.001
9 22 0.1
9 26 0.1
9 31 0.1
9 32 0.01
9 37 0.01
9 38 0.1
9 40 0.01
9 48 0.01
9 49 0.1
9 50 0.1
9 52 0.01
9 53 0.01
9 54 0.1
9 60 0.01
9 69 0.1
9 72 0.1
9 73 0.1
9 74 0.1
9 81 0.001
9 85 0.1
9 89 0.001
9 92 0.1
9 103 0.001
9 105 0.1
9 124 0.001
9 125 0.01
9 127 0.001
9 134 0.1
9 155 0.01
9 157 0.001
9 160 0.001
9 167 0.001
9 173 0.1
9 179 0.01
9 201 0.01
9 203 0.001
9 205 0.1
9 232 0.1
9 239 0.01
9 256 0.1
9 258 0.1
9 269 0.1
9 273 0.001
9 279 0.01
9 302 0.1
9 316 0.001
9 354 0.01
9 363 0.1
9 381 0.1
9 396 0.01
9 403 0.01
9 416 0.01
9 430 0.1
9 432 0.01
9 450 0.01
9 455 0.1
9 477 0.1
9 490 0.1
9 495 0.1
10 15 0.001
10 16 0.1
10 17 0.01
10 18 0.01
10 19 0.01
10 20 0.1
10 21 0.1
10 23 0.01
10 25 0.01
10 26 0.1
10 29 0.001
10 34 0.001
10 40 0.001
10 42 0.01
10 43 0.1
10 45 0.1
10 46 0.01
10 47 0.01
10 51 0.1
10 53 0.001
10 56 0.001
10 57 0.1
10 59 0.01
10 61 0.1
10 62 0.01
10 63 0.01
10 69 0.01
10 70 0.1
10 71 0.001
10 77 0.01
10 78 0.001
10 85 0.1
10 86 0.01
10 90 0.1
10 94 0.1
10 98 0.001
10 103 0.1
10 109 0.001
10 115 0.1
10 116 0.1
10 124 0.1
10 129 0.01
10 143 0.001
10 147 0.1
10 154 0.001
10 157 0.01
10 164 0.1
10 172 0.001
10 175 0.1
10 186 0.01
10 190 0.1
10 196 0.01
10 208 0.1
10 223 0.001
10 224 0.1
10 226 0.01
10 228 0.1
10 232 0.001
10 233 0.001
10 245 0.01
10 247 0.001
10 250 0.001
10 259 0.1
10 260 0.001
10 265 0.1
10 268 0.1
10 276 0.01
10 298 0.01
10 299 0.1
10 304 0.1
10 307 0.1
10 311 0.01
10 320 0.001
10 326 0.001
10 331 0.001
10 356 0.01
10 365 0.1
10 383 0.1
10 385 0.1
10 386 0.1
10 388 0.001
10 394 0.1
10 398 0.01
10 400 0.001
10 405 0.1
10 415 0.01
10 417 0.01
10 424 0.1
10 437 0.001
10 467 0.01
10 475 0.01
10 476 0.01
10 495 0.001
10 497 0.01
10 500 0.001
10 509 0.01
11 15 0.001
11 16 0.1
11 17 0.001
11 18 0.01
11 19 0.1
11 20 0.1
11 21 0.001
11 25 0.001
11 27 0.001
11 29 0.001
11 31 0.001
11 34 0.001
11 44 0.001
11 47 0.1
11 51 0.001
11 56 0.001
11 60 0.1
11 73 0.1
11 76 0.1
11 102 0.001
11 125 0.1
11 128 0.001
11 141 0.01
11 163 0.001
11 179 0.1
11 185 0.001
11 200 0.1
11 214 0.1
11 215 0.001
11 247 0.001
11 252 0.01
11 258 0.001
11 261 0.1
11 270 0.001
11 281 0.01
11 309 0.001
11 357 0.001
11 362 0.001
11 382 0.01
11 383 0.1
11 391 0.01
11 452 0.01
11 479 0.01
12 15 0.001
12 16 0.1
12 17 0.001
12 18 0.001
12 19 0.1
12 21 0.001
12 22 0.1
12 23 0.001
12 24 0.01
12 25 0.001
12 26 0.01
12 28 0.1
12 30 0.001
12 31 0.01
12 32 0.01
12 33 0.001
12 34 0.1
12 35 0.001
12 36 0.01
12 38 0.1
12 41 0.001
12 43 0.001
12 44 0.1
12 45 0.01
12 50 0.001
12 54 0.1
12 56 0.1
12 59 0.001
12 60 0.01
12 61 0.001
12 73 0.01
12 80 0.01
12 90 0.1
12 91 0.1
12 95 0.01
12 97 0.001
12 99 0.1
12 100 0.01
12 102 0.01
12 106 0.001
12 108 0.01
12 125 0.001
12 126 0.01
12 134 0.01
12 159 0.1
12 171 0.01
12 177 0.001
12 178 0.001
12 181 0.1
12 189 0.1
12 192 0.001
12 194 0.1
12 201 0.1
12 203 0.01
12 205 0.001
12 206 0.001
12 212 0.001
12 217 0.1
12 221 0.1
12 225 0.001
12 237 0.001
12 241 0.001
12 245 0.01
12 251 0.1
12 265 0.1
12 267 0.01
12 280 0.01
12 283 0.001
12 293 0.001
12 302 0.1
12 309 0.1
12 313 0.001
12 320 0.01
12 325 0.001
12 330 0.1
12 345 0.1
12 353 0.1
12 361 0.01
12 383 0.01
12 388 0.01
12 405 0.1
12 415 0.001
12 419 0.001
12 425 0.1
12 426 0.01
12 432 0.1
12 443 0.001
12 445 0.1
12 448 0.001
12 468 0.001
12 469 0.001
12 483 0.1
12 502 0.001
12 509 0.01
13 15 0.001
13 16 0.001
13 17 0.001
13 18 0.1
13 19 0.1
13 20 0.01
13 21 0.01
13 22 0.01
13 24 0.1
13 25 0.01
13 28 0.001
13 32 0.01
13 34 0.1
13 35 0.001
13 36 0.01
13 37 0.001
13 38 0.1
13 39 0.001
13 40 0.001
13 42 0.1
13 45 0.1
13 48 0.1
13 49 0.1
13 56 0.01
13 59 0.001
13 62 0.01
13 64 0.01
13 72 0.001
13 73 0.001
13 77 0.01
13 82 0.1
13 90 0.001
13 92 0.1
13 93 0.001
13 94 0.001
13 99 0.001
13 112 0.001
13 113 0.1
13 121 0.01
13 124 0.1
13 126 0.01
13 138 0.01
13 148 0.01
13 156 0.001
13 158 0.01
13 161 0.001
13 166 0.1
13 168 0.1
13 169 0.001
13 170 0.001
13 171 0.1
13 177 0.1
13 178 0.01
13 180 0.01
13 181 0.1
13 190 0.01
13 199 0.1
13 217 0.1
13 225 0.1
13 234 0.01
13 244 0.001
13 245 0.01
13 246 0.01
13 247 0.001
13 258 0.01
13 273 0.001
13 297 0.01
13 299 0.01
13 300 0.001
13 313 0.01
13 334 0.001
13 351 0.01
13 357 0.001
13 360 0.1
13 363 0.001
13 372 0.01
13 374 0.01
13 380 0.1
13 393 0.01
13 395 0.1
13 416 0.01
13 429 0.1
13 456 0.01
13 470 0.1
13 497 0.001
13 504 0.001
13 505 0.1
13 508 0.01
14 15 0.1
14 16 0.001
14 17 0.001
14 18 0.001
14 19 0.01
14 20 0.001
14 21 0.001
14 22 0.1
14 23 0.01
14 24 0.01
14 25 0.1
14 26 0.1
14 27 0.1
14 28 0.001
14 30 0.01
14 32 0.01
14 35 0.001
14 36 0.01
14 37 0.1
14 39 0.001
14 40 0.001
14 41 0.001
14 43 0.001
14 44 0.001
14 45 0.01
14 46 0.01
14 47 0.001
14 48 0.001
14 50 0.1
14 51 0.1
14 57 0.01
14 58 0.1
14 59 0.01
14 62 0.01
14 63 0.1
14 66 0.01
14 67 0.001
14 68 0.001
14 70 0.1
14 71 0.001
14 73 0.1
14 74 0.1
14 80 0.001
14 83 0.01
14 88 0.1
14 89 0.1
14 90 0.01
14 92 0.01
14 93 0.001
14 95 0.1
14 97 0.1
14 103 0.01
14 105 0.001
14 107 0.01
14 113 0.01
14 115 0.01
14 117 0.001
14 122 0.1
14 125 0.001
14 130 0.1
14 132 0.01
14 133 0.001
14 135 0.001
14 136 0.1
14 150 0.001
14 153 0.001
14 155 0.1
14 156 0.01
14 161 0.001
14 168 0.1
14 170 0.001
14 172 0.01
14 181 0.1
14 184 0.001
14 185 0.1
14 189 0.001
14 196 0.001
14 197 0.01
14 206 0.1
14 213 0.01
14 214 0.1
14 219 0.1
14 221 0.001
14 228 0.01
14 235 0.001
14 236 0.001
14 238 0.1
14 242 0.01
14 247 0.001
14 251 0.1
14 253 0.001
14 257 0.1
14 261 0.001
14 263 0.1
14 270 0.1
14 289 0.01
14 290 0.01
14 291 0.001
14 295 0.1
14 299 0.1
14 308 0.001
14 309 0.1
14 317 0.1
14 322 0.1
14 337 0.1
14 338 0.1
14 340 0.001
14 343 0.1
14 345 0.01
14 362 0.001
14 366 0.1
14 367 0.01
14 368 0.1
14 371 0.001
14 385 0.01
14 393 0.01
14 398 0.1
14 421 0.1
14 422 0.001
14 432 0.01
14 438 0.01
14 444 0.001
14 447 0.1
14 466 0.001
14 471 0.01
14 472 0.01
14 474 0.01
14 484 0.01
14 486 0.1
14 490 0.1
14 503 0.01
15 16 0.1
15 17 0.01
15 18 0.001
15 19 0.001
15 20 0.001
15 21 0.001
15 22 0.01
15 23 0.1
15 24 0.01
15 25 0.001
15 26 0.1
15 27 0.01
15 28 0.1
15 29 0.01
15 30 0.001
15 31 0.01
15 32 0.001
15 33 0.01
15 34 0.1
15 35 0.01
15 36 0.001
15 37 0.1
15 38 0.001
15 40 0.001
15 41 0.01
15 42 0.001
15 43 0.01
15 44 0.1
15 45 0.001
15 47 0.01
15 48 0.001
15 49 0.001
15 50 0.001
15 52 0.01
15 55 0.01
15 58 0.001
15 59 0.001
15 61 0.1
15 62 0.001
15 64 0.001
15 66 0.1
15 67 0.01
15 69 0.001
15 72 0.001
15 74 0.001
15 75 0.01
15 76 0.1
15 77 0.1
15 78 0.1
15 80 0.01
15 81 0.01
15 82 0.1
15 84 0.001
15 86 0.1
15 88 0.1
15 89 0.01
15 90 0.1
15 92 0.1
15 93 0.01
15 96 0.001
15 98 0.1
15 100 0.1
15 101 0.1
15 102 0.001
15 118 0.1
15 123 0.001
15 125 0.001
15 126 0.1
15 128 0.1
15 135 0.01
15 141 0.001
15 145 0.01
15 147 0.01
15 151 0.01
15 152 0.01
15 153 0.01
15 154 0.01
15 158 0.1
15 162 0.001
15 163 0.01
15 168 0.1
15 170 0.01
15 171 0.1
15 173 0.1
15 174 0.001
15 178 0.01
15 181 0.1
15 182 0.1
15 183 0.1
15 184 0.01
15 185 0.01
15 189 0.001
15 190 0.1
15 193 0.1
15 201 0.001
15 202 0.001
15 204 0.01
15 205 0.001
15 207 0.001
15 215 0.001
15 217 0.001
15 220 0.1
15 225 0.1
15 226 0.001
15 230 0.1
15 236 0.1
15 237 0.1
15 238 0.01
15 239 0.001
15 240 0.001
15 241 0.1
15 247 0.01
15 250 0.1
15 251 0.01
15 253 0.001
15 257 0.001
15 263 0.1
15 265 0.001
15 272 0.1
15 275 0.001
15 276 0.001
15 281 0.1
15 284 0.1
15 289 0.01
15 292 0.01
15 297 0.001
15 310 0.1
15 313 0.1
15 322 0.001
15 328 0.001
15 332 0.001
15 335 0.01
15 336 0.1
15 340 0.001
15 346 0.001
15 348 0.001
15 354 0.1
15 358 0.1
15 361 0.1
15 362 0.01
15 365 0.001
15 366 0.01
15 371 0.001
15 373 0.001
15 374 0.001
15 375 0.1
15 380 0.01
15 383 0.01
15 384 0.001
15 390 0.01
15 392 0.001
15 402 0.01
15 403 0.001
15 406 0.001
15 407 0.01
15 420 0.001
15 424 0.001
15 425 0.1
15 426 0.001
15 442 0.1
15 446 0.1
15 449 0.1
15 460 0.001
15 462 0.1
15 469 0.1
15 470 0.1
15 471 0.01
15 474 0.01
15 483 0.01
15 484 0.001
15 486 0.001
15 501 0.1
15 503 0.001
16 18 0.1
16 19 0.001
16 20 0.1
16 21 0.01
16 22 0.001
16 24 0.01
16 26 0.01
16 27 0.001
16 28 0.1
16 29 0.1
16 30 0.001
16 31 0.1
16 32 0.01
16 33 0.1
16 35 0.1
16 36 0.01
16 37 0.001
16 38 0.1
16 40 0.001
16 42 0.001
16 43 0.01
16 44 0.001
16 45 0.1
16 47 0.1
16 48 0.1
16 49 0.01
16 51 0.1
16 55 0.1
16 57 0.01
16 62 0.001
16 66 0.01
16 68 0.001
16 69 0.001
16 70 0.1
16 72 0.1
16 75 0.01
16 76 0.1
16 77 0.001
16 78 0.001
16 90 0.001
16 91 0.001
16 92 0.1
16 95 0.1
16 98 0.001
16 100 0.1
16 102 0.001
16 105 0.01
16 107 0.01
16 109 0.001
16 110 0.001
16 114 0.01
16 116 0.1
16 119 0.001
16 125 0.1
16 126 0.1
16 127 0.001
16 130 0.001
16 132 0.001
16 136 0.01
16 137 0.01
16 138 0.01
16 143 0.001
16 149 0.1
16 154 0.01
16 156 0.1
16 162 0.01
16 168 0.01
16 169 0.001
16 174 0.01
16 177 0.1
16 179 0.001
16 188 0.001
16 196 0.1
16 197 0.001
16 198 0.1
16 199 0.01
16 203 0.1
16 215 0.01
16 219 0.001
16 224 0.01
16 228 0.001
16 229 0.001
16 233 0.001
16 234 0.1
16 240 0.1
16 255 0.001
16 268 0.1
16 269 0.001
16 276 0.1
16 277 0.1
16 283 0.01
16 290 0.01
16 294 0.1
16 300 0.001
16 304 0.1
16 307 0.001
16 310 0.01
16 323 0.001
16 331 0.001
16 334 0.01
16 337 0.001
16 345 0.1
16 354 0.01
16 356 0.01
16 360 0.001
16 368 0.001
16 373 0.01
16 378 0.01
16 382 0.1
16 383 0.1
16 385 0.001
16 395 0.1
16 398 0.1
16 405 0.1
16 411 0.01
16 412 0.01
16 413 0.001
16 415 0.001
16 418 0.1
16 420 0.01
16 428 0.1
16 433 0.001
16 434 0.01
16 437 0.1
16 439 0.001
16 442 0.01
16 446 0.1
16 455 0.001
16 458 0.1
16 462 0.1
16 463 0.01
16 478 0.001
16 489 0.1
16 495 0.1
16 503 0.01
16 506 0.001
17 18 0.1
17 19 0.01
17 22 0.001
17 23 0.1
17 24 0.01
17 25 0.001
17 26 0.1
17 27 0.1
17 28 0.1
17 31 0.1
17 32 0.01
17 36 0.1
17 37 0.001
17 38 0.1
17 39 0.1
17 43 0.001
17 44 0.001
17 46 0.1
17 47 0.1
17 50 0.1
17 51 0.001
17 55 0.001
17 58 0.001
17 59 0.01
17 61 0.01
17 62 0.1
17 63 0.01
17 64 0.001
17 66 0.1
17 68 0.1
17 69 0.001
17 70 0.001
17 73 0.01
17 74 0.001
17 76 0.001
17 77 0.001
17 79 0.1
17 80 0.01
17 82 0.1
17 90 0.001
17 92 0.01
17 95 0.001
17 96 0.001
17 97 0.1
17 98 0.1
17 99 0.01
17 101 0.1
17 105 0.1
17 109 0.001
17 110 0.1
17 113 0.1
17 118 0.01
17 123 0.1
17 126 0.001
17 130 0.001
17 131 0.001
17 132 0.001
17 141 0.01
17 142 0.01
17 147 0.001
17 148 0.01
17 151 0.1
17 153 0.001
17 157 0.01
17 162 0.01
17 163 0.01
17 165 0.01
17 168 0.01
17 171 0.1
17 174 0.001
17 180 0.1
17 182 0.1
17 190 0.001
17 192 0.001
17 194 0.01
17 204 0.01
17 207 0.01
17 208 0.1
17 210 0.1
17 220 0.01
17 223 0.1
17 224 0.01
17 226 0.1
17 229 0.001
17 234 0.001
17 235 0.001
17 239 0.1
17 241 0.1
17 244 0.001
17 252 0.1
17 261 0.01
17 262 0.1
17 267 0.01
17 273 0.01
17 285 0.001
17 287 0.001
17 289 0.001
17 292 0.01
17 299 0.01
17 307 0.01
17 309 0.1
17 311 0.01
17 325 0.001
17 337 0.01
17 338 0.01
17 340 0.01
17 346 0.001
17 363 0.01
17 373 0.001
17 375 0.001
17 379 0.001
17 382 0.1
17 383 0.001
17 385 0.1
17 386 0.01
17 395 0.001
17 399 0.1
17 408 0.1
17 412 0.1
17 419 0.1
17 420 0.001
17 421 0.1
17 439 0.1
17 440 0.001
17 448 0.01
17 464 0.01
17 465 0.01
17 466 0.1
17 470 0.001
17 473 0.1
17 474 0.01
17 487 0.1
17 489 0.001
17 500 0.1
17 501 0.01
17 507 0.1
18 19 0.001
18 21 0.001
18 22 0.001
18 23 0.001
18 24 0.01
18 26 0.01
18 27 0.001
18 28 0.01
18 29 0.1
18 30 0.01
18 31 0.1
18 32 0.001
18 34 0.01
18 35 0.1
18 38 0.1
18 39 0.1
18 41 0.1
18 43 0.1
18 45 0.1
18 47 0.001
18 50 0.01
18 53 0.01
18 54 0.1
18 55 0.01
18 57 0.001
18 61 0.1
18 64 0.01
18 67 0.1
18 70 0.01
18 72 0.001
18 73 0.001
18 74 0.001
18 78 0.001
18 80 0.001
18 82 0.01
18 84 0.01
18 86 0.1
18 87 0.1
18 88 0.01
18 89 0.01
18 91 0.01
18 93 0.001
18 94 0.01
18 95 0.01
18 96 0.001
18 99 0.1
18 101 0.1
18 102 0.001
18 103 0.1
18 106 0.01
18 107 0.001
18 108 0.01
18 114 0.001
18 118 0.01
18 121 0.001
18 126 0.01
18 127 0.1
18 129 0.001
18 133 0.1
18 134 0.01
18 138 0.01
18 142 0.001
18 143 0.001
18 145 0.01
18 147 0.001
18 151 0.001
18 159 0.1
18 163 0.001
18 164 0.001
18 168 0.01
18 178 0.001
18 179 0.1
18 181 0.01
18 198 0.001
18 200 0.01
18 216 0.001
18 219 0.1
18 225 0.001
18 229 0.001
18 230 0.1
18 237 0.01
18 240 0.1
18 245 0.001
18 246 0.1
18 262 0.001
18 274 0.01
18 276 0.1
18 278 0.001
18 280 0.1
18 295 0.1
18 296 0.01
18 298 0.01
18 301 0.001
18 302 0.1
18 308 0.001
18 310 0.001
18 313 0.001
18 320 0.001
18 331 0.1
18 332 0.001
18 335 0.01
18 340 0.1
18 342 0.1
18 344 0.01
18 349 0.01
18 367 0.001
18 372 0.1
18 379 0.001
18 395 0.1
18 401 0.001
18 404 0.001
18 421 0.001
18 442 0.01
18 452 0.001
18 467 0.1
18 468 0.001
18 472 0.01
18 479 0.01
18 480 0.001
18 484 0.1
18 485 0.1
18 493 0.01
18 494 0.1
18 498 0.001
19 20 0.001
19 21 0.1
19 23 0.1
19 24 0.001
19 25 0.001
19 27 0.001
19 30 0.001
19 32 0.1
19 41 0.1
19 43 0.1
19 45 0.1
19 52 0.01
19 54 0.01
19 55 0.001
19 56 0.01
19 58 0.01
19 60 0.01
19 63 0.1
19 73 0.1
19 74 0.01
19 84 0.001
19 88 0.1
19 90 0.001
19 95 0.001
19 107 0.01
19 114 0.001
19 127 0.01
19 129 0.001
19 132 0.1
19 137 0.001
19 140 0.001
19 147 0.1
19 150 0.1
19 158 0.001
19 195 0.001
19 196 0.01
19 202 0.001
19 208 0.01
19 221 0.01
19 229 0.1
19 235 0.1
19 236 0.01
19 238 0.001
19 239 0.001
19 256 0.001
19 262 0.001
19 271 0.1
19 273 0.01
19 275 0.001
19 280 0.1
19 282 0.001
19 332 0.01
19 338 0.1
19 341 0.01
19 345 0.1
19 369 0.1
19 376 0.1
19 396 0.1
19 400 0.001
19 404 0.001
19 406 0.01
19 419 0.01
19 444 0.1
19 461 0.1
19 472 0.1
19 477 0.001
19 507 0.01
20 24 0.1
20 29 0.001
20 30 0.01
20 33 0.001
20 34 0.001
20 39 0.001
20 46 0.01
20 47 0.001
20 53 0.001
20 54 0.001
20 58 0.1
20 59 0.01
20 60 0.1
20 62 0.01
20 81 0.1
20 83 0.1
20 86 0.1
20 87 0.1
20 93 0.1
20 96 0.1
20 98 0.001
20 101 0.001
20 113 0.1
20 114 0.01
20 117 0.01
20 130 0.1
20 133 0.1
20 158 0.1
20 160 0.01
20 172 0.1
20 177 0.1
20 191 0.1
20 196 0.01
20 200 0.001
20 239 0.001
20 247 0.001
20 260 0.001
20 285 0.001
20 286 0.1
20 297 0.01
20 329 0.001
20 332 0.01
20 365 0.001
20 383 0.001
20 458 0.01
20 460 0.1
20 463 0.01
20 468 0.01
21 25 0.01
21 27 0.1
21 28 0.01
21 29 0.001
21 30 0.01
21 33 0.001
21 34 0.1
21 38 0.01
21 39 0.1
21 40 0.01
21 43 0.1
21 45 0.01
21 51 0.001
21 52 0.001
21 53 0.01
21 55 0.1
21 58 0.1
21 64 0.1
21 65 0.001
21 67 0.01
21 68 0.01
21 71 0.001
21 73 0.01
21 74 0.01
21 78 0.1
21 79 0.1
21 87 0.001
21 88 0.01
21 103 0.01
21 110 0.001
21 111 0.001
21 112 0.1
21 113 0.001
21 114 0.1
21 116 0.01
21 122 0.01
21 123 0.001
21 130 0.01
21 132 0.1
21 133 0.1
21 134 0.01
21 135 0.01
21 137 0.001
21 143 0.001
21 144 0.1
21 148 0.1
21 153 0.001
21 159 0.001
21 161 0.1
21 162 0.01
21 180 0.1
21 181 0.001
21 182 0.01
21 196 0.01
21 200 0.01
21 204 0.1
21 206 0.1
21 215 0.1
21 228 0.001
21 230 0.1
21 276 0.1
21 283 0.01
21 305 0.1
21 311 0.001
21 318 0.001
21 322 0.001
21 324 0.01
21 327 0.01
21 331 0.01
21 344 0.001
21 346 0.001
21 349 0.1
21 362 0.001
21 369 0.001
21 397 0.01
21 399 0.01
21 408 0.01
21 417 0.1
21 425 0.001
21 428 0.01
21 449 0.1
21 458 0.001
21 459 0.001
21 467 0.01
21 476 0.1
21 478 0.01
21 483 0.001
21 492 0.1
22 24 0.01
22 27 0.1
22 28 0.001
22 29 0.001
22 30 0.01
22 37 0.01
22 39 0.01
22 40 0.1
22 51 0.01
22 56 0.1
22 65 0.01
22 67 0.01
22 69 0.1
22 71 0.1
22 87 0.001
22 89 0.01
22 91 0.01
22 98 0.001
22 105 0.1
22 110 0.001
22 111 0.001
22 112 0.01
22 117 0.1
22 121 0.01
22 123 0.1
22 128 0.001
22 133 0.1
22 152 0.1
22 169 0.1
22 179 0.001
22 192 0.001
22 201 0.001
22 207 0.01
22 240 0.001
22 243 0.1
22 245 0.1
22 277 0.01
22 285 0.001
22 303 0.1
22 304 0.01
22 307 0.1
22 329 0.01
22 368 0.1
22 379 0.001
22 410 0.001
22 414 0.01
22 451 0.01
22 472 0.01
22 493 0.01
22 505 0.1
23 28 0.1
23 33 0.001
23 35 0.1
23 36 0.001
23 37 0.001
23 40 0.01
23 44 0.01
23 46 0.01
23 48 0.1
23 49 0.01
23 52 0.001
23 56 0.01
23 57 0.1
23 58 0.001
23 65 0.001
23 67 0.01
23 69 0.001
23 74 0.1
23 80 0.001
23 98 0.1
23 103 0.001
23 108 0.01
23 109 0.01
23 115 0.1
23 118 0.1
23 123 0.01
23 127 0.001
23 139 0.01
23 145 0.001
23 183 0.001
23 184 0.01
23 200 0.001
23 206 0.1
23 212 0.01
23 223 0.01
23 257 0.001
23 286 0.001
23 318 0.001
23 334 0.001
23 384 0.001
23 396 0.1
23 400 0.001
23 402 0.1
23 406 0.1
23 417 0.001
23 433 0.01
23 439 0.001
23 441 0.01
23 445 0.001
23 486 0.1
23 492 0.01
23 496 0.001
23 500 0.1
23 509 0.001
24 25 0.1
24 26 0.01
24 30 0.1
24 38 0.1
24 49 0.001
24 51 0.001
24 62 0.01
24 65 0.001
24 72 0.01
24 80 0.1
24 170 0.01
24 180 0.01
24 185 0.01
24 190 0.001
24 201 0.001
24 202 0.1
24 222 0.1
24 270 0.1
24 307 0.01
24 332 0.1
24 364 0.001
24 383 0.01
25 31 0.01
25 37 0.1
25 39 0.1
25 43 0.001
25 49 0.001
25 55 0.001
25 83 0.01
25 94 0.01
25 132 0.1
25 141 0.001
25 163 0.001
25 208 0.001
25 216 0.01
25 265 0.1
25 267 0.1
25 362 0.01
25 433 0.01
25 492 0.01
26 30 0.1
26 31 0.1
26 33 0.1
26 37 0.001
26 38 0.01
26 46 0.01
26 47 0.1
26 48 0.01
26 52 0.01
26 53 0.1
26 65 0.001
26 67 0.01
26 69 0.001
26 95 0.001
26 104 0.01
26 110 0.001
26 131 0.1
26 147 0.1
26 152 0.01
26 167 0.001
26 188 0.1
26 190 0.1
26 201 0.01
26 209 0.1
26 273 0.1
26 314 0.001
26 340 0.1
26 353 0.01
26 362 0.001
26 479 0.001
27 30 0.1
27 32 0.01
27 33 0.1
27 39 0.01
27 40 0.01
27 42 0.001
27 49 0.001
27 88 0.1
27 102 0.001
27 121 0.001
27 208 0.1
27 229 0.1
27 293 0.01
27 309 0.01
27 452 0.1
27 490 0.01
28 32 0.001
28 33 0.001
28 34 0.01
28 41 0.01
28 43 0.01
28 44 0.001
28 53 0.001
28 78 0.001
28 93 0.01
28 94 0.001
28 100 0.01
28 146 0.1
28 209 0.001
28 248 0.01
28 280 0.001
28 326 0.01
28 363 0.1
28 373 0.001
28 400 0.001
28 465 0.1
28 470 0.1
28 477 0.001
28 486 0.1
29 36 0.01
29 39 0.001
29 41 0.1
29 51 0.001
29 61 0.001
29 63 0.1
29 71 0.01
29 77 0.001
29 91 0.1
29 124 0.1
29 125 0.001
29 151 0.1
29 264 0.001
29 277 0.001
29 282 0.1
29 284 0.001
29 301 0.01
30 59 0.001
30 62 0.01
30 70 0.01
30 93 0.1
30 144 0.01
30 229 0.001
30 234 0.001
30 241 0.1
30 303 0.01
30 308 0.001
30 363 0.01
30 373 0.1
31 46 0.1
31 48 0.01
31 107 0.01
31 144 0.01
31 223 0.01
31 318 0.01
31 402 0.1
31 455 0.1
31 478 0.1
32 33 0.1
32 34 0.001
32 35 0.01
32 36 0.1
32 37 0.1
32 38 0.001
32 39 0.01
32 41 0.01
32 42 0.01
32 48 0.001
32 49 0.01
32 52 0.01
32 53 0.01
32 54 0.1
32 56 0.001
32 64 0.1
32 65 0.1
32 66 0.01
32 75 0.001
32 76 0.1
32 78 0.1
32 79 0.001
32 86 0.01
32 97 0.1
32 101 0.001
32 108 0.1
32 112 0.001
32 113 0.001
32 114 0.01
32 122 0.01
32 123 0.001
32 130 0.01
32 135 0.1
32 140 0.001
32 160 0.1
32 166 0.01
32 167 0.01
32 168 0.1
32 170 0.1
32 174 0.01
32 175 0.01
32 187 0.001
32 196 0.1
32 197 0.1
32 199 0.1
32 203 0.001
32 211 0.01
32 218 0.01
32 219 0.01
32 221 0.001
32 232 0.01
32 253 0.001
32 254 0.01
32 260 0.1
32 261 0.1
32 265 0.01
32 267 0.001
32 273 0.01
32 277 0.001
32 281 0.1
32 284 0.1
32 290 0.01
32 291 0.01
32 297 0.1
32 302 0.01
32 306 0.01
32 319 0.01
32 326 0.01
32 330 0.1
32 334 0.001
32 341 0.001
32 343 0.001
32 349 0.001
32 377 0.01
32 391 0.1
32 411 0.001
32 422 0.001
32 440 0.01
32 441 0.01
32 443 0.1
32 445 0.001
32 447 0.1
32 449 0.01
32 465 0.001
32 481 0.001
32 501 0.01
32 503 0.1
32 504 0.01
33 35 0.1
33 36 0.1
33 38 0.01
33 41 0.01
33 43 0.01
33 44 0.001
33 45 0.1
33 46 0.01
33 47 0.01
33 49 0.001
33 50 0.01
33 53 0.1
33 55 0.01
33 56 0.01
33 60 0.01
33 61 0.001
33 62 0.001
33 65 0.1
33 68 0.01
33 70 0.1
33 76 0.01
33 78 0.001
33 81 0.1
33 82 0.1
33 84 0.1
33 87 0.01
33 91 0.01
33 94 0.001
33 100 0.01
33 104 0.001
33 105 0.001
33 107 0.001
33 109 0.001
33 113 0.1
33 115 0.001
33 116 0.1
33 120 0.1
33 133 0.001
33 134 0.1
33 136 0.1
33 140 0.1
33 143 0.01
33 149 0.001
33 151 0.01
33 155 0.001
33 159 0.1
33 166 0.001
33 197 0.001
33 203 0.001
33 214 0.01
33 221 0.1
33 232 0.001
33 242 0.01
33 246 0.01
33 252 0.01
33 273 0.001
33 299 0.1
33 302 0.01
33 306 0.01
33 308 0.001
33 314 0.01
33 321 0.001
33 330 0.1
33 333 0.01
33 345 0.1
33 356 0.1
33 360 0.1
33 364 0.1
33 378 0.001
33 403 0.001
33 404 0.001
33 406 0.1
33 411 0.01
33 412 0.001
33 418 0.01
33 420 0.1
33 424 0.001
33 431 0.001
33 432 0.01
33 438 0.1
33 448 0.01
33 455 0.1
33 464 0.1
33 483 0.001
33 485 0.001
33 490 0.1
33 493 0.01
33 496 0.1
33 503 0.1
33 510 0.01
34 35 0.01
34 36 0.001
34 40 0.01
34 45 0.1
34 52 0.1
34 53 0.01
34 54 0.1
34 58 0.001
34 60 0.01
34 62 0.01
34 64 0.01
34 66 0.01
34 83 0.1
34 93 0.1
34 94 0.1
34 96 0.01
34 99 0.001
34 101 0.1
34 104 0.001
34 112 0.001
34 113 0.1
34 116 0.1
34 120 0.001
34 127 0.001
34 130 0.001
34 131 0.1
34 144 0.001
34 146 0.001
34 148 0.1
34 152 0.001
34 153 0.1
34 157 0.1
34 162 0.001
34 163 0.1
34 164 0.01
34 169 0.01
34 187 0.1
34 195 0.001
34 199 0.1
34 215 0.01
34 216 0.01
34 217 0.001
34 222 0.01
34 225 0.1
34 227 0.01
34 231 0.01
34 236 0.01
34 237 0.1
34 244 0.01
34 248 0.01
34 253 0.1
34 265 0.001
34 270 0.1
34 278 0.001
34 282 0.001
34 287 0.1
34 295 0.01
34 298 0.01
34 306 0.1
34 319 0.001
34 322 0.01
34 325 0.001
34 347 0.001
34 350 0.1
34 359 0.01
34 367 0.1
34 368 0.001
34 370 0.1
34 388 0.01
34 394 0.1
34 396 0.001
34 407 0.01
34 423 0.1
34 435 0.1
34 437 0.01
34 443 0.1
34 457 0.01
34 461 0.01
34 482 0.001
34 487 0.001
34 496 0.001
35 38 0.001
35 39 0.1
35 41 0.001
35 47 0.1
35 49 0.001
35 51 0.01
35 58 0.01
35 61 0.1
35 63 0.1
35 65 0.01
35 66 0.1
35 67 0.01
35 71 0.001
35 73 0.1
35 87 0.1
35 91 0.01
35 93 0.01
35 104 0.01
35 106 0.01
35 107 0.1
35 108 0.001
35 125 0.01
35 131 0.1
35 134 0.01
35 138 0.1
35 140 0.001
35 141 0.01
35 143 0.1
35 144 0.1
35 146 0.1
35 147 0.001
35 153 0.1
35 155 0.01
35 159 0.001
35 164 0.001
35 174 0.01
35 176 0.001
35 180 0.01
35 185 0.01
35 186 0.01
35 189 0.1
35 191 0.01
35 198 0.1
35 202 0.01
35 206 0.001
35 210 0.001
35 216 0.01
35 219 0.001
35 223 0.01
35 230 0.01
35 238 0.1
35 242 0.001
35 248 0.1
35 249 0.1
35 255 0.1
35 261 0.1
35 263 0.1
35 266 0.001
35 267 0.001
35 268 0.1
35 278 0.1
35 281 0.01
35 289 0.1
35 304 0.01
35 314 0.1
35 315 0.1
35 316 0.01
35 328 0.01
35 335 0.1
35 337 0.001
35 339 0.001
35 346 0.1
35 347 0.001
35 356 0.01
35 357 0.1
35 366 0.1
35 377 0.01
35 379 0.01
35 382 0.001
35 383 0.1
35 385 0.1
35 387 0.01
35 390 0.01
35 397 0.01
35 409 0.1
35 410 0.001
35 417 0.001
35 440 0.001
35 444 0.001
35 456 0.01
35 457 0.001
35 460 0.001
35 475 0.1
35 481 0.001
35 487 0.01
35 494 0.1
35 504 0.1
35 506 0.1
36 37 0.01
36 39 0.01
36 40 0.1
36 42 0.001
36 43 0.001
36 47 0.01
36 50 0.001
36 51 0.1
36 54 0.001
36 55 0.001
36 56 0.001
36 61 0.001
36 62 0.1
36 63 0.01
36 64 0.001
36 67 0.01
36 69 0.01
36 70 0.1
36 71 0.01
36 74 0.001
36 75 0.01
36 76 0.001
36 79 0.01
36 80 0.001
36 81 0.1
36 84 0.1
36 86 0.001
36 97 0.001
36 100 0.1
36 109 0.1
36 111 0.001
36 123 0.001
36 130 0.001
36 138 0.1
36 139 0.1
36 146 0.001
36 153 0.1
36 160 0.01
36 169 0.001
36 173 0.001
36 175 0.001
36 176 0.01
36 181 0.1
36 185 0.01
36 189 0.1
36 206 0.01
36 213 0.1
36 226 0.01
36 241 0.1
36 248 0.001
36 249 0.1
36 257 0.01
36 258 0.01
36 262 0.001
36 270 0.1
36 271 0.1
36 279 0.001
36 282 0.1
36 286 0.1
36 288 0.01
36 293 0.001
36 304 0.1
36 307 0.001
36 315 0.001
36 321 0.01
36 323 0.001
36 331 0.01
36 334 0.1
36 339 0.001
36 355 0.01
36 364 0.01
36 373 0.1
36 374 0.1
36 375 0.001
36 377 0.001
36 378 0.01
36 379 0.001
36 384 0.1
36 387 0.01
36 402 0.001
36 411 0.1
36 414 0.01
36 422 0.1
36 429 0.01
36 431 0.001
36 454 0.1
36 457 0.1
36 459 0.001
36 464 0.1
36 471 0.001
36 474 0.001
36 477 0.01
36 488 0.1
36 491 0.01
36 505 0.001
36 511 0.01
37 42 0.01
37 48 0.01
37 52 0.001
37 63 0.1
37 69 0.001
37 70 0.001
37 75 0.01
37 76 0.001
37 77 0.001
37 89 0.001
37 90 0.1
37 91 0.001
37 93 0.1
37 94 0.001
37 96 0.001
37 105 0.001
37 106 0.1
37 128 0.1
37 145 0.1
37 148 0.01
37 150 0.001
37 158 0.1
37 160 0.1
37 169 0.1
37 173 0.1
37 186 0.01
37 195 0.001
37 198 0.001
37 204 0.1
37 205 0.1
37 218 0.01
37 222 0.01
37 226 0.1
37 227 0.01
37 244 0.1
37 260 0.01
37 261 0.1
37 264 0.001
37 277 0.1
37 291 0.001
37 293 0.1
37 296 0.001
37 297 0.001
37 303 0.001
37 304 0.1
37 326 0.1
37 330 0.001
37 355 0.01
37 359 0.01
37 364 0.001
37 384 0.1
37 419 0.001
37 431 0.1
37 443 0.001
37 447 0.1
37 453 0.01
37 454 0.001
37 455 0.01
37 461 0.01
37 475 0.01
37 479 0.01
37 481 0.1
37 486 0.1
37 489 0.01
37 507 0.1
37 508 0.1
38 41 0.1
38 42 0.001
38 46 0.1
38 50 0.001
38 52 0.1
38 55 0.001
38 65 0.01
38 68 0.001
38 69 0.01
38 72 0.01
38 73 0.1
38 74 0.001
38 77 0.001
38 83 0.1
38 84 0.1
38 87 0.01
38 88 0.01
38 132 0.001
38 134 0.1
38 136 0.01
38 155 0.1
38 156 0.01
38 165 0.01
38 176 0.01
38 187 0.1
38 191 0.01
38 202 0.01
38 208 0.01
38 211 0.001
38 217 0.1
38 259 0.001
38 269 0.01
38 270 0.1
38 273 0.001
38 276 0.001
38 297 0.001
38 315 0.01
38 325 0.01
38 339 0.1
38 342 0.1
38 351 0.01
38 359 0.1
38 367 0.001
38 414 0.1
38 423 0.1
38 446 0.1
38 452 0.1
38 463 0.1
38 485 0.01
39 40 0.1
39 41 0.1
39 45 0.01
39 50 0.01
39 52 0.01
39 56 0.1
39 59 0.01
39 62 0.001
39 63 0.1
39 65 0.1
39 74 0.001
39 87 0.01
39 88 0.1
39 94 0.001
39 96 0.001
39 100 0.01
39 103 0.1
39 106 0.001
39 109 0.001
39 111 0.001
39 112 0.1
39 115 0.001
39 116 0.1
39 117 0.001
39 122 0.001
39 128 0.1
39 135 0.01
39 149 0.001
39 170 0.1
39 172 0.001
39 182 0.1
39 184 0.1
39 223 0.1
39 224 0.1
39 233 0.01
39 238 0.01
39 240 0.001
39 241 0.001
39 245 0.01
39 246 0.1
39 249 0.001
39 254 0.1
39 255 0.001
39 261 0.001
39 263 0.1
39 264 0.001
39 272 0.1
39 289 0.001
39 332 0.001
39 347 0.01
39 351 0.1
39 352 0.001
39 395 0.001
39 397 0.01
39 414 0.1
39 423 0.001
39 457 0.001
39 466 0.1
39 492 0.01
39 499 0.01
39 501 0.1
39 502 0.001
39 505 0.1
39 509 0.01
40 44 0.01
40 75 0.001
40 84 0.01
40 89 0.01
40 94 0.01
40 98 0.001
40 99 0.001
40 110 0.1
40 117 0.001
40 120 0.01
40 121 0.01
40 122 0.01
40 126 0.01
40 136 0.01
40 144 0.1
40 146 0.01
40 165 0.01
40 167 0.01
40 171 0.01
40 172 0.1
40 180 0.1
40 181 0.001
40 200 0.001
40 201 0.001
40 206 0.1
40 229 0.001
40 243 0.01
40 248 0.01
40 255 0.01
40 272 0.001
40 311 0.01
40 315 0.1
40 337 0.1
40 356 0.1
40 357 0.01
40 362 0.01
40 366 0.1
40 369 0.1
40 386 0.01
40 401 0.001
40 414 0.01
40 415 0.001
40 423 0.1
40 449 0.1
40 454 0.001
40 473 0.1
40 483 0.01
40 511 0.01
41 48 0.01
41 51 0.1
41 54 0.1
41 57 0.001
41 60 0.001
41 66 0.1
41 67 0.001
41 72 0.1
41 75 0.1
41 76 0.001
41 77 0.001
41 85 0.001
41 91 0.1
41 95 0.1
41 98 0.01
41 121 0.001
41 122 0.1
41 128 0.001
41 132 0.01
41 135 0.001
41 155 0.1
41 166 0.1
41 173 0.01
41 175 0.001
41 177 0.1
41 184 0.001
41 186 0.01
41 189 0.001
41 190 0.001
41 195 0.1
41 222 0.01
41 225 0.1
41 241 0.001
41 258 0.1
41 266 0.1
41 268 0.1
41 294 0.1
41 314 0.001
41 330 0.001
41 334 0.001
41 360 0.001
41 361 0.1
41 385 0.01
41 390 0.001
41 402 0.001
41 427 0.001
41 433 0.01
41 436 0.01
41 437 0.01
41 446 0.001
41 459 0.001
41 481 0.001
41 497 0.01
41 501 0.01
42 44 0.001
42 47 0.1
42 48 0.1
42 49 0.01
42 50 0.01
42 53 0.001
42 54 0.001
42 64 0.01
42 68 0.1
42 70 0.01
42 72 0.001
42 76 0.001
42 83 0.01
42 88 0.001
42 97 0.1
42 103 0.001
42 109 0.1
42 116 0.1
42 124 0.01
42 125 0.001
42 132 0.01
42 142 0.01
42 145 0.01
42 146 0.01
42 150 0.01
42 169 0.1
42 170 0.001
42 177 0.01
42 187 0.001
42 189 0.1
42 202 0.1
42 205 0.01
42 206 0.001
42 207 0.01
42 209 0.1
42 211 0.001
42 220 0.1
42 223 0.01
42 228 0.01
42 233 0.001
42 237 0.1
42 239 0.1
42 241 0.1
42 243 0.1
42 264 0.1
42 271 0.001
42 303 0.001
42 305 0.01
42 318 0.1
42 322 0.001
42 324 0.01
42 336 0.1
42 342 0.01
42 369 0.01
42 370 0.001
42 375 0.01
42 391 0.01
42 396 0.001
42 422 0.01
42 440 0.1
42 451 0.001
42 458 0.001
42 464 0.1
42 465 0.01
42 471 0.01
42 475 0.01
42 480 0.001
42 488 0.001
42 506 0.001
43 77 0.001
43 97 0.001
43 111 0.01
43 121 0.1
43 129 0.1
43 139 0.1
43 143 0.001
43 151 0.1
43 170 0.1
43 185 0.001
43 228 0.01
43 230 0.01
43 243 0.01
43 250 0.001
43 271 0.01
43 312 0.01
43 326 0.001
43 331 0.01
43 350 0.001
43 375 0.1
43 411 0.001
43 412 0.01
43 429 0.01
43 431 0.1
43 434 0.01
43 457 0.001
43 470 0.1
43 479 0.001
43 496 0.001
43 506 0.01
44 57 0.1
44 61 0.001
44 75 0.01
44 78 0.01
44 79 0.1
44 82 0.1
44 83 0.001
44 95 0.001
44 98 0.01
44 102 0.01
44 104 0.001
44 111 0.01
44 119 0.1
44 120 0.01
44 123 0.001
44 126 0.001
44 157 0.1
44 158 0.01
44 167 0.001
44 168 0.01
44 169 0.001
44 178 0.1
44 184 0.1
44 193 0.1
44 209 0.001
44 217 0.1
44 221 0.1
44 237 0.1
44 240 0.01
44 245 0.1
44 257 0.1
44 269 0.01
44 271 0.001
44 290 0.01
44 291 0.01
44 296 0.01
44 298 0.1
44 306 0.1
44 309 0.1
44 330 0.001
44 333 0.1
44 341 0.1
44 359 0.001
44 361 0.01
44 369 0.001
44 380 0.01
44 436 0.001
44 437 0.01
44 481 0.1
45 46 0.01
45 52 0.001
45 55 0.01
45 64 0.01
45 65 0.1
45 67 0.001
45 68 0.001
45 71 0.01
45 72 0.001
45 75 0.01
45 79 0.01
45 80 0.1
45 81 0.01
45 85 0.01
45 86 0.01
45 88 0.1
45 91 0.1
45 97 0.1
45 99 0.1
45 100 0.001
45 103 0.01
45 108 0.001
45 109 0.01
45 117 0.01
45 118 0.01
45 120 0.1
45 122 0.01
45 144 0.001
45 146 0.1
45 148 0.001
45 154 0.001
45 165 0.1
45 173 0.001
45 183 0.1
45 202 0.01
45 203 0.1
45 207 0.001
45 211 0.001
45 218 0.01
45 219 0.01
45 227 0.001
45 233 0.1
45 234 0.001
45 251 0.1
45 253 0.001
45 263 0.001
45 275 0.01
45 281 0.01
45 298 0.1
45 321 0.01
45 329 0.001
45 338 0.1
45 348 0.1
45 359 0.01
45 372 0.01
45 380 0.1
45 387 0.001
45 390 0.001
45 411 0.1
45 418 0.1
45 432 0.01
45 451 0.001
45 458 0.1
45 461 0.1
45 466 0.1
45 488 0.1
45 489 0.01
45 511 0.001
46 47 0.001
46 52 0.1
46 57 0.1
46 68 0.1
46 70 0.1
46 75 0.001
46 77 0.1
46 85 0.1
46 86 0.1
46 87 0.001
46 88 0.01
46 93 0.1
46 105 0.001
46 106 0.01
46 107 0.1
46 111 0.001
46 117 0.1
46 119 0.1
46 134 0.01
46 135 0.1
46 137 0.01
46 138 0.01
46 148 0.001
46 149 0.01
46 155 0.001
46 187 0.001
46 188 0.1
46 192 0.001
46 198 0.01
46 201 0.001
46 205 0.001
46 216 0.1
46 227 0.001
46 246 0.001
46 265 0.01
46 275 0.001
46 332 0.01
46 340 0.01
46 348 0.001
46 351 0.01
46 360 0.01
46 367 0.001
46 378 0.001
46 395 0.01
46 417 0.1
46 427 0.1
46 431 0.01
46 443 0.01
46 463 0.1
46 466 0.001
46 499 0.01
47 50 0.1
47 56 0.001
47 57 0.01
47 64 0.01
47 68 0.01
47 80 0.1
47 82 0.01
47 83 0.001
47 87 0.001
47 89 0.001
47 97 0.001
47 101 0.1
47 103 0.001
47 107 0.01
47 113 0.001
47 114 0.001
47 116 0.1
47 117 0.001
47 119 0.1
47 123 0.1
47 127 0.001
47 131 0.001
47 140 0.1
47 143 0.1
47 146 0.1
47 178 0.1
47 189 0.01
47 190 0.1
47 191 0.001
47 204 0.1
47 209 0.001
47 210 0.001
47 212 0.01
47 214 0.1
47 218 0.001
47 224 0.01
47 233 0.01
47 257 0.1
47 274 0.01
47 282 0.01
47 283 0.001
47 321 0.01
47 331 0.1
47 337 0.01
47 350 0.01
47 363 0.001
47 368 0.1
47 370 0.01
47 387 0.001
47 388 0.001
47 389 0.1
47 395 0.001
47 400 0.01
47 425 0.1
47 434 0.1
47 458 0.001
47 482 0.01
47 504 0.01
47 506 0.001
48 66 0.001
48 68 0.1
48 79 0.01
48 84 0.1
48 85 0.1
48 92 0.001
48 93 0.001
48 102 0.1
48 106 0.01
48 109 0.1
48 111 0.1
48 115 0.01
48 127 0.1
48 133 0.001
48 134 0.001
48 138 0.001
48 148 0.001
48 150 0.001
48 152 0.01
48 154 0.1
48 183 0.001
48 195 0.1
48 199 0.001
48 212 0.1
48 222 0.01
48 225 0.001
48 251 0.01
48 280 0.1
48 284 0.001
48 286 0.1
48 289 0.1
48 292 0.001
48 319 0.01
48 351 0.1
48 357 0.01
48 381 0.1
48 397 0.01
48 416 0.1
48 417 0.1
48 418 0.01
48 422 0.01
48 436 0.1
48 455 0.1
48 456 0.01
48 467 0.1
48 471 0.001
48 474 0.1
48 498 0.01
48 500 0.1
48 504 0.1
49 55 0.1
49 60 0.001
49 62 0.1
49 69 0.001
49 73 0.1
49 78 0.1
49 83 0.01
49 85 0.01
49 89 0.1
49 96 0.1
49 99 0.1
49 115 0.01
49 118 0.1
49 120 0.1
49 122 0.001
49 125 0.1
49 128 0.01
49 145 0.01
49 147 0.001
49 164 0.01
49 168 0.01
49 169 0.01
49 176 0.1
49 183 0.001
49 187 0.001
49 193 0.1
49 200 0.01
49 208 0.001
49 209 0.001
49 212 0.1
49 225 0.001
49 230 0.001
49 243 0.1
49 249 0.1
49 254 0.1
49 259 0.001
49 261 0.001
49 267 0.1
49 271 0.01
49 296 0.01
49 304 0.01
49 328 0.001
49 329 0.001
49 342 0.1
49 343 0.01
49 376 0.001
49 414 0.01
49 430 0.001
49 449 0.001
49 459 0.001
49 474 0.001
49 479 0.001
49 492 0.1
49 508 0.1
50 53 0.01
50 56 0.1
50 58 0.001
50 59 0.001
50 70 0.1
50 78 0.1
50 79 0.01
50 82 0.1
50 83 0.01
50 85 0.001
50 92 0.001
50 94 0.1
50 96 0.1
50 102 0.001
50 108 0.001
50 109 0.01
50 116 0.01
50 119 0.01
50 135 0.1
50 139 0.1
50 144 0.01
50 148 0.001
50 149 0.01
50 161 0.1
50 162 0.001
50 178 0.1
50 197 0.1
50 207 0.1
50 214 0.1
50 227 0.1
50 233 0.01
50 268 0.001
50 273 0.01
50 278 0.001
50 288 0.001
50 292 0.001
50 293 0.01
50 295 0.001
50 303 0.01
50 307 0.1
50 316 0.01
50 331 0.001
50 342 0.001
50 372 0.001
50 374 0.1
50 384 0.001
50 391 0.01
50 393 0.01
50 400 0.001
50 440 0.001
50 465 0.01
50 495 0.1
50 496 0.1
50 504 0.01
51 57 0.001
51 73 0.1
51 94 0.001
51 118 0.1
51 125 0.1
51 129 0.001
51 137 0.001
51 141 0.1
51 147 0.1
51 156 0.001
51 163 0.1
51 175 0.01
51 180 0.01
51 211 0.1
51 224 0.01
51 237 0.001
51 238 0.01
51 245 0.01
51 268 0.1
51 272 0.001
51 274 0.001
51 278 0.1
51 288 0.01
51 289 0.01
51 291 0.1
51 317 0.01
51 329 0.001
51 331 0.01
51 342 0.01
51 355 0.1
51 374 0.1
51 379 0.1
51 394 0.1
51 441 0.01
51 444 0.1
51 448 0.001
51 457 0.01
51 481 0.1
51 485 0.01
51 502 0.01
51 504 0.1
51 505 0.001
52 62 0.01
52 63 0.01
52 77 0.001
52 86 0.01
52 104 0.001
52 145 0.01
52 150 0.001
52 153 0.01
52 158 0.01
52 163 0.001
52 164 0.1
52 193 0.001
52 210 0.001
52 216 0.1
52 223 0.1
52 244 0.001
52 275 0.01
52 296 0.01
52 348 0.001
52 364 0.1
52 381 0.001
52 406 0.1
52 414 0.1
52 417 0.01
52 478 0.001
52 487 0.01
52 501 0.1
52 509 0.001
53 58 0.001
53 60 0.01
53 63 0.01
53 66 0.1
53 79 0.01
53 88 0.001
53 131 0.001
53 137 0.01
53 142 0.001
53 152 0.1
53 166 0.1
53 184 0.1
53 202 0.01
53 203 0.1
53 214 0.001
53 230 0.001
53 242 0.001
53 257 0.01
53 266 0.1
53 274 0.1
53 318 0.01
53 325 0.01
53 337 0.1
53 384 0.001
53 433 0.001
53 450 0.1
53 463 0.001
53 480 0.01
53 496 0.1
54 59 0.001
54 63 0.001
54 68 0.01
54 79 0.01
54 80 0.1
54 84 0.1
54 96 0.01
54 105 0.1
54 118 0.001
54 135 0.1
54 146 0.1
54 154 0.1
54 159 0.001
54 161 0.01
54 168 0.1
54 174 0.01
54 176 0.001
54 179 0.001
54 180 0.001
54 188 0.01
54 205 0.001
54 218 0.1
54 223 0.01
54 235 0.1
54 239 0.001
54 248 0.001
54 252 0.001
54 291 0.001
54 309 0.01
54 318 0.001
54 331 0.1
54 341 0.1
54 349 0.001
54 356 0.1
54 410 0.001
54 427 0.1
54 435 0.01
54 449 0.1
55 64 0.001
55 65 0.001
55 67 0.001
55 75 0.001
55 79 0.1
55 108 0.001
55 142 0.001
55 164 0.1
55 175 0.1
55 191 0.01
55 193 0.001
55 216 0.001
55 250 0.01
55 266 0.1
55 278 0.001
55 288 0.001
55 291 0.01
55 315 0.1
55 321 0.01
55 323 0.01
55 361 0.1
55 384 0.01
55 403 0.1
55 425 0.001
55 426 0.01
55 457 0.1
55 509 0.001
56 64 0.001
56 74 0.1
56 76 0.01
56 105 0.01
56 184 0.01
56 213 0.01
56 250 0.01
56 294 0.01
57 71 0.1
57 96 0.01
57 119 0.001
57 124 0.1
57 125 0.01
57 137 0.01
57 195 0.1
57 198 0.01
57 260 0.01
57 279 0.001
57 352 0.001
57 373 0.01
57 436 0.01
57 445 0.1
57 447 0.001
58 59 0.001
58 64 0.001
58 65 0.001
58 66 0.1
58 78 0.001
58 123 0.1
58 130 0.001
58 133 0.001
58 142 0.01
58 156 0.1
58 204 0.1
58 220 0.001
58 225 0.01
58 234 0.1
58 235 0.01
58 243 0.001
58 248 0.001
58 273 0.01
58 286 0.01
58 306 0.1
58 327 0.1
58 402 0.01
58 438 0.1
58 479 0.1
58 511 0.01
59 66 0.1
59 80 0.01
59 83 0.01
59 89 0.01
59 114 0.01
59 124 0.001
59 132 0.1
59 158 0.1
59 167 0.01
59 186 0.001
59 239 0.001
59 241 0.1
59 292 0.001
59 294 0.01
59 479 0.001
60 71 0.1
60 81 0.01
60 104 0.001
60 128 0.1
60 159 0.01
60 197 0.001
61 68 0.1
61 139 0.001
61 237 0.1
61 240 0.01
61 362 0.1
61 423 0.01
61 427 0.1
61 430 0.1
62 307 0.01
62 383 0.1
62 454 0.1
63 71 0.1
63 95 0.01
63 101 0.01
63 117 0.01
63 182 0.001
63 507 0.001
64 72 0.01
64 74 0.01
64 89 0.01
64 104 0.001
64 106 0.001
64 110 0.001
64 117 0.1
64 122 0.1
64 165 0.1
64 176 0.01
64 177 0.01
64 185 0.1
64 221 0.01
64 234 0.001
64 237 0.001
64 246 0.001
64 252 0.1
64 253 0.01
64 254 0.01
64 256 0.001
64 288 0.001
64 289 0.1
64 291 0.01
64 298 0.1
64 304 0.1
64 324 0.01
64 352 0.001
64 354 0.1
64 356 0.01
64 386 0.01
64 388 0.01
64 390 0.1
64 394 0.001
64 397 0.01
64 399 0.1
64 425 0.1
64 429 0.001
64 435 0.1
64 441 0.001
64 463 0.01
64 475 0.001
64 490 0.01
64 492 0.1
65 71 0.01
65 87 0.001
65 88 0.1
65 90 0.1
65 91 0.1
65 93 0.001
65 112 0.01
65 130 0.001
65 139 0.1
65 144 0.01
65 155 0.001
65 161 0.01
65 162 0.001
65 222 0.01
65 229 0.01
65 248 0.1
65 258 0.1
65 261 0.01
65 263 0.001
65 272 0.1
65 281 0.1
65 306 0.01
65 309 0.01
65 314 0.1
65 346 0.1
65 375 0.001
65 382 0.01
65 397 0.001
65 413 0.01
65 425 0.001
65 436 0.01
65 483 0.001
65 485 0.1
65 499 0.001
66 72 0.1
66 83 0.01
66 97 0.001
66 102 0.1
66 131 0.001
66 189 0.1
66 203 0.1
66 217 0.001
66 219 0.1
66 231 0.1
66 233 0.1
66 244 0.001
66 256 0.001
66 262 0.1
66 292 0.1
66 305 0.01
66 318 0.01
66 334 0.001
66 340 0.1
66 346 0.01
66 388 0.01
66 392 0.01
66 395 0.1
66 406 0.001
66 446 0.1
66 468 0.01
66 474 0.001
66 481 0.001
66 482 0.1
66 486 0.01
66 504 0.01
67 81 0.001
67 91 0.001
67 102 0.1
67 112 0.001
67 120 0.001
67 128 0.01
67 133 0.01
67 138 0.1
67 150 0.001
67 157 0.001
67 159 0.001
67 162 0.1
67 185 0.1
67 199 0.1
67 206 0.001
67 213 0.01
67 215 0.1
67 226 0.01
67 227 0.001
67 231 0.001
67 246 0.01
67 253 0.1
67 270 0.001
67 281 0.01
67 286 0.01
67 299 0.001
67 300 0.001
67 307 0.01
67 312 0.1
67 313 0.1
67 325 0.01
67 357 0.1
67 365 0.01
67 371 0.1
67 381 0.1
67 422 0.001
67 431 0.01
67 451 0.1
67 459 0.01
67 498 0.001
67 508 0.001
68 69 0.1
68 70 0.001
68 76 0.001
68 82 0.01
68 84 0.1
68 85 0.001
68 86 0.01
68 90 0.001
68 92 0.001
68 107 0.1
68 108 0.01
68 115 0.01
68 134 0.01
68 135 0.01
68 138 0.01
68 145 0.001
68 166 0.01
68 173 0.01
68 182 0.001
68 183 0.01
68 193 0.001
68 194 0.001
68 197 0.1
68 198 0.001
68 200 0.1
68 207 0.01
68 215 0.001
68 231 0.001
68 233 0.1
68 253 0.001
68 254 0.001
68 260 0.001
68 278 0.001
68 287 0.001
68 296 0.01
68 298 0.001
68 308 0.01
68 314 0.1
68 320 0.001
68 321 0.001
68 338 0.1
68 344 0.001
68 352 0.1
68 355 0.1
68 360 0.1
68 387 0.1
68 399 0.001
68 404 0.001
68 411 0.001
68 442 0.1
68 462 0.1
68 467 0.1
68 472 0.001
68 476 0.001
68 492 0.001
68 495 0.001
68 499 0.001
68 504 0.01
69 74 0.1
69 92 0.001
69 110 0.001
69 124 0.1
69 130 0.001
69 132 0.1
69 134 0.01
69 160 0.001
69 161 0.01
69 173 0.01
69 185 0.1
69 186 0.01
69 228 0.1
69 231 0.001
69 242 0.1
69 245 0.1
69 262 0.001
69 298 0.01
69 328 0.001
69 330 0.01
69 375 0.1
69 407 0.001
69 414 0.01
69 419 0.001
69 429 0.1
69 442 0.1
69 449 0.1
69 478 0.1
69 485 0.1
69 497 0.01
70 76 0.1
70 80 0.1
70 84 0.01
70 89 0.001
70 103 0.01
70 110 0.01
70 112 0.01
70 115 0.1
70 138 0.01
70 141 0.01
70 149 0.001
70 150 0.001
70 152 0.001
70 153 0.01
70 154 0.1
70 158 0.001
70 192 0.1
70 203 0.01
70 230 0.1
70 233 0.1
70 245 0.1
70 255 0.001
70 270 0.01
70 272 0.001
70 283 0.01
70 284 0.001
70 300 0.1
70 311 0.01
70 314 0.001
70 322 0.01
70 376 0.01
70 413 0.001
70 418 0.001
70 443 0.1
70 458 0.1
70 468 0.1
70 469 0.01
70 488 0.001
70 498 0.01
70 506 0.1
70 510 0.001
71 72 0.01
71 77 0.1
71 97 0.01
71 111 0.01
71 112 0.01
71 137 0.001
71 211 0.001
71 218 0.001
71 228 0.1
71 241 0.01
71 279 0.1
71 381 0.001
71 420 0.1
71 430 0.01
71 433 0.1
71 445 0.1
71 454 0.1
72 81 0.001
72 93 0.01
72 99 0.01
72 103 0.001
72 106 0.001
72 111 0.1
72 122 0.001
72 131 0.1
72 138 0.001
72 151 0.01
72 155 0.01
72 172 0.01
72 176 0.001
72 194 0.1
72 251 0.1
72 254 0.1
72 262 0.01
72 278 0.001
72 289 0.001
72 309 0.1
72 313 0.1
72 344 0.1
72 354 0.1
72 356 0.001
72 378 0.01
72 380 0.01
72 469 0.01
72 470 0.1
72 479 0.01
72 494 0.01
72 497 0.1
72 502 0.001
73 75 0.01
73 82 0.001
73 87 0.001
73 98 0.001
73 100 0.01
73 116 0.001
73 119 0.001
73 135 0.01
73 136 0.01
73 137 0.01
73 141 0.01
73 145 0.001
73 178 0.1
73 182 0.001
73 192 0.001
73 247 0.01
73 259 0.001
73 261 0.1
73 287 0.1
73 297 0.001
73 314 0.01
73 319 0.1
73 333 0.001
73 339 0.001
73 343 0.001
73 360 0.1
73 366 0.001
73 368 0.01
73 385 0.1
73 388 0.01
73 389 0.1
73 393 0.1
73 400 0.1
73 404 0.1
73 405 0.001
73 432 0.01
73 437 0.01
73 452 0.001
73 479 0.1
73 483 0.1
74 89 0.1
74 96 0.01
74 98 0.001
74 99 0.01
74 110 0.001
74 127 0.01
74 135 0.01
74 148 0.1
74 161 0.1
74 177 0.1
74 179 0.001
74 220 0.1
74 236 0.01
74 283 0.001
74 284 0.1
74 325 0.001
74 333 0.01
74 396 0.001
74 406 0.001
74 457 0.01
74 466 0.1
74 480 0.1
75 85 0.01
75 101 0.001
75 110 0.001
75 114 0.001
75 121 0.001
75 166 0.1
75 178 0.1
75 182 0.001
75 185 0.001
75 201 0.1
75 202 0.1
75 203 0.001
75 221 0.001
75 246 0.1
75 264 0.1
75 269 0.001
75 294 0.1
75 328 0.1
75 333 0.1
75 344 0.1
75 355 0.01
75 373 0.1
75 424 0.1
75 446 0.01
75 453 0.01
75 482 0.1
75 495 0.01
75 511 0.01
76 81 0.01
76 85 0.001
76 91 0.001
76 97 0.1
76 107 0.1
76 120 0.1
76 142 0.01
76 144 0.1
76 150 0.001
76 165 0.1
76 171 0.001
76 173 0.001
76 175 0.01
76 182 0.1
76 188 0.1
76 199 0.01
76 205 0.01
76 220 0.001
76 236 0.01
76 247 0.01
76 259 0.001
76 303 0.01
76 314 0.01
76 317 0.01
76 331 0.001
76 337 0.1
76 344 0.1
76 360 0.01
76 361 0.01
76 364 0.1
76 366 0.1
76 385 0.001
76 392 0.01
76 405 0.1
76 426 0.001
76 442 0.001
76 477 0.01
76 483 0.1
76 508 0.001
77 78 0.001
77 81 0.01
77 82 0.1
77 92 0.01
77 94 0.001
77 104 0.01
77 110 0.1
77 111 0.001
77 119 0.01
77 138 0.001
77 139 0.01
77 140 0.1
77 144 0.001
77 153 0.001
77 171 0.001
77 183 0.001
77 186 0.1
77 192 0.1
77 209 0.01
77 210 0.1
77 211 0.001
77 222 0.1
77 231 0.01
77 251 0.001
77 258 0.1
77 260 0.01
77 274 0.001
77 275 0.001
77 282 0.01
77 296 0.01
77 297 0.001
77 307 0.1
77 313 0.001
77 316 0.001
77 317 0.001
77 322 0.01
77 323 0.1
77 326 0.001
77 336 0.1
77 339 0.01
77 341 0.001
77 346 0.1
77 350 0.1
77 351 0.1
77 376 0.1
77 380 0.1
77 381 0.01
77 390 0.1
77 399 0.01
77 407 0.1
77 408 0.001
77 414 0.01
77 428 0.001
77 441 0.001
77 453 0.1
77 455 0.001
77 460 0.01
77 461 0.001
77 464 0.01
77 498 0.001
77 500 0.1
78 82 0.1
78 85 0.1
78 106 0.1
78 109 0.1
78 119 0.1
78 120 0.1
78 122 0.001
78 125 0.01
78 126 0.1
78 144 0.001
78 145 0.001
78 147 0.001
78 148 0.1
78 149 0.1
78 166 0.1
78 175 0.1
78 179 0.1
78 192 0.001
78 197 0.01
78 202 0.001
78 214 0.001
78 225 0.001
78 231 0.01
78 235 0.01
78 249 0.01
78 291 0.001
78 302 0.001
78 313 0.01
78 316 0.01
78 320 0.01
78 321 0.1
78 335 0.001
78 346 0.001
78 354 0.1
78 358 0.001
78 369 0.01
78 375 0.01
78 376 0.001
78 394 0.001
78 396 0.01
78 417 0.1
78 426 0.1
78 431 0.1
78 462 0.01
79 85 0.001
79 94 0.01
79 106 0.01
79 130 0.1
79 142 0.1
79 172 0.001
79 191 0.1
79 194 0.001
79 199 0.01
79 214 0.001
79 216 0.001
79 219 0.1
79 223 0.01
79 259 0.001
79 281 0.1
79 283 0.001
79 308 0.01
79 327 0.01
79 336 0.01
79 365 0.01
79 393 0.1
79 430 0.1
79 449 0.1
79 497 0.01
79 502 0.01
80 87 0.1
80 91 0.001
80 94 0.01
80 97 0.001
80 99 0.001
80 100 0.001
80 113 0.01
80 114 0.1
80 118 0.001
80 124 0.001
80 129 0.001
80 137 0.01
80 170 0.01
80 176 0.001
80 177 0.01
80 184 0.01
80 194 0.01
80 196 0.001
80 197 0.001
80 205 0.1
80 212 0.1
80 217 0.001
80 221 0.001
80 222 0.01
80 250 0.001
80 263 0.1
80 275 0.001
80 279 0.001
80 314 0.001
80 321 0.1
80 327 0.001
80 332 0.1
80 336 0.001
80 344 0.01
80 352 0.01
80 371 0.001
80 382 0.01
80 383 0.01
80 399 0.001
80 414 0.01
80 454 0.1
80 460 0.1
80 461 0.01
80 470 0.001
80 481 0.1
80 495 0.001
80 497 0.001
81 89 0.01
81 114 0.1
81 126 0.001
81 131 0.001
81 136 0.1
81 149 0.001
81 162 0.1
81 181 0.1
81 194 0.001
81 204 0.001
81 239 0.1
81 258 0.001
81 263 0.01
81 270 0.01
81 292 0.01
81 311 0.01
81 335 0.01
81 367 0.1
81 392 0.01
81 408 0.01
81 409 0.001
81 410 0.001
81 438 0.001
81 440 0.01
81 446 0.1
81 450 0.1
81 475 0.01
82 90 0.01
82 95 0.01
82 100 0.001
82 104 0.001
82 116 0.01
82 123 0.1
82 124 0.001
82 152 0.001
82 171 0.1
82 180 0.01
82 181 0.1
82 199 0.001
82 204 0.1
82 209 0.01
82 210 0.01
82 216 0.1
82 235 0.1
82 236 0.001
82 243 0.1
82 270 0.01
82 285 0.1
82 310 0.01
82 312 0.001
82 321 0.001
82 333 0.001
82 340 0.01
82 351 0.01
82 366 0.01
82 378 0.1
82 407 0.001
82 412 0.01
82 427 0.1
82 484 0.01
82 490 0.1
82 495 0.001
83 86 0.1
83 96 0.001
83 98 0.1
83 107 0.01
83 118 0.1
83 120 0.01
83 123 0.1
83 126 0.1
83 134 0.01
83 136 0.01
83 146 0.001
83 156 0.01
83 165 0.001
83 182 0.01
83 183 0.01
83 208 0.01
83 217 0.1
83 224 0.1
83 240 0.1
83 285 0.01
83 286 0.01
83 292 0.001
83 295 0.001
83 303 0.01
83 319 0.001
83 370 0.01
83 374 0.01
83 384 0.1
83 386 0.001
83 391 0.1
83 396 0.01
83 410 0.1
83 424 0.001
83 433 0.1
83 448 0.001
83 462 0.1
83 463 0.01
83 468 0.1
83 488 0.1
83 489 0.001
84 88 0.01
84 99 0.001
84 102 0.01
84 104 0.1
84 114 0.001
84 121 0.001
84 129 0.01
84 146 0.01
84 149 0.001
84 159 0.001
84 161 0.001
84 184 0.001
84 200 0.01
84 207 0.1
84 209 0.01
84 279 0.01
84 284 0.1
84 300 0.001
84 303 0.1
84 316 0.001
84 348 0.001
84 376 0.001
84 389 0.1
84 425 0.1
84 441 0.001
84 449 0.001
84 482 0.01
85 92 0.01
85 108 0.01
85 114 0.1
85 115 0.001
85 121 0.001
85 122 0.1
85 137 0.001
85 140 0.1
85 174 0.01
85 187 0.01
85 193 0.01
85 194 0.1
85 205 0.01
85 240 0.001
85 270 0.01
85 271 0.001
85 288 0.1
85 294 0.01
85 321 0.001
85 331 0.001
85 335 0.01
85 362 0.01
85 398 0.1
85 404 0.01
85 437 0.01
85 455 0.01
85 460 0.001
85 461 0.001
85 480 0.001
85 502 0.001
86 97 0.01
86 108 0.1
86 136 0.001
86 176 0.001
86 205 0.01
86 226 0.1
86 260 0.1
86 304 0.001
86 323 0.1
86 369 0.001
86 382 0.01
86 391 0.1
86 487 0.01
87 116 0.01
87 140 0.1
87 143 0.001
87 190 0.001
87 218 0.001
87 220 0.001
87 238 0.1
87 280 0.1
87 288 0.001
87 303 0.01
87 327 0.01
87 364 0.001
87 431 0.01
87 437 0.01
87 466 0.01
87 475 0.1
87 490 0.1
88 112 0.1
88 145 0.1
88 167 0.01
88 168 0.01
88 239 0.001
88 250 0.01
88 275 0.1
88 282 0.01
88 309 0.01
88 348 0.1
88 402 0.01
88 486 0.1
88 509 0.1
89 105 0.1
89 111 0.01
89 142 0.1
89 366 0.01
89 393 0.1
89 410 0.001
90 95 0.001
90 103 0.001
90 133 0.01
90 188 0.001
90 223 0.1
90 289 0.01
90 426 0.1
90 428 0.1
90 474 0.1
91 152 0.1
91 160 0.001
91 179 0.001
91 199 0.001
91 315 0.01
91 345 0.1
91 419 0.1
92 106 0.01
92 199 0.01
92 231 0.001
92 253 0.001
92 354 0.01
92 403 0.001
92 500 0.1
93 173 0.001
93 187 0.001
93 229 0.001
93 322 0.01
93 360 0.01
93 406 0.001
93 501 0.1
94 223 0.1
94 303 0.01
94 318 0.001
95 104 0.01
95 208 0.01
95 273 0.001
96 98 0.001
96 117 0.001
96 146 0.1
96 149 0.01
96 185 0.01
96 190 0.1
96 192 0.001
96 198 0.001
96 212 0.1
96 230 0.1
96 260 0.01
96 264 0.1
96 279 0.001
96 304 0.001
96 310 0.001
96 325 0.01
96 389 0.1
96 391 0.1
96 407 0.001
96 435 0.1
96 438 0.01
96 503 0.01
97 110 0.001
97 116 0.1
97 139 0.001
97 145 0.001
97 146 0.001
97 160 0.1
97 169 0.1
97 177 0.001
97 186 0.001
97 188 0.01
97 207 0.01
97 210 0.1
97 215 0.001
97 230 0.01
97 232 0.001
97 236 0.1
97 296 0.001
97 298 0.01
97 305 0.01
97 312 0.1
97 334 0.01
97 338 0.001
97 340 0.001
97 343 0.01
97 365 0.001
97 376 0.01
97 403 0.01
97 415 0.01
97 440 0.001
97 441 0.001
97 445 0.001
97 453 0.001
97 460 0.001
97 507 0.001
98 118 0.1
98 142 0.01
98 156 0.01
98 163 0.1
98 171 0.001
98 172 0.1
98 208 0.001
98 216 0.01
98 234 0.001
98 275 0.01
98 287 0.1
98 288 0.001
98 311 0.01
98 312 0.01
98 327 0.001
98 334 0.01
98 345 0.001
98 381 0.01
98 386 0.001
98 388 0.001
98 404 0.01
98 450 0.1
98 456 0.01
98 459 0.1
98 463 0.1
99 104 0.001
99 112 0.01
99 121 0.1
99 127 0.001
99 158 0.01
99 178 0.01
99 199 0.001
99 209 0.1
99 242 0.01
99 247 0.001
99 285 0.001
99 301 0.1
99 317 0.01
99 320 0.001
99 402 0.001
99 413 0.1
99 429 0.01
99 451 0.001
99 454 0.001
99 456 0.1
99 465 0.01
100 101 0.001
100 109 0.01
100 111 0.01
100 112 0.001
100 121 0.01
100 123 0.001
100 132 0.1
100 139 0.01
100 140 0.1
100 141 0.01
100 143 0.001
100 150 0.01
100 151 0.1
100 157 0.1
100 162 0.001
100 219 0.1
100 249 0.1
100 252 0.1
100 257 0.001
100 264 0.001
100 267 0.001
100 284 0.1
100 301 0.1
100 337 0.1
100 338 0.001
100 363 0.01
100 369 0.001
100 381 0.1
100 389 0.01
100 395 0.01
100 401 0.1
100 411 0.1
100 413 0.001
100 415 0.1
100 421 0.1
100 423 0.01
100 446 0.1
100 447 0.1
100 460 0.001
100 468 0.01
100 505 0.001
101 108 0.1
101 120 0.01
101 122 0.01
101 154 0.01
101 159 0.1
101 183 0.001
101 186 0.1
101 209 0.01
101 224 0.01
101 232 0.1
101 256 0.1
101 261 0.1
101 267 0.01
101 409 0.001
101 419 0.01
101 423 0.001
101 497 0.01
101 499 0.001
102 106 0.1
102 114 0.01
102 115 0.001
102 121 0.01
102 130 0.001
102 136 0.1
102 145 0.01
102 206 0.01
102 218 0.1
102 226 0.1
102 227 0.01
102 258 0.1
102 307 0.1
102 337 0.1
102 355 0.1
102 403 0.1
102 413 0.1
102 482 0.01
103 106 0.01
103 107 0.01
103 118 0.01
103 124 0.01
103 128 0.01
103 164 0.01
103 167 0.1
103 188 0.01
103 216 0.01
103 232 0.1
103 264 0.001
103 272 0.1
103 278 0.1
103 305 0.001
103 314 0.001
103 347 0.01
103 375 0.1
103 392 0.001
103 406 0.01
103 407 0.01
103 408 0.001
103 417 0.01
103 422 0.1
103 439 0.1
103 450 0.1
103 486 0.001
103 506 0.1
103 507 0.01
104 185 0.01
104 224 0.01
104 295 0.01
104 305 0.1
104 352 0.01
104 371 0.01
104 379 0.001
104 404 0.01
104 410 0.01
104 476 0.001
104 484 0.01
104 485 0.01
104 487 0.001
104 492 0.001
104 493 0.001
105 113 0.1
105 132 0.1
105 170 0.01
105 184 0.001
105 187 0.1
105 192 0.01
105 197 0.1
105 203 0.1
105 235 0.1
105 267 0.01
105 300 0.1
105 301 0.001
105 303 0.001
105 306 0.1
105 314 0.001
105 326 0.001
105 328 0.01
105 329 0.01
105 392 0.001
105 443 0.01
105 477 0.01
105 503 0.01
105 511 0.001
106 125 0.01
106 128 0.001
106 147 0.01
106 163 0.01
106 176 0.01
106 205 0.001
106 214 0.001
106 243 0.01
106 250 0.1
106 274 0.01
106 281 0.1
106 284 0.01
106 297 0.01
106 308 0.1
106 319 0.001
106 336 0.001
106 342 0.1
106 344 0.1
106 350 0.01
106 380 0.01
106 408 0.001
106 410 0.01
106 413 0.1
106 428 0.01
106 456 0.01
107 115 0.001
107 117 0.01
107 126 0.001
107 130 0.01
107 133 0.01
107 139 0.01
107 143 0.01
107 164 0.001
107 187 0.001
107 195 0.01
107 227 0.01
107 241 0.1
107 267 0.001
107 278 0.01
107 279 0.001
107 301 0.01
107 330 0.01
107 335 0.1
107 340 0.001
107 345 0.01
107 370 0.01
107 377 0.1
107 396 0.1
107 401 0.1
107 411 0.001
107 421 0.01
107 466 0.1
107 473 0.1
107 494 0.001
107 496 0.01
108 109 0.01
108 115 0.1
108 139 0.001
108 154 0.1
108 156 0.001
108 157 0.01
108 158 0.01
108 184 0.01
108 218 0.01
108 229 0.001
108 269 0.01
108 297 0.1
108 312 0.01
108 321 0.001
108 391 0.1
108 408 0.001
108 410 0.01
108 451 0.1
108 473 0.1
108 496 0.01
109 111 0.1
109 125 0.001
109 136 0.01
109 141 0.001
109 150 0.001
109 189 0.001
109 214 0.1
109 227 0.001
109 248 0.01
109 253 0.01
109 258 0.1
109 311 0.001
109 316 0.001
109 329 0.001
109 336 0.01
109 337 0.1
109 345 0.1
109 352 0.001
109 354 0.1
109 381 0.1
109 387 0.001
109 399 0.1
109 447 0.01
109 452 0.001
109 473 0.01
109 476 0.001
109 486 0.001
109 494 0.001
109 510 0.01
110 113 0.001
110 119 0.1
110 131 0.01
110 139 0.01
110 146 0.01
110 148 0.01
110 150 0.001
110 177 0.001
110 186 0.1
110 201 0.001
110 217 0.01
110 237 0.01
110 246 0.1
110 264 0.1
110 307 0.1
110 359 0.01
110 363 0.1
110 380 0.1
110 390 0.01
110 394 0.1
110 397 0.001
110 398 0.001
110 405 0.01
110 418 0.01
110 464 0.01
110 471 0.1
110 477 0.1
110 482 0.01
110 493 0.1
110 500 0.1
110 502 0.001
110 510 0.1
111 117 0.001
111 119 0.1
111 121 0.1
111 129 0.1
111 133 0.001
111 137 0.001
111 147 0.01
111 163 0.1
111 171 0.01
111 187 0.01
111 192 0.001
111 212 0.001
111 228 0.001
111 246 0.1
111 270 0.01
111 297 0.1
111 299 0.001
111 302 0.01
111 319 0.001
111 353 0.1
111 366 0.001
111 389 0.1
111 390 0.01
111 405 0.01
111 408 0.1
111 424 0.001
111 431 0.01
111 448 0.01
111 453 0.001
111 472 0.01
111 480 0.01
111 488 0.1
111 504 0.001
112 113 0.1
112 118 0.001
112 120 0.01
112 126 0.01
112 129 0.01
112 136 0.1
112 140 0.1
112 148 0.001
112 152 0.001
112 155 0.1
112 161 0.001
112 162 0.1
112 167 0.1
112 195 0.001
112 225 0.01
112 230 0.1
112 236 0.1
112 260 0.001
112 277 0.001
112 279 0.001
112 287 0.01
112 295 0.001
112 309 0.1
112 322 0.1
112 323 0.1
112 332 0.001
112 348 0.001
112 349 0.01
112 355 0.01
112 358 0.01
112 374 0.001
112 380 0.001
112 388 0.001
112 406 0.1
112 414 0.1
112 424 0.1
112 429 0.1
112 471 0.01
112 494 0.001
113 115 0.01
113 120 0.1
113 159 0.001
113 165 0.01
113 179 0.1
113 191 0.1
113 198 0.001
113 212 0.001
113 223 0.01
113 236 0.1
113 245 0.1
113 282 0.001
113 283 0.01
113 305 0.001
113 309 0.001
113 388 0.001
113 400 0.001
113 407 0.001
113 457 0.1
113 477 0.1
114 149 0.1
114 156 0.001
114 158 0.1
114 179 0.1
114 182 0.1
114 191 0.01
114 197 0.01
114 204 0.01
114 220 0.001
114 235 0.01
114 270 0.001
114 280 0.001
114 281 0.01
114 285 0.001
114 288 0.1
114 313 0.001
114 315 0.001
114 324 0.1
114 340 0.01
114 341 0.1
114 342 0.1
114 344 0.1
114 398 0.1
114 403 0.001
114 427 0.001
114 444 0.1
115 122 0.1
115 124 0.1
115 129 0.01
115 143 0.001
115 149 0.01
115 152 0.1
115 160 0.01
115 177 0.01
115 182 0.1
115 196 0.1
115 197 0.1
115 205 0.001
115 214 0.001
115 224 0.01
115 228 0.1
115 242 0.001
115 251 0.01
115 253 0.001
115 259 0.1
115 298 0.001
115 323 0.1
115 377 0.001
115 411 0.1
115 413 0.1
115 457 0.001
115 458 0.01
115 476 0.001
115 482 0.001
115 511 0.01
116 117 0.001
116 119 0.01
116 131 0.001
116 142 0.001
116 174 0.001
116 193 0.001
116 233 0.001
116 242 0.01
116 251 0.1
116 285 0.01
116 296 0.001
116 327 0.01
116 335 0.001
116 339 0.1
116 353 0.01
116 435 0.01
116 482 0.1
116 489 0.1
117 119 0.001
117 142 0.1
117 203 0.001
117 221 0.1
117 269 0.1
117 276 0.001
117 354 0.1
117 356 0.01
117 373 0.001
117 394 0.001
117 399 0.1
117 418 0.1
117 436 0.1
118 128 0.001
118 136 0.001
118 153 0.01
118 197 0.1
118 213 0.001
118 226 0.01
118 250 0.01
118 299 0.001
118 318 0.1
118 344 0.001
118 369 0.01
118 421 0.1
118 439 0.001
118 449 0.01
118 511 0.001
119 129 0.01
119 157 0.001
119 187 0.001
119 193 0.001
119 224 0.001
119 243 0.001
119 280 0.01
119 283 0.01
119 300 0.001
119 319 0.001
119 322 0.001
119 331 0.01
119 366 0.01
119 383 0.01
119 409 0.1
119 418 0.001
119 486 0.01
120 140 0.01
120 175 0.1
120 202 0.001
120 203 0.01
120 232 0.001
121 144 0.01
121 156 0.01
121 238 0.01
121 282 0.1
121 304 0.1
121 331 0.1
121 342 0.1
121 416 0.1
121 447 0.01
121 461 0.1
122 149 0.01
122 200 0.01
122 239 0.01
122 251 0.1
122 349 0.001
122 427 0.001
122 453 0.001
122 502 0.001
123 167 0.001
123 179 0.1
123 213 0.1
123 243 0.01
123 279 0.1
124 127 0.001
124 129 0.01
124 144 0.001
124 151 0.001
124 181 0.001
124 211 0.1
124 245 0.001
124 277 0.001
124 410 0.001
125 160 0.001
125 249 0.1
125 271 0.001
125 339 0.001
125 445 0.001
125 452 0.001
126 139 0.001
126 149 0.1
126 210 0.001
126 230 0.01
126 240 0.01
126 371 0.01
127 152 0.01
127 178 0.01
127 312 0.01
127 385 0.001
127 405 0.001
127 496 0.01
128 141 0.01
128 153 0.001
128 157 0.1
128 165 0.1
128 171 0.01
128 180 0.01
128 183 0.01
128 191 0.01
128 202 0.001
128 204 0.1
128 209 0.1
128 268 0.01
128 277 0.1
128 300 0.001
128 354 0.1
128 357 0.01
128 392 0.001
128 420 0.1
128 463 0.1
128 471 0.01
128 499 0.001
128 509 0.1
129 132 0.1
129 133 0.01
129 147 0.01
129 158 0.01
129 175 0.1
129 178 0.01
129 181 0.01
129 201 0.001
129 221 0.1
129 234 0.001
129 255 0.1
129 262 0.01
129 266 0.1
129 276 0.01
129 287 0.001
129 294 0.1
129 312 0.1
129 316 0.01
129 366 0.01
129 372 0.01
129 377 0.001
129 379 0.01
129 392 0.001
129 394 0.01
129 398 0.1
129 406 0.1
129 421 0.1
129 447 0.1
129 477 0.01
130 131 0.001
130 134 0.01
130 139 0.1
130 142 0.1
130 143 0.001
130 154 0.001
130 161 0.01
130 166 0.01
130 170 0.1
130 172 0.01
130 173 0.001
130 174 0.01
130 175 0.01
130 207 0.01
130 213 0.001
130 215 0.01
130 219 0.1
130 233 0.1
130 244 0.1
130 260 0.01
130 282 0.01
130 310 0.01
130 312 0.01
130 358 0.01
130 384 0.1
130 387 0.1
130 418 0.1
130 448 0.1
130 469 0.001
130 499 0.01
130 510 0.1
130 511 0.01
131 140 0.1
131 153 0.1
131 154 0.1
131 164 0.01
131 165 0.01
131 168 0.1
131 184 0.1
131 194 0.1
131 197 0.001
131 235 0.01
131 255 0.01
131 259 0.01
131 299 0.001
131 306 0.01
131 317 0.001
131 345 0.1
131 418 0.1
131 431 0.01
131 435 0.01
131 506 0.001
132 186 0.01
132 208 0.001
132 256 0.1
132 280 0.1
132 284 0.001
132 333 0.1
132 444 0.001
132 452 0.01
132 494 0.01
133 141 0.01
133 147 0.01
133 165 0.001
133 169 0.001
133 174 0.01
133 181 0.01
133 195 0.01
133 198 0.1
133 224 0.1
133 236 0.001
133 247 0.001
133 269 0.1
133 306 0.01
133 330 0.001
133 340 0.01
133 347 0.001
133 370 0.001
133 374 0.001
133 393 0.001
133 409 0.1
133 416 0.001
133 428 0.1
133 430 0.1
133 464 0.001
133 478 0.01
133 501 0.1
134 136 0.001
134 155 0.1
134 170 0.1
134 174 0.001
134 193 0.1
134 225 0.01
134 227 0.01
134 229 0.1
134 269 0.01
134 276 0.1
134 281 0.1
134 345 0.01
134 379 0.001
134 452 0.01
134 455 0.1
134 467 0.01
134 493 0.01
135 137 0.01
135 142 0.001
135 148 0.01
135 152 0.001
135 172 0.1
135 175 0.1
135 177 0.01
135 186 0.001
135 206 0.001
135 211 0.01
135 217 0.01
135 268 0.1
135 280 0.01
135 283 0.1
135 285 0.1
135 290 0.01
135 338 0.01
135 372 0.1
135 375 0.1
135 392 0.1
135 401 0.1
135 432 0.01
135 435 0.01
135 455 0.001
135 458 0.1
135 463 0.001
135 492 0.001
135 499 0.001
135 507 0.1
136 138 0.1
136 143 0.1
136 154 0.001
136 157 0.001
136 192 0.1
136 200 0.01
136 201 0.1
136 204 0.001
136 210 0.001
136 227 0.1
136 232 0.1
136 241 0.1
136 267 0.001
136 274 0.001
136 282 0.1
136 286 0.1
136 348 0.01
136 351 0.1
136 360 0.01
136 363 0.001
136 377 0.001
136 387 0.001
136 388 0.01
136 399 0.01
136 405 0.1
136 496 0.01
136 508 0.01
136 509 0.1
137 152 0.001
137 158 0.01
137 160 0.001
137 166 0.001
137 195 0.001
137 212 0.1
137 230 0.01
137 234 0.01
137 275 0.01
137 283 0.1
137 299 0.001
137 364 0.1
137 452 0.01
137 507 0.01
138 156 0.001
138 204 0.001
138 220 0.01
138 231 0.01
138 237 0.001
138 254 0.01
138 260 0.01
138 272 0.01
138 346 0.001
138 420 0.001
138 450 0.001
138 499 0.1
139 164 0.1
139 172 0.01
139 176 0.01
139 178 0.1
139 184 0.01
139 188 0.001
139 191 0.001
139 210 0.001
139 215 0.1
139 219 0.01
139 222 0.01
139 223 0.01
139 227 0.1
139 234 0.1
139 249 0.1
139 267 0.01
139 288 0.1
139 291 0.1
139 315 0.001
139 316 0.01
139 321 0.1
139 324 0.001
139 326 0.001
139 330 0.1
139 346 0.1
139 349 0.1
139 391 0.01
139 440 0.1
139 447 0.001
139 454 0.01
139 491 0.1
139 498 0.001
140 164 0.1
140 165 0.01
140 194 0.01
140 207 0.01
140 219 0.001
140 231 0.1
140 235 0.001
140 271 0.1
140 284 0.01
140 308 0.001
140 338 0.1
140 357 0.01
140 371 0.001
140 397 0.001
140 401 0.1
140 410 0.001
140 413 0.1
140 458 0.01
141 167 0.1
141 170 0.1
141 213 0.001
141 215 0.01
141 220 0.1
141 233 0.001
141 238 0.001
141 258 0.1
141 276 0.1
141 301 0.1
141 399 0.1
141 402 0.01
141 460 0.01
141 501 0.001
142 152 0.1
142 153 0.1
142 172 0.1
142 173 0.001
142 193 0.1
142 201 0.001
142 204 0.01
142 211 0.01
142 248 0.01
142 258 0.01
142 277 0.01
142 280 0.01
142 311 0.01
142 317 0.1
142 336 0.001
142 343 0.01
142 344 0.001
142 359 0.01
142 372 0.001
142 375 0.01
142 434 0.001
142 447 0.001
142 450 0.01
142 505 0.01
143 154 0.01
143 156 0.01
143 161 0.01
143 162 0.01
143 176 0.001
143 204 0.1
143 210 0.001
143 217 0.001
143 218 0.1
143 222 0.1
143 224 0.01
143 242 0.001
143 268 0.001
143 285 0.001
143 291 0.01
143 303 0.01
143 323 0.1
143 407 0.001
143 417 0.1
143 427 0.001
143 438 0.001
143 467 0.1
143 484 0.01
143 488 0.01
144 151 0.001
144 154 0.1
144 350 0.1
144 353 0.1
144 361 0.01
144 365 0.01
144 441 0.1
144 508 0.01
145 149 0.1
145 156 0.001
145 158 0.01
145 184 0.1
145 192 0.1
145 200 0.01
145 205 0.01
145 211 0.01
145 239 0.001
145 271 0.1
145 293 0.001
145 294 0.1
145 347 0.001
145 382 0.1
145 384 0.1
145 386 0.001
145 391 0.01
145 408 0.01
145 432 0.1
145 446 0.01
145 484 0.01
145 495 0.1
146 160 0.1
146 167 0.001
146 215 0.001
146 275 0.001
146 295 0.001
146 320 0.01
146 334 0.1
146 397 0.01
146 408 0.1
147 171 0.1
147 172 0.01
147 174 0.001
147 193 0.1
147 208 0.1
147 211 0.1
147 220 0.001
147 239 0.1
147 328 0.001
147 332 0.001
147 353 0.001
147 432 0.001
147 434 0.01
147 491 0.001
148 154 0.01
148 216 0.01
148 228 0.1
148 256 0.01
148 286 0.001
148 329 0.1
148 343 0.01
148 459 0.001
148 510 0.001
149 164 0.01
149 166 0.1
149 187 0.1
149 191 0.01
149 200 0.001
149 225 0.001
149 294 0.001
149 327 0.001
149 336 0.1
149 425 0.001
149 478 0.1
149 487 0.01
149 489 0.1
150 202 0.1
150 301 0.001
150 313 0.01
150 351 0.001
150 430 0.01
150 449 0.001
151 155 0.001
151 179 0.01
151 192 0.001
151 232 0.001
151 234 0.001
151 242 0.1
151 265 0.001
151 318 0.01
151 320 0.1
151 361 0.01
151 402 0.01
151 429 0.001
151 439 0.001
152 211 0.001
152 236 0.1
152 291 0.1
152 306 0.01
152 329 0.001
152 392 0.01
153 161 0.1
153 222 0.01
153 256 0.1
153 373 0.001
153 439 0.01
154 160 0.001
154 188 0.1
154 196 0.001
154 261 0.1
154 265 0.1
154 319 0.001
154 426 0.01
154 440 0.1
154 486 0.01
155 171 0.01
155 195 0.01
155 213 0.001
155 255 0.01
155 262 0.01
155 272 0.001
155 279 0.001
155 284 0.1
155 340 0.01
155 445 0.1
155 494 0.001
155 499 0.001
155 502 0.01
156 161 0.01
156 351 0.1
156 450 0.1
157 277 0.01
157 432 0.001
159 191 0.001
159 231 0.01
159 252 0.001
159 256 0.1
159 453 0.1
159 497 0.01
159 498 0.1
160 172 0.01
160 206 0.01
160 210 0.01
160 212 0.001
160 226 0.01
160 227 0.01
160 250 0.001
160 259 0.1
160 276 0.1
160 303 0.01
160 358 0.1
160 421 0.001
160 459 0.01
160 480 0.01
160 508 0.001
161 162 0.01
161 173 0.01
161 178 0.1
161 190 0.001
161 209 0.1
161 237 0.01
161 308 0.01
161 357 0.01
161 363 0.001
161 382 0.001
161 387 0.001
161 440 0.1
161 448 0.01
161 485 0.01
161 497 0.01
162 237 0.01
162 250 0.1
162 295 0.001
162 300 0.01
162 369 0.1
162 409 0.01
162 438 0.01
162 468 0.1
162 476 0.001
163 165 0.001
163 169 0.1
163 177 0.01
163 213 0.01
163 221 0.01
163 236 0.1
163 243 0.01
163 245 0.01
163 324 0.1
163 328 0.1
163 334 0.1
163 347 0.001
163 401 0.1
163 413 0.1
163 449 0.001
163 474 0.01
163 488 0.1
163 489 0.1
163 492 0.001
163 498 0.001
163 506 0.001
164 174 0.01
164 175 0.001
164 180 0.1
164 191 0.1
164 232 0.001
164 247 0.001
164 273 0.1
164 278 0.1
164 291 0.1
164 300 0.1
164 307 0.001
164 318 0.1
164 326 0.1
164 337 0.001
164 340 0.001
164 418 0.001
164 436 0.1
164 438 0.1
164 480 0.001
164 489 0.01
164 492 0.1
165 166 0.01
165 169 0.001
165 226 0.1
165 233 0.01
165 238 0.01
165 250 0.1
165 300 0.001
165 302 0.001
165 319 0.1
165 328 0.001
165 343 0.01
165 345 0.01
165 348 0.001
165 377 0.001
165 381 0.1
165 393 0.1
165 424 0.1
165 434 0.1
165 436 0.1
166 186 0.1
166 188 0.001
166 238 0.001
166 240 0.01
166 250 0.1
166 278 0.1
166 290 0.001
166 367 0.01
166 424 0.01
166 495 0.01
166 510 0.1
167 168 0.1
167 189 0.001
167 239 0.01
167 255 0.001
167 280 0.1
167 298 0.001
167 306 0.1
167 336 0.1
167 341 0.001
167 365 0.001
167 368 0.1
167 369 0.1
167 390 0.001
167 415 0.001
167 420 0.001
168 172 0.1
168 174 0.01
168 179 0.01
168 220 0.1
168 229 0.001
168 236 0.01
168 257 0.01
168 266 0.001
168 289 0.001
168 294 0.01
168 300 0.1
168 324 0.1
168 341 0.1
168 345 0.001
168 383 0.001
168 413 0.1
168 483 0.01
168 488 0.001
168 502 0.001
169 195 0.1
169 297 0.001
169 379 0.1
169 403 0.001
170 187 0.1
170 188 0.1
170 190 0.1
170 193 0.1
170 212 0.01
170 222 0.001
170 247 0.1
170 274 0.01
170 319 0.001
170 322 0.1
170 357 0.1
170 438 0.001
171 175 0.001
171 221 0.001
171 263 0.001
171 264 0.01
171 299 0.1
171 304 0.01
171 307 0.1
171 311 0.1
171 349 0.01
171 355 0.1
171 380 0.1
171 404 0.001
171 417 0.1
171 422 0.1
171 430 0.1
171 439 0.1
171 455 0.1
171 470 0.01
172 179 0.01
172 195 0.01
172 196 0.01
172 238 0.001
172 242 0.01
172 243 0.001
172 252 0.1
172 271 0.001
172 272 0.1
172 276 0.1
172 278 0.001
172 288 0.01
172 315 0.1
172 326 0.1
172 376 0.1
172 386 0.001
172 400 0.001
172 408 0.1
172 430 0.001
172 503 0.01
173 180 0.1
173 182 0.001
173 183 0.01
173 194 0.01
173 196 0.1
173 205 0.01
173 226 0.001
173 246 0.1
173 256 0.001
173 257 0.01
173 266 0.1
173 292 0.01
173 301 0.001
173 302 0.01
173 315 0.01
173 330 0.001
173 352 0.1
173 386 0.01
173 389 0.001
173 437 0.1
173 461 0.1
173 463 0.001
173 484 0.1
173 488 0.1
173 490 0.1
174 176 0.1
174 177 0.001
174 195 0.01
174 198 0.01
174 220 0.01
174 247 0.1
174 253 0.001
174 269 0.01
174 298 0.001
174 321 0.1
174 325 0.01
174 343 0.1
174 351 0.01
174 378 0.001
174 394 0.01
174 398 0.01
174 417 0.001
175 208 0.01
175 237 0.1
175 244 0.01
175 293 0.001
175 335 0.1
175 349 0.01
175 350 0.1
175 352 0.001
175 370 0.01
175 398 0.1
175 402 0.001
175 494 0.01
176 250 0.01
176 254 0.1
176 264 0.01
176 269 0.01
176 357 0.01
176 378 0.1
176 396 0.001
176 430 0.001
176 456 0.001
176 484 0.001
177 183 0.01
177 190 0.01
177 217 0.1
177 262 0.1
177 290 0.001
177 313 0.001
177 317 0.01
177 325 0.1
177 356 0.1
177 383 0.1
177 384 0.001
177 458 0.01
177 460 0.01
177 476 0.001
177 499 0.1
178 240 0.01
178 251 0.1
178 290 0.001
178 359 0.001
178 387 0.001
178 421 0.001
178 448 0.001
178 465 0.001
179 211 0.01
179 228 0.01
179 238 0.1
179 259 0.01
179 292 0.1
179 332 0.01
179 349 0.001
179 387 0.1
179 395 0.001
179 414 0.001
179 443 0.001
179 465 0.01
180 183 0.001
180 190 0.01
180 198 0.01
180 242 0.1
180 246 0.01
180 329 0.001
180 349 0.1
180 352 0.01
181 208 0.01
181 283 0.001
181 328 0.001
181 368 0.1
181 393 0.01
181 401 0.01
181 445 0.01
181 472 0.01
181 484 0.01
181 505 0.1
182 209 0.001
182 226 0.01
182 257 0.1
182 320 0.01
182 333 0.001
182 408 0.001
182 419 0.1
182 446 0.01
182 453 0.01
182 491 0.001
182 510 0.01
183 200 0.001
183 207 0.001
183 235 0.1
183 262 0.01
183 274 0.001
183 359 0.01
183 397 0.1
183 468 0.001
184 195 0.001
184 235 0.001
184 255 0.01
184 284 0.1
184 312 0.001
184 341 0.001
184 364 0.01
184 442 0.01
184 454 0.1
184 473 0.01
185 196 0.001
185 238 0.01
185 249 0.01
185 310 0.01
185 312 0.01
185 326 0.1
185 406 0.01
186 217 0.001
186 219 0.01
186 289 0.1
186 296 0.01
186 367 0.001
186 424 0.1
187 189 0.01
187 196 0.1
187 265 0.1
187 287 0.01
187 323 0.001
187 404 0.1
187 422 0.01
187 437 0.1
187 491 0.1
188 216 0.1
188 417 0.001
189 198 0.1
189 250 0.1
189 392 0.01
189 433 0.1
189 506 0.001
191 290 0.001
191 314 0.01
191 477 0.01
192 277 0.01
192 282 0.001
192 301 0.01
192 341 0.01
192 412 0.01
192 438 0.01
192 440 0.001
192 484 0.001
192 504 0.01
193 228 0.01
193 230 0.001
193 240 0.001
193 241 0.1
193 266 0.1
193 268 0.01
193 285 0.001
193 292 0.1
193 300 0.001
193 301 0.001
193 319 0.001
193 330 0.1
193 335 0.01
193 353 0.1
193 358 0.01
193 385 0.001
193 395 0.01
193 399 0.001
193 420 0.001
193 426 0.01
193 444 0.01
193 461 0.1
194 197 0.1
194 201 0.001
194 204 0.01
194 235 0.1
194 254 0.1
194 357 0.001
194 389 0.1
194 393 0.1
194 422 0.1
194 446 0.1
195 236 0.001
195 256 0.1
195 275 0.01
195 342 0.001
195 368 0.001
195 369 0.1
195 370 0.001
195 393 0.1
195 430 0.01
195 434 0.01
195 473 0.1
196 245 0.001
196 256 0.001
196 272 0.001
196 281 0.01
196 353 0.1
196 409 0.1
196 413 0.1
196 415 0.01
196 421 0.01
196 443 0.001
196 474 0.01
196 493 0.01
197 203 0.1
197 207 0.01
197 210 0.001
197 242 0.01
197 269 0.001
197 310 0.01
197 354 0.1
197 387 0.01
197 397 0.001
197 398 0.001
197 422 0.001
197 424 0.001
197 433 0.1
197 477 0.01
198 222 0.1
198 224 0.1
198 225 0.001
198 232 0.001
198 260 0.1
198 265 0.1
198 310 0.01
198 326 0.001
198 337 0.01
198 347 0.01
198 357 0.1
198 414 0.001
198 456 0.01
199 222 0.01
199 270 0.01
199 281 0.1
199 286 0.01
199 294 0.001
199 306 0.01
199 333 0.1
199 337 0.001
199 403 0.01
199 423 0.001
199 466 0.01
199 469 0.01
200 206 0.001
200 251 0.1
200 258 0.01
200 259 0.1
200 307 0.001
200 399 0.1
200 425 0.1
200 447 0.1
200 450 0.001
200 462 0.1
200 494 0.1
200 506 0.1
201 221 0.01
201 232 0.01
201 239 0.1
201 246 0.001
201 263 0.1
201 293 0.1
201 296 0.001
201 329 0.1
201 360 0.001
201 372 0.1
201 453 0.1
201 470 0.001
201 496 0.01
201 504 0.001
201 507 0.1
202 249 0.001
202 259 0.1
202 266 0.1
202 285 0.01
202 333 0.001
202 344 0.01
202 392 0.01
202 399 0.001
202 430 0.01
202 498 0.1
203 252 0.01
203 264 0.01
203 267 0.1
203 276 0.01
203 289 0.001
203 293 0.001
203 332 0.01
203 358 0.001
203 373 0.01
203 382 0.001
203 405 0.01
203 425 0.1
203 426 0.001
203 435 0.1
203 438 0.1
203 451 0.001
203 458 0.01
204 227 0.01
204 244 0.001
204 452 0.1
204 456 0.1
204 485 0.1
205 234 0.001
205 252 0.01
205 264 0.001
205 271 0.001
205 279 0.01
205 284 0.1
205 332 0.1
205 335 0.1
205 349 0.1
205 351 0.01
205 388 0.1
205 404 0.01
205 434 0.001
205 443 0.1
205 444 0.1
205 488 0.1
205 495 0.001
205 508 0.001
206 255 0.001
206 287 0.1
206 292 0.1
206 298 0.001
206 300 0.1
206 302 0.001
206 319 0.1
206 342 0.1
206 364 0.001
206 369 0.001
206 381 0.1
206 458 0.1
206 502 0.001
207 213 0.1
207 215 0.1
207 248 0.1
207 257 0.01
207 274 0.1
207 287 0.001
207 288 0.01
207 292 0.01
207 295 0.1
207 312 0.1
207 316 0.01
207 343 0.01
207 361 0.1
207 377 0.001
207 401 0.001
207 409 0.01
207 419 0.1
207 478 0.01
207 486 0.1
207 506 0.1
208 260 0.01
208 308 0.1
208 326 0.01
208 331 0.1
208 374 0.001
208 379 0.1
208 418 0.01
208 467 0.1
209 224 0.001
209 301 0.1
209 353 0.1
209 461 0.1
209 487 0.1
210 223 0.001
210 241 0.1
210 283 0.001
210 312 0.01
210 363 0.01
210 366 0.1
210 381 0.1
210 404 0.01
210 421 0.001
211 234 0.001
211 244 0.1
211 283 0.001
211 291 0.01
211 366 0.1
211 394 0.01
211 430 0.01
211 435 0.01
212 327 0.01
212 336 0.1
212 364 0.01
212 377 0.1
212 400 0.001
212 427 0.001
212 472 0.001
213 240 0.01
213 258 0.1
213 287 0.01
213 293 0.001
213 310 0.001
213 339 0.01
213 346 0.001
213 350 0.1
213 366 0.001
213 384 0.001
213 409 0.001
213 435 0.001
213 436 0.001
213 442 0.001
213 498 0.01
213 509 0.1
214 216 0.001
214 242 0.01
214 281 0.1
214 352 0.001
214 478 0.01
215 216 0.001
215 243 0.001
215 299 0.1
215 338 0.01
215 504 0.1
216 304 0.001
216 379 0.001
216 510 0.1
217 280 0.01
217 358 0.1
217 376 0.01
217 384 0.01
217 419 0.1
217 446 0.01
217 463 0.1
218 274 0.01
218 324 0.001
218 355 0.001
218 467 0.001
219 271 0.001
219 357 0.1
219 410 0.1
220 225 0.1
220 248 0.01
220 255 0.001
221 360 0.01
221 380 0.001
221 406 0.001
221 475 0.1
221 485 0.001
222 231 0.001
223 254 0.001
223 285 0.001
223 387 0.1
224 249 0.1
224 269 0.01
224 274 0.1
224 338 0.001
224 346 0.01
224 370 0.1
224 415 0.01
224 455 0.01
225 249 0.01
225 266 0.01
225 268 0.1
225 276 0.1
225 297 0.1
225 313 0.1
225 388 0.01
225 390 0.1
225 398 0.001
225 452 0.1
225 471 0.1
225 481 0.001
226 326 0.001
226 344 0.001
226 361 0.001
226 365 0.1
226 394 0.1
226 401 0.01
226 416 0.001
226 419 0.01
226 446 0.01
226 462 0.1
226 467 0.001
226 472 0.01
226 491 0.01
226 499 0.01
226 505 0.01
227 290 0.001
227 291 0.1
227 311 0.1
227 316 0.1
227 373 0.001
227 452 0.1
228 298 0.1
228 437 0.001
228 445 0.1
228 459 0.1
229 243 0.001
229 295 0.01
229 304 0.1
229 328 0.1
229 380 0.1
229 452 0.01
230 232 0.001
230 248 0.01
230 252 0.01
230 261 0.01
230 268 0.1
230 317 0.01
230 372 0.001
230 431 0.1
230 475 0.01
231 266 0.01
231 287 0.1
231 315 0.1
231 317 0.001
231 385 0.1
231 390 0.01
231 407 0.01
231 432 0.01
231 453 0.1
231 455 0.1
231 462 0.01
231 480 0.01
231 508 0.001
232 261 0.001
232 320 0.001
232 368 0.01
232 420 0.1
232 447 0.001
232 503 0.1
233 254 0.1
233 259 0.1
233 301 0.01
233 336 0.001
233 342 0.1
233 415 0.01
234 241 0.1
234 252 0.001
234 262 0.1
234 266 0.1
234 277 0.1
234 305 0.001
234 312 0.1
234 411 0.01
234 419 0.01
234 468 0.1
234 476 0.01
234 495 0.001
235 252 0.1
235 255 0.1
235 336 0.1
235 385 0.01
235 416 0.01
235 434 0.001
236 247 0.01
236 292 0.001
236 308 0.001
236 347 0.1
236 362 0.01
236 378 0.01
237 244 0.01
237 346 0.1
237 368 0.1
237 405 0.1
237 420 0.01
237 509 0.01
238 245 0.1
238 263 0.1
238 268 0.001
238 288 0.001
238 296 0.001
238 302 0.001
238 309 0.1
238 322 0.001
238 329 0.01
238 354 0.1
238 377 0.01
238 446 0.01
238 462 0.001
238 470 0.001
239 349 0.1
239 353 0.01
239 367 0.1
239 379 0.001
239 401 0.001
239 432 0.01
240 247 0.001
240 263 0.001
240 293 0.01
240 306 0.1
240 324 0.01
240 374 0.01
240 398 0.1
240 427 0.001
240 436 0.1
240 464 0.01
240 472 0.01
241 271 0.01
241 273 0.01
241 370 0.1
241 406 0.01
241 411 0.1
241 423 0.01
241 481 0.01
241 505 0.001
242 361 0.1
242 384 0.1
242 481 0.001
242 506 0.001
243 248 0.1
243 265 0.001
243 277 0.01
243 334 0.1
243 361 0.001
243 388 0.01
243 412 0.001
243 436 0.1
244 263 0.1
244 322 0.1
244 355 0.1
244 368 0.01
244 429 0.1
245 294 0.01
245 301 0.1
245 334 0.001
245 410 0.01
245 466 0.001
245 495 0.01
246 323 0.1
246 333 0.001
246 341 0.1
246 386 0.001
246 390 0.01
246 412 0.01
246 430 0.001
247 265 0.001
247 347 0.1
247 462 0.001
248 304 0.01
248 350 0.01
248 480 0.001
249 324 0.1
249 362 0.1
249 508 0.1
250 279 0.001
250 485 0.1
251 290 0.1
251 318 0.01
251 359 0.001
251 428 0.01
252 271 0.01
252 435 0.1
252 442 0.01
253 306 0.001
253 415 0.001
253 489 0.01
254 348 0.01
254 441 0.1
255 289 0.01
255 433 0.01
255 447 0.01
255 454 0.01
255 509 0.001
256 266 0.01
256 293 0.01
256 350 0.001
256 389 0.1
256 490 0.1
257 260 0.01
257 268 0.001
257 272 0.01
257 286 0.01
257 355 0.1
257 358 0.001
257 424 0.001
257 449 0.001
257 450 0.1
257 483 0.1
257 492 0.001
257 500 0.1
258 262 0.001
258 278 0.1
258 328 0.001
258 367 0.1
258 477 0.01
258 501 0.001
259 294 0.1
259 333 0.1
259 339 0.1
259 352 0.01
259 359 0.1
259 361 0.1
259 463 0.001
259 503 0.001
260 269 0.001
260 313 0.001
260 373 0.01
260 382 0.1
260 427 0.001
260 501 0.01
261 328 0.001
261 329 0.001
261 425 0.1
261 451 0.001
261 464 0.001
262 282 0.01
262 305 0.01
262 344 0.1
262 366 0.01
262 376 0.001
262 456 0.01
263 310 0.001
263 332 0.01
263 341 0.001
263 392 0.1
263 396 0.1
263 421 0.1
263 426 0.001
263 479 0.1
264 290 0.001
264 381 0.1
264 406 0.001
264 456 0.001
264 485 0.01
265 293 0.001
265 339 0.1
265 363 0.1
265 371 0.01
265 440 0.1
265 441 0.1
265 480 0.001
266 273 0.001
266 327 0.1
266 390 0.001
266 433 0.1
266 465 0.01
266 498 0.01
266 510 0.001
267 391 0.1
267 460 0.001
268 282 0.01
268 302 0.001
268 308 0.01
268 334 0.01
268 353 0.001
268 356 0.1
268 400 0.001
268 434 0.01
268 463 0.001
268 490 0.01
269 319 0.01
269 339 0.1
269 374 0.1
269 403 0.001
269 418 0.001
269 431 0.001
269 484 0.001
269 490 0.1
270 277 0.001
270 295 0.1
270 323 0.1
270 324 0.001
270 325 0.1
270 327 0.01
270 374 0.1
270 380 0.01
270 382 0.001
270 427 0.01
271 277 0.001
271 322 0.1
271 358 0.001
271 362 0.1
271 373 0.01
271 407 0.001
271 409 0.1
271 411 0.1
271 431 0.01
271 459 0.1
271 462 0.1
271 464 0.001
271 500 0.1
271 505 0.001
272 335 0.001
272 439 0.01
272 443 0.001
272 468 0.001
272 469 0.01
273 294 0.01
273 339 0.1
273 362 0.1
273 412 0.001
274 293 0.001
274 301 0.01
274 316 0.01
274 337 0.01
274 341 0.1
274 359 0.01
274 372 0.01
274 376 0.1
274 397 0.01
274 427 0.1
274 471 0.01
274 479 0.001
275 336 0.1
275 400 0.001
275 496 0.001
276 305 0.1
276 313 0.1
276 351 0.01
276 370 0.01
276 416 0.01
276 421 0.1
276 439 0.1
276 491 0.1
277 345 0.1
277 387 0.001
277 498 0.001
277 499 0.01
278 356 0.001
278 435 0.001
278 439 0.1
279 350 0.001
279 353 0.01
279 399 0.001
279 449 0.1
279 466 0.1
280 285 0.1
280 323 0.1
280 449 0.1
280 494 0.1
281 325 0.1
281 423 0.1
281 480 0.01
281 503 0.01
282 286 0.1
282 326 0.01
282 367 0.1
282 391 0.01
282 394 0.1
282 404 0.1
282 478 0.1
283 314 0.01
283 412 0.001
283 457 0.1
283 474 0.01
285 482 0.01
287 375 0.1
287 395 0.01
287 487 0.001
288 315 0.1
288 325 0.01
288 333 0.1
288 361 0.001
288 376 0.1
288 391 0.001
288 402 0.1
288 403 0.01
288 407 0.1
288 412 0.1
288 433 0.1
288 480 0.1
288 500 0.1
289 312 0.01
289 320 0.01
289 339 0.1
289 356 0.1
289 428 0.1
289 471 0.01
290 330 0.01
290 335 0.01
290 338 0.01
290 340 0.1
290 358 0.001
290 374 0.01
290 428 0.1
290 484 0.01
291 302 0.01
291 315 0.01
291 435 0.001
291 437 0.001
291 482 0.001
292 296 0.1
292 317 0.1
292 322 0.001
292 367 0.1
292 382 0.001
292 385 0.01
292 394 0.01
292 405 0.1
293 314 0.001
293 350 0.1
293 423 0.01
294 335 0.1
294 386 0.1
294 405 0.01
294 414 0.001
294 437 0.01
294 441 0.001
295 305 0.001
295 354 0.01
295 371 0.1
295 473 0.01
295 498 0.1
296 343 0.001
296 348 0.01
296 365 0.01
296 367 0.01
296 398 0.01
296 494 0.1
296 498 0.001
296 510 0.01
296 511 0.1
297 311 0.1
297 419 0.01
297 488 0.01
298 305 0.01
298 310 0.1
298 327 0.01
298 330 0.001
298 428 0.01
298 438 0.01
298 478 0.01
298 492 0.01
299 342 0.1
299 356 0.01
299 364 0.001
299 418 0.1
299 475 0.01
300 311 0.1
300 318 0.001
300 389 0.001
300 399 0.001
300 443 0.001
300 448 0.1
300 451 0.1
300 481 0.1
300 508 0.1
300 511 0.1
301 302 0.01
301 352 0.001
301 401 0.001
302 308 0.1
302 324 0.001
302 357 0.01
302 367 0.01
302 381 0.01
302 422 0.001
302 461 0.1
303 467 0.001
303 475 0.1
304 305 0.01
304 343 0.1
304 416 0.01
304 428 0.01
304 466 0.01
304 507 0.001
305 310 0.1
305 344 0.001
305 371 0.01
305 444 0.1
305 473 0.001
305 491 0.01
306 333 0.01
306 347 0.01
306 368 0.1
306 407 0.1
306 426 0.01
306 478 0.1
306 489 0.001
307 324 0.1
307 348 0.1
307 354 0.1
307 355 0.001
307 370 0.001
307 446 0.001
307 470 0.01
307 487 0.01
307 498 0.1
308 310 0.001
308 358 0.01
309 325 0.001
309 343 0.01
309 358 0.01
309 451 0.001
309 468 0.01
309 487 0.01
310 343 0.1
310 442 0.001
310 480 0.1
311 336 0.01
311 348 0.01
311 351 0.1
311 398 0.01
312 320 0.1
312 341 0.001
312 462 0.001
313 368 0.001
314 379 0.1
315 329 0.01
315 477 0.001
316 431 0.001
317 327 0.1
317 436 0.001
318 448 0.01
320 370 0.01
320 416 0.1
320 420 0.1
320 456 0.01
321 403 0.1
321 441 0.1
321 451 0.001
321 459 0.001
322 396 0.1
322 404 0.01
322 431 0.1
322 439 0.01
322 453 0.01
322 511 0.1
323 378 0.001
323 412 0.01
323 433 0.001
323 487 0.1
323 493 0.1
324 450 0.01
324 482 0.1
325 365 0.01
325 378 0.01
325 415 0.1
325 469 0.1
326 380 0.1
326 464 0.001
327 364 0.001
327 395 0.001
327 397 0.01
327 423 0.01
327 465 0.01
327 489 0.01
327 492 0.001
327 497 0.1
328 375 0.001
328 407 0.01
328 421 0.001
328 440 0.01
328 469 0.1
329 440 0.1
330 334 0.01
330 439 0.001
330 507 0.001
331 371 0.01
331 461 0.001
332 359 0.1
332 372 0.001
332 387 0.01
332 443 0.01
332 454 0.1
332 511 0.01
333 341 0.1
333 350 0.01
333 402 0.01
333 422 0.01
333 465 0.1
333 479 0.1
334 347 0.01
334 352 0.1
334 369 0.1
334 468 0.1
335 338 0.01
335 349 0.1
335 398 0.1
335 443 0.01
335 482 0.01
336 372 0.1
336 378 0.1
337 371 0.001
337 456 0.01
338 432 0.1
338 508 0.001
339 365 0.01
339 376 0.1
339 384 0.01
339 441 0.01
339 442 0.001
339 472 0.01
340 342 0.1
340 444 0.001
341 395 0.001
341 437 0.1
341 441 0.001
342 408 0.1
342 429 0.01
342 434 0.001
343 416 0.1
344 408 0.01
345 393 0.001
345 401 0.1
345 494 0.01
346 379 0.001
346 439 0.01
347 368 0.1
348 350 0.1
348 364 0.01
350 445 0.01
350 454 0.01
352 386 0.01
352 476 0.1
352 493 0.1
352 494 0.01
353 364 0.1
353 492 0.1
354 362 0.1
354 470 0.001
354 477 0.001
354 506 0.01
355 358 0.1
355 374 0.001
355 390 0.01
355 445 0.001
356 378 0.01
356 435 0.01
356 445 0.001
356 483 0.01
357 367 0.001
357 377 0.01
357 394 0.01
357 427 0.01
357 440 0.1
357 453 0.1
357 460 0.001
357 494 0.01
358 393 0.01
358 444 0.001
358 472 0.01
358 484 0.1
359 430 0.001
359 451 0.001
359 459 0.001
359 497 0.1
360 404 0.001
360 405 0.1
360 419 0.01
360 426 0.01
360 479 0.01
360 501 0.001
361 474 0.01
361 490 0.001
361 500 0.1
361 509 0.1
362 423 0.01
362 448 0.1
362 481 0.001
362 508 0.01
363 385 0.1
363 423 0.01
363 473 0.1
363 504 0.1
364 473 0.001
364 474 0.1
365 412 0.01
365 442 0.001
365 499 0.1
367 467 0.1
368 389 0.1
368 393 0.001
368 493 0.001
368 507 0.1
369 459 0.01
370 460 0.01
370 491 0.001
370 511 0.01
371 378 0.01
371 473 0.01
371 482 0.1
372 378 0.1
372 386 0.1
372 409 0.1
372 467 0.01
373 476 0.001
374 429 0.01
374 453 0.1
374 459 0.1
375 421 0.1
376 391 0.001
376 472 0.01
377 388 0.001
377 400 0.01
377 415 0.1
382 432 0.01
382 434 0.1
382 487 0.001
382 489 0.01
382 505 0.01
384 480 0.01
384 490 0.1
385 426 0.001
385 429 0.01
385 434 0.1
385 443 0.001
386 410 0.01
386 457 0.001
388 392 0.01
388 429 0.001
391 402 0.01
392 396 0.01
392 460 0.1
393 458 0.1
393 476 0.1
393 496 0.01
393 502 0.1
394 450 0.1
395 436 0.1
395 437 0.01
396 510 0.001
397 457 0.01
397 471 0.01
397 472 0.01
398 424 0.001
398 471 0.1
400 439 0.01
402 493 0.001
403 412 0.1
403 468 0.01
404 488 0.1
406 445 0.001
406 454 0.01
406 461 0.1
407 444 0.001
408 417 0.001
410 428 0.1
411 429 0.1
413 415 0.001
415 471 0.001
415 497 0.001
416 420 0.01
417 424 0.1
417 483 0.001
417 493 0.1
418 456 0.01
419 448 0.01
419 473 0.01
419 483 0.01
419 493 0.1
421 422 0.01
421 457 0.01
422 474 0.1
423 436 0.1
423 481 0.001
423 484 0.1
423 504 0.001
424 448 0.1
424 460 0.1
424 507 0.1
425 438 0.1
425 485 0.1
428 478 0.001
428 500 0.1
429 433 0.01
429 447 0.1
429 464 0.001
429 502 0.001
430 466 0.01
430 473 0.01
430 510 0.1
431 488 0.001
433 469 0.1
433 487 0.01
436 441 0.01
436 447 0.1
437 445 0.001
439 495 0.001
441 457 0.1
441 466 0.1
442 462 0.01
442 510 0.1
446 453 0.01
448 464 0.1
448 470 0.1
448 472 0.1
449 503 0.01
452 462 0.01
453 463 0.1
453 505 0.001
454 468 0.01
456 466 0.1
456 473 0.01
456 476 0.1
457 476 0.01
459 481 0.1
460 483 0.1
460 496 0.01
460 507 0.1
461 475 0.1
462 469 0.01
462 503 0.001
465 486 0.1
465 510 0.01
466 476 0.001
466 488 0.001
466 491 0.01
467 506 0.001
474 500 0.1
478 489 0.01
479 497 0.001
481 491 0.1
482 505 0.1
483 491 0.01
487 509 0.001
490 503 0.01
490 507 0.01
