0 2 8 11 30 36 42 51 53 55 61 62 64 73 77 78 80 90 97
1 12 17 22 23 25 26 33 34 39 42 50 55 61 62 67 68 71 79 83 88 90 91 92 94
2 0 4 18 25 26 28 30 38 41 42 50 53 59 64 70 77 81 84 86 96 97 99
3 15 21 42 44 48 54 57 76 85 94 96
4 7 21 23 24 25 27 29 36 42 44 46 48 51 52 55 61 80 83 85 92 93 98 99
5 6 17 21 28 49 51 55 60 64 66 69 70 71 73 75 87 98
6 3 7 11 12 27 32 40 43 45 53 56 60 61 65 68 71 72 75 82 83 86 94
7 1 3 7 19 31 35 55 56 73 83 88 93 94 99
8 14 17 21 26 28 34 36 55 60 67 68 69 82 99
9 1 2 7 16 20 21 22 33 39 41 43 50 51 54 55 69 75 79 80 82 86 91 94 97
10 0 1 9 11 15 20 23 26 37 43 49 50 53 72 77 81 82 84 85 89
11 1 3 10 21 22 25 35 40 45 49 51 54 55 64 75 81 85 92 95
12 3 6 14 18 28 29 37 50 51 52 53 61 62 64 66 68 73 79 81 83 87 88 94 96 97
13 0 6 10 18 26 32 35 38 48 51 53 56 67 70 72 73 76 84 90 91
14 4 5 6 7 19 23 30 32 35 40 43 44 46 48 50 59 61 62 70 80 85 86 95 96
15 4 8 14 18 20 22 31 34 35 37 47 49 58 60 92
16 2 7 13 17 18 33 34 38 60 64 65 69 70 76 82 83 88 89 90 91 98
17 3 10 17 18 21 41 52 57 60 62 68 69 80 85 86 90
18 5 6 15 28 37 43 48 53 79 84 87 89 92 94 96 97
19 7 12 14 18 20 21 23 33 34 38 47 54 73 74 76 82 92 98
20 2 3 5 6 15 16 17 18 21 29 33 36 45 50 51 54 56 61 69 77 90 95
21 5 8 12 16 22 26 33 35 41 45 59 61 66 68 69 70 75 77 86 88 90 91 93
22 0 1 6 8 12 15 22 26 27 32 40 41 46 47 50 51 52 53 54 56 72 73
23 2 6 12 21 25 37 39 57 59 61 64 68 69 71 76 77 78 81 85 89 91
24 3 7 10 17 21 25 26 29 30 31 34 35 36 45 47 50 52 53 57 59 65 67 68 71 76 86 87 95 96 97 98
25 4 12 15 16 17 18 22 25 27 34 39 43 44 55 66 79 82 90 94 97
26 0 3 16 18 22 25 31 42 43 47 61 63 71 92
27 5 8 9 15 18 21 24 30 31 34 41 55 58 61 90 91 98
28 7 12 16 20 23 30 31 34 36 37 46 49 51 60 61 62 64 66 69 79 83 88 94
29 5 6 9 26 32 35 39 40 41 48 54 56 59 63 70 71 74 82 84 85 86 94
30 12 16 19 26 36 44 53 54 57 59 61 62 66 71 72 96
31 0 4 7 10 16 33 45 48 49 55 56 57 77 79 81 86 88 91 94
32 0 14 15 23 29 54 66 69 72 79 85 87 91 97
33 3 4 5 11 18 23 30 32 42 51 69 70 76 89 98
34 1 6 10 19 21 29 31 33 38 40 41 45 53 57 58 61 62 75 78 85 88 89 91 94 95
35 3 9 18 23 25 28 31 32 38 40 53 57 60 63 69 73 78 81 93
36 3 8 17 18 21 23 24 30 35 39 44 52 58 59 61 63 73 80 87 91 97 99
37 5 7 14 22 23 24 27 29 40 50 55 60 62 63 67 74 77 93 95
38 4 10 17 18 23 25 28 30 51 55 59 62 64 67 69 71 76 93 99
39 1 7 11 15 20 37 48 50 55 58 64 65 67 68 82 84 89 91 93
40 0 4 6 9 16 18 27 38 42 54 67 68 69 71 76 77 92 95
41 1 4 18 30 34 36 43 44 65 67 73 74 80 86 92 98
42 0 5 12 13 16 30 34 36 46 57 63 64 67 74 77 89 97 99
43 1 4 5 8 10 12 13 19 23 24 48 50 51 52 54 56 66 69 70 73 75 77 94 95
44 1 3 7 9 11 17 24 31 32 33 34 47 53 56 59 60 67 96
45 0 3 7 8 9 10 11 12 18 27 28 34 37 42 44 49 50 53 56 58 62 70 75 76 77 80 86 88 91
46 4 5 7 16 20 35 44 49 55 57 59 61 75 76 79 82 84 87 88 97
47 2 8 10 29 33 44 49 52 57 62 66 69 76 77 78 93 95 96
48 6 7 14 24 27 38 39 44 58 84 91
49 5 6 7 8 13 16 19 24 26 30 33 36 46 53 55 57 71 75 78 81 83 87 90 91 93 94
50 0 3 4 5 13 17 19 22 56 57 60 68 82 84 88 94
51 4 9 14 15 21 22 25 26 34 35 43 47 48 49 51 55 60 62 64 69 73 86 91 93 94
52 0 1 15 20 22 32 40 46 48 53 54 56 58 61 64 69 71 75 79 83 86 88 92 95 99
53 7 19 50 58 66 72 77 79 85 98
54 3 6 18 21 23 38 44 45 55 64 71 75 80 83 95 97 98
55 0 8 21 23 28 32 33 38 43 53 59 63 66 71 85 92 96 98
56 0 6 12 22 23 35 36 41 45 50 53 55 58 59 61 72 73 77 81 84 86 99
57 0 4 5 6 11 17 18 21 27 31 32 36 48 53 58 60 61 64 73 75 80
58 4 8 9 24 25 30 36 53 54 55 62 68 70 71 79 90 95
59 2 11 14 19 27 29 37 46 54 62 67 70 84 89 90 92 99
60 4 5 11 12 22 23 30 31 32 33 34 37 38 39 42 46 58 60 68 70 72 73 84 92
61 0 2 15 19 27 36 39 43 48 50 52 60 65 68 70 74 85 87 91 93 96 99
62 1 22 26 29 63 65 73 76 90 95
63 1 6 14 17 21 22 27 30 38 40 43 44 51 53 55 66 74 79 87 90 93 97 99
64 4 9 18 21 33 39 46 55 56 58 60 68 72 74 90 98
65 1 3 11 16 19 30 31 33 45 46 48 49 63 64 65 78 80 85 92 93 97
66 1 12 13 15 16 21 27 28 41 44 62 67 73 77 81 88 93
67 2 8 20 21 23 28 29 30 44 50 60 64 66 68 82 83 87 98
68 2 10 11 17 35 37 41 42 44 45 49 52 53 54 58 60 62 74 88 92
69 2 8 11 12 13 32 33 37 45 54 58 64 65 70 71 76 78 80 81 88 92 99
70 11 14 18 19 24 26 32 36 40 47 48 70 79 80 84 94
71 0 6 7 16 21 23 33 35 37 38 39 45 51 56 58 59 60 67 68 69 71 77 87 88 94 99
72 6 26 29 31 35 37 42 47 57 60 64 65 69 73 75 77 82 83 85 86 89 96
73 0 5 15 21 26 27 31 32 35 36 39 42 43 44 47 48 54 62 70 71 75 78 83 85
74 0 1 8 9 10 11 15 19 29 33 40 43 48 49 53 61 65 68 71 81 82 87 89 91 99
75 1 4 11 15 17 18 26 29 36 40 53 54 57 59 61 65 69 72 74 75 76 77 81 82 89 90 94 98
76 2 7 9 10 24 28 29 31 32 41 43 44 49 55 59 62 67 69 80 90 91 94 95 97
77 11 19 20 22 23 27 28 30 31 43 47 57 62 63 65 67 81 86 87 88 96 97
78 3 7 9 10 15 17 20 21 22 23 24 26 27 29 36 42 46 58 67 68 69 71 72 74 76 77 81 88 89
79 1 3 12 25 30 32 34 44 45 55 60 63 70 71 77 79 89 90 96
80 0 3 4 10 16 17 18 19 22 23 36 37 48 49 54 56 58 61 66 67 72 81 84 86 91 92 99
81 1 7 12 14 19 22 23 25 30 31 32 44 51 52 57 64 74 80 81 82 94 96 97
82 4 8 10 12 15 17 21 26 28 34 36 42 43 44 58 59 60 75 81 87 90 91 93
83 1 5 6 11 14 17 34 39 44 67 71 75 83 86 96
84 11 12 19 21 27 31 36 51 52 53 54 57 62 68 70 71 73 79 80 90 96
85 0 9 11 17 20 22 27 32 33 36 38 40 41 42 47 50 56 58 59 70 75 77 87 88 90
86 10 22 28 29 31 33 37 48 49 53 57 68 79 83 90 92 99
87 3 10 13 17 20 26 27 29 31 36 41 43 45 48 52 57 59 61 65 66 72 84 95 96
88 4 7 8 12 15 17 18 22 23 29 30 31 42 59 77 79 84 86 93 95 98
89 1 8 9 13 14 15 18 29 30 42 44 48 51 59 62 64 65 71 72 73 79 89 93 99
90 0 3 4 7 8 11 14 19 20 21 22 23 24 39 46 54 70 71 73 78 79 82 86 95 97
91 4 8 9 10 11 12 14 25 31 36 45 53 54 56 58 69 71 72 76 78
92 4 8 11 15 16 19 40 44 46 47 49 56 57 58 60 70 76 77 79 81 83 85 88 89 92
93 1 3 5 10 11 20 22 29 32 36 37 40 42 44 46 50 52 53 54 75 89 92 94 95 96
94 8 24 25 27 28 30 42 45 53 54 60 62 64 74 83 84 86 90 99
95 3 8 24 47 50 59 63 81 94 95 96
96 1 3 4 9 14 16 17 19 26 27 32 56 58 61 67 68 72 74 84 85 86 87 94 99
97 0 1 3 4 18 42 43 44 50 52 57 63 69 74 75 76 87 88 90 94 97 98
98 5 13 14 16 19 25 26 27 30 32 39 45 49 58 62 64 66 67 76 78 82 84
99 0 5 9 18 24 25 26 33 34 36 41 44 46 47 48 58 61 62 63 69 72 78 79 81 91 97
100 1 3 7 11 15 21 31 38 51 57 59 64 66 69 82 83 85 87 91
101 11 22 28 30 46 50 55 64 68 79 81 82 88 96
102 8 9 11 21 32 34 39 41 60 70 81 82 96
103 5 18 21 23 25 26 29 38 40 42 47 48 50 53 58 65 66 75 80 98 99
104 2 8 9 13 16 17 18 24 27 32 33 34 40 52 58 60 61 82 83 90 94
105 0 1 16 30 36 40 44 47 51 52 60 61 62 72 80 92 99
106 0 3 5 8 11 16 17 23 25 29 30 31 35 39 42 43 49 50 53 54 55 60 62 65 67 71 73 76 77 78 81 84 87 99
107 7 13 15 43 46 47 51 54 56
108 0 3 10 11 34 35 39 42 46 52 62 66 73 77 78 79 93 94 98 99
109 0 6 17 18 24 28 32 34 41 42 55 62 64 65 66 71 75 99
110 11 16 19 23 25 28 40 42 43 45 53 60 65 69 70 76 79 92 99
111 1 10 14 16 24 27 31 41 45 46 51 52 57 59 61 64 70 77 80 89 93 94 98
112 1 8 26 29 32 33 34 39 43 44 50 51 52 55 64 65 67 85 96 99
113 1 5 10 11 21 27 39 43 56 57 58 64 66 74 75 81 82 84 89 96 97 99
114 8 17 20 21 26 31 38 39 53 56 60 73 75 79 81 92
115 1 18 26 30 33 38 39 44 45 54 60 63 69 81 84 86 93
116 11 13 17 28 29 31 35 36 46 47 50 54 56 57 61 64 66 67 70 75 86 93 94 96
117 1 7 10 12 15 24 33 36 44 50 59 63 64 68 81 82 84 89 97
118 12 21 27 34 38 42 47 59 60 67 68 70 73 74 75 78 79 82 83 89 95
119 4 6 7 8 9 31 39 44 45 53 62 77 78 79 89 90 95
120 1 8 25 28 29 32 39 42 46 47 51 57 58 59 62 66 71 80 81 86 96 97
121 11 18 21 24 33 37 38 57 72 80 82 87 91 95
122 0 4 7 10 11 17 20 30 31 34 36 39 41 47 48 53 61 66 69 79 86 89 92 93
123 3 9 12 15 16 18 21 30 33 39 43 44 56 61 64 65 67 71 76 81 82 88 91 96 99
124 1 4 14 28 30 36 44 46 50 52 54 56 60 65 70 71 73 74 87 89 94 99
125 4 6 7 12 17 23 39 41 61 64 65 66 70 73 92
126 0 5 6 8 10 22 24 29 37 41 42 43 44 46 51 60 62 67 77 80 84 85 97
127 7 14 20 32 43 44 45 46 48 52 55 57 64 66 77 80 83 86 91 99
128 2 5 27 29 33 38 39 47 50 51 57 58 63 65 79 80 82 83 95
129 3 5 15 27 31 41 49 56 57 58 65 70 75 88 90 95 97 99
130 0 4 7 13 15 20 22 30 33 44 48 66 78 95 98
131 1 4 5 7 9 25 30 34 37 44 54 57 58 61 63 65 66 77 95 97 98
132 1 2 4 6 7 12 17 24 32 34 36 38 40 43 48 52 66 69 71 74 75 76 79 87 88 91 98
133 5 6 9 12 14 18 24 27 36 41 43 56 69 71 72 79 82 83 90 91
134 0 1 3 5 6 7 8 13 15 20 25 27 30 33 37 44 46 49 50 58 59 63 64 65 73 75 78 81 82 83 87 89 96 99
135 10 20 27 41 47 60 63 68 77 85 87 92 94 96 99
136 6 15 28 29 42 45 61 62 64 65 69 72 78 81 82 85 94
137 1 8 20 26 34 38 39 44 48 51 58 66 74 77 79 80 81 82 85 88 90 96
138 0 2 5 7 11 14 15 20 25 26 31 32 39 41 43 44 49 54 58 60 64 65 67 72 74 82 84 97
139 9 13 14 17 27 34 41 43 44 45 63 65 70 71 72 88 91
140 3 12 15 22 35 39 42 47 57 64 66 79 81 88 93 97
141 11 14 16 17 18 22 30 35 40 43 44 57 60 61 62 63 64 66 75 76 77 79 86 98
142 4 5 6 9 15 24 28 36 42 59 61 63 65 67 75 85 86 87 88 92
143 1 4 10 15 16 24 27 28 32 36 37 48 50 56 58 60 72 74 77 79 85 93 96 98 99
144 2 6 13 16 31 35 54 55 59 60 63 65 66 69 85 86 91 97
145 4 8 16 17 20 25 30 38 39 46 47 49 52 60 64 66 71 73 76 80 83 84 86 89 92 98
146 9 11 12 21 25 29 30 32 43 46 47 55 62 66 70 72 73 76 78 86 90
147 1 11 33 37 48 50 55 58 66 73 74 75 76 82 83 84 86 90 91 93
148 2 3 9 12 15 16 19 20 25 26 28 31 33 38 50 54 57 61 63 70 76 87 89 93 97
149 0 4 11 12 24 25 31 32 59 79 80 85 92 93
150 10 39 44 51 55 56 58 59 71 74 76 80 85 93 95
151 9 11 21 31 32 38 40 49 50 56 57 60 66 68 69 80 83
152 11 12 20 25 29 31 32 34 36 38 39 61 69 71 72 79 80 84 90 95
153 10 13 14 21 31 33 42 45 54 57 59 64 65 74 75 81 82 86 87
154 0 6 12 18 31 34 41 50 61 68 70 78 81 86 90 92 99
155 1 5 7 9 11 12 13 15 25 34 35 44 48 50 60 69 81 92 96
156 6 7 8 12 27 29 30 31 36 45 54 64 77 80 85 91 95 99
157 9 10 22 23 24 38 42 45 51 61 67 68 73 83 88 97
158 3 8 12 13 14 16 24 32 45 51 53 60 72 79 88 92 98 99
159 0 4 10 12 19 21 26 36 41 42 46 54 55 56 65 68 74 75 82 84 89 92 96
160 1 14 19 23 28 41 43 49 58 69 72 76 80 81 82 91 93 95 98
161 21 22 25 41 42 47 52 53 67 71 77 91 96
162 0 10 11 12 14 18 27 29 32 33 45 47 51 55 56 57 58 67 69 71 77 78 80 86 87 95 97
163 1 2 5 8 10 12 22 24 25 26 29 30 32 37 39 54 58 61 62 65 74 76 83 84 86
164 0 1 4 8 9 11 12 20 23 25 26 33 41 46 49 51 55 86 87 93 96 98
165 5 11 18 21 42 43 56 58 59 62 64 69 73 78 88 89 92 94
166 0 8 11 19 24 31 35 40 54 63 64 69 72 73 76 77 78 95
167 0 7 9 11 13 19 20 28 38 52 53 54 58 80 81 82 85 88 89 91 92 94
168 2 6 8 12 14 15 17 18 21 23 27 29 35 36 46 49 55 61 68 74 77 80 85 86 89 99
169 8 9 14 17 25 34 35 44 48 50 54 66 68 71 83 87 91 94
170 7 11 13 17 25 27 32 40 44 51 52 70 72 76 78 85 86 92 97 98
171 2 3 6 7 17 25 29 43 57 58 61 66 68 72 76 78 81 82 89
172 5 17 21 27 32 43 48 49 51 54 55 64 65 71 75 91
173 1 9 10 16 23 25 31 32 34 36 44 61 62 64 67 70 89 96
174 2 4 5 6 20 21 26 36 37 40 42 46 60 64 66 72 80 85 91
175 2 7 8 27 32 34 37 39 44 45 51 60 61 65 70 71 74 78 81 88 95 96
176 9 13 14 17 25 28 38 39 59 69 82 85 87
177 5 7 8 9 22 27 29 30 35 36 44 45 46 56 60 62 69 84 85 86 98
178 4 9 10 11 13 14 18 21 26 27 32 33 34 37 43 59 60 76 78 85 87 88
179 11 16 21 28 32 33 36 37 40 49 57 63 66 69 74 76 78 80 85 93 96 99
180 0 2 6 10 27 32 35 38 39 46 54 57 62 64 66 72 77 79 82 86 87 91
181 2 9 18 19 27 29 31 34 38 47 54 56 58 62 64 71 73 74 80 86 94 96 98 99
182 2 5 6 7 20 23 30 38 39 46 48 58 62 63 65 69 80 92 94
183 8 9 11 15 18 26 27 29 33 42 50 74 76 77 78 85 91 92 95
184 0 6 13 22 26 32 38 39 41 44 53 57 63 64 67 68 69 75 83 86 87 90 94 95 96 99
185 5 6 10 22 25 28 30 34 38 48 54 61 62 65 68 69 74 76 79 84
186 0 3 7 17 22 25 34 36 44 55 57 61 64 71 72 78 83 85 86 89 92 94 98
187 6 13 17 20 24 27 28 36 78 81 99
188 1 8 26 35 50 57 58 67 76 77 80 90 91 97 99
189 1 14 20 23 25 26 41 44 51 54 59 60 66 82 88 93
190 2 3 13 20 29 31 35 39 40 45 49 57 62 66 69 77 79 80 87 89 98
191 5 16 17 18 21 28 32 36 39 41 42 51 52 54 56 62 63 69 76 80 94 98
192 0 4 12 20 21 24 26 28 43 46 49 60 61 65 66 68
193 7 8 9 11 14 16 18 27 33 41 47 51 56 63 65 68 70 72 75 81 88 90 92 95 97
194 0 10 12 13 18 23 28 29 32 34 36 42 43 44 50 51 62 66 78 79 83 89 90 97 99
195 1 4 6 10 14 19 22 31 33 38 43 50 53 59 64 67 77 86 92 95 96 98
196 3 7 14 16 19 23 31 32 33 35 50 52 54 58 63 66 68 71 72 77 79 80 86 90 96 98 99
197 3 10 14 15 17 19 35 36 45 52 59 60 64 65 81 83 97 99
198 0 2 4 7 11 14 31 39 42 44 45 49 72 76 80 84 92
199 4 5 11 24 30 31 40 50 55 64 65 67 69 70 80 81 93 95
200 1 4 8 17 24 35 40 47 52 55 57 61 66 70 73 83 90 96 99
201 3 10 23 31 37 38 40 41 45 47 50 52 61 62 69 76 77 81 82 86 94 95
202 2 16 34 35 37 42 45 47 52 60 62 82 90 92 93 95
203 3 9 15 28 30 35 41 55 65 74 77 78 89 96
204 1 5 7 18 21 27 41 43 50 56 67 68 82 86 88 98 99
205 2 9 29 30 31 35 36 53 58 63 72 73 79 81 83 87 96
206 6 7 13 14 18 20 23 29 30 46 48 65 66 72 73 79 87 89 94
207 6 28 30 44 45 49 63 67 77 84 89 96
208 6 8 27 29 30 31 32 43 46 50 51 57 70 84
209 10 14 17 18 25 29 39 47 50 52 53 69 81 82 88 89 94 99
210 1 3 13 19 20 25 32 36 38 41 42 48 50 56 57 58 66 71 73 77 78 87 90 92 99
211 5 10 21 23 24 33 35 38 42 48 59 63 66 69 76 84 87 90 95
212 3 4 8 15 23 27 31 35 53 64 65 69 72 75 76 79 83 84 85 86 92 93 97 99
213 14 15 16 19 27 29 36 43 44 46 47 50 61 81 83 89 91 93 94
214 1 4 5 17 28 29 35 41 42 59 72 87 89 92 97
215 6 8 12 16 18 19 26 27 28 40 48 49 53 54 55 58 63 77 79 82 83 89 90 92 95 99
216 1 2 6 12 13 14 19 26 28 31 38 41 49 52 53 61 66 74 76 78 83 85 87 94
217 10 19 23 27 33 35 56 57 59 64 65 69 74 79
218 1 13 17 21 30 32 50 66 74 77 79 85 90
219 2 8 19 29 32 39 42 43 45 48 49 55 58 63 64 68 81 90 92
220 1 10 12 15 21 27 28 29 33 34 35 44 57 73 79 85 86 89 90
221 2 23 26 27 29 33 36 42 43 47 53 54 56 60 62 63 69 78 81 83 86 87 95
222 1 3 5 9 14 18 21 25 29 30 36 42 48 54 59 66 70 73 75 76 85 92
223 11 13 15 20 26 29 31 37 47 51 65 66 68 69 70 73 74 75 79 80 87 88 95
224 0 6 36 43 46 60 63 70 71 77 78 84 86 89 94 97
225 2 3 12 16 25 26 27 28 32 34 37 38 40 59 70 74 78 79 80 82 92 93
226 4 7 13 21 22 26 33 39 42 43 64 69 71 81 88
227 1 2 3 8 13 15 22 23 31 39 42 55 60 75 80 87 89 98
228 2 9 12 15 22 23 26 28 33 38 45 48 55 56 61 70 71 73 77 83 84 87 92 96 98
229 3 7 13 14 19 21 22 32 33 43 50 51 62 74 76 77 79 86 92 93
230 1 2 5 6 7 8 12 14 22 24 25 36 41 43 46 47 51 57 60 70
231 1 8 9 23 24 38 39 44 50 52 56 63 67 72 76 83 85 89 92 97
232 1 6 9 10 15 19 29 30 33 34 35 37 38 40 53 54 55 59 75 77 78 85
233 2 8 11 13 17 22 30 31 36 37 45 51 56 57 59 62 68 69 70 71 73 75 84 91 92 93 94 97
234 1 2 10 12 20 23 25 28 32 37 41 47 48 50 54 57 66 73 75 84 87 90 93 95 96
235 4 13 17 24 30 32 37 38 41 52 71 78 82 83 89 95 98 99
236 5 8 15 26 29 37 41 44 54 56 58 64 66 80 82 97 98
237 8 11 23 25 40 45 46 53 54 65 67 68 73 79 83 88 91 92 96 97 99
238 5 6 7 11 13 16 20 25 28 30 34 39 51 55 65 74 83 85 90 95 98
239 0 2 9 11 14 17 19 25 28 30 33 34 36 37 46 59 63 64 88 89 93 96
240 3 7 27 37 42 45 47 48 57 59 65 75 80 83 84 88 91
241 6 8 20 23 32 34 38 39 47 49 50 56 58 60 70 74 78 83 87 89 92
242 0 2 6 27 34 37 38 42 46 48 57 67 80 85 95
243 1 2 14 15 16 20 22 24 37 44 52 53 55 57 64 67 73 83 95
244 9 17 23 25 38 39 43 57 64 66 69 72 75 77 84 90 93
245 0 16 18 21 23 24 32 35 38 39 43 52 55 73 80 83 97
246 2 4 6 7 8 20 32 45 53 58 61 62 63 71 72 76 79 83 89 94
247 7 8 10 17 26 27 32 39 40 41 43 44 58 59 60 61 68 69 77 95
248 0 1 4 8 10 12 14 24 26 27 31 34 38 41 42 43 45 48 54 55 59 66 67 68 69 74 88 95 97
249 16 18 19 22 35 36 37 39 42 58 59 62 67 68 70 76 86 89
250 1 5 21 29 31 35 40 41 49 52 70 81 83 92 94
251 0 1 2 5 9 21 23 26 28 31 32 38 40 43 48 53 60 72 74 76 94
252 14 15 29 33 42 52 60 77 78 82 88 89 90 94
253 7 9 23 25 33 36 40 49 51 52 55 59 66 74 78 84 93 95 98 99
254 5 6 8 11 14 18 20 23 24 31 32 40 42 45 47 48 50 64 68 69 72 74 86 90 92 98
255 1 3 9 22 23 25 27 30 32 37 39 49 51 52 56 58 75 88 90 91 94
256 0 1 3 6 7 16 20 22 23 30 37 40 41 76 86 93 94 95 97
257 0 8 9 11 14 22 23 26 31 33 35 43 46 47 48 50 63 65 72 92 94 99
258 5 6 12 14 18 23 28 32 37 46 51 57 58 59 64 85 93 94 97 98
259 2 6 14 17 18 21 23 28 30 33 35 39 51 53 58 64 67 70 74 87 96 98 99
260 5 8 9 12 17 22 25 26 30 35 36 38 42 45 63 64 70 75 81 98 99
261 4 5 15 26 28 29 33 36 37 38 64 74 79 80 83 88 90 91 93
262 4 11 12 16 18 20 21 24 31 35 36 39 41 52 67 71 72 73 77 80 84 85 97
263 3 5 17 18 28 32 33 35 40 44 46 47 51 55 66 74 76 77 79 87 88 93 95 96
264 3 5 10 15 25 26 34 39 40 46 63 65 66 72 76 79 84 86 92 95 97 98
265 0 12 13 25 39 46 48 60 62 68 71 74 76 85 94 99
266 0 3 5 7 10 15 16 19 20 28 32 35 40 42 43 44 45 48 50 61 65 68 70 75 84 90 94 96 98 99
267 3 13 25 27 28 29 30 43 47 50 54 55 57 63 67 73 84 85 87 89 92 94 95 99
268 0 1 5 7 14 30 35 38 41 42 44 47 48 49 63 65 68 80 85 92 98
269 0 4 15 17 24 27 39 41 50 53 64 69 76 79 81 82 85 91 99
270 5 9 12 15 21 30 33 35 39 41 44 49 52 63 74 87 88 90 94 97
271 0 3 9 10 11 24 25 33 34 36 38 41 42 46 54 57 60 71 74 79 80 88 92 93
272 5 18 22 34 43 48 50 53 60 61 62 65 69 78 94 95 98 99
273 0 4 13 14 18 21 25 30 33 35 36 37 39 41 51 52 53 54 56 59 63 72 85 88 93 94
274 12 15 22 23 26 27 32 35 39 42 46 54 69 72 75 81 84 85 89 99
275 5 12 13 18 19 20 23 24 27 31 33 37 58 61 62 68 76 83 90 91 93 98
276 2 3 7 29 36 41 48 52 55 59 61 66 70 74 76 86 87 90 97
277 0 1 12 17 25 26 27 28 31 36 37 56 58 60 67 74 86 91 95 97 99
278 0 3 8 12 13 15 16 17 29 31 36 39 43 52 65 71 73 74 77 78 79 83 84 86 91 96 97
279 1 3 6 9 10 22 27 29 33 35 39 47 48 49 55 58 60 74 76 78 79 81 84 86 87 95
280 7 9 13 17 19 20 24 32 41 47 49 51 54 59 64 66 68 79 83 85 86 96
281 5 6 18 22 24 31 36 46 49 52 59 60 69 75 77 81 84
282 9 15 27 29 43 44 52 56 64 75 76 88 92 98 99
283 1 7 13 18 27 29 30 37 40 41 51 53 63 66 70 75 84
284 7 9 17 23 26 29 32 35 36 45 60 62 68 69 74 77 79 86
285 3 4 5 8 18 21 25 29 30 34 37 41 43 47 48 49 51 52 54 57 59 64 67 68 72 77 93
286 5 13 17 26 34 38 49 56 66 69 73 93
287 0 7 53 54 73 80 81 83 97
288 3 9 12 21 23 32 36 37 41 43 44 46 50 59 60 68 70 71 73 74 79 80
289 6 10 13 19 27 28 40 41 43 45 56 64 67 73 76 78 79 81 82 86 87 93 96 99
290 0 1 3 4 10 15 16 19 20 34 37 45 47 57 59 70 74 78 88 97 98
291 0 2 4 6 14 16 26 27 30 36 38 44 48 56 67 72 75 77 86 87 89 90 96
292 10 16 17 20 21 23 24 29 38 43 50 52 53 58 68 73 79 81 85 90 94
293 2 3 24 25 26 28 33 43 49 52 57 61 66 69 77 78 93
294 0 2 3 7 8 17 19 38 54 58 62 72 74 76 79 80 82 84 85 89 92 96 98
295 0 9 10 21 22 27 30 32 33 42 61 62 63 72 82 89 92 97
296 21 24 34 35 36 37 41 42 44 59 62 70 72 75 79 91 95
297 1 23 37 43 58 73 74 91 96
298 1 2 6 11 14 15 16 20 33 35 47 52 54 55 58 60 61 75 78 82 83 84 88 96 98 99
299 9 10 16 18 20 27 43 45 52 54 55 58 62 68 75 79 80 84 91 92 95 97
300 5 10 17 18 24 26 28 30 31 34 37 43 49 75 78 83 89 94
301 1 10 24 27 40 42 45 48 50 53 55 60 62 74 76 78 80 91 93
302 1 4 5 17 19 20 25 26 29 34 38 39 47 49 51 53 55 85 86 87 88 91 92 94 99
303 5 11 13 15 17 23 24 26 27 28 34 41 43 48 49 51 58 61 69 73 74 78 80 83 90 91 94 99
304 1 5 16 22 29 32 40 44 58 63 72 76 80 94 96
305 1 9 16 20 21 22 38 41 43 52 55 60 72 73 75 86 90 96 99
306 0 4 7 11 15 21 28 30 31 39 45 50 63 65 70 74 80 85 87 91 94 96 98 99
307 2 4 12 14 20 24 32 36 44 51 56 63 64 67 70 73 75 76 78 80 82 87 91 93 96 97 98
308 0 9 14 25 67 71 73
309 0 2 5 7 17 19 21 22 34 39 47 48 57 59 69 76 85 87 88
310 14 15 26 27 34 39 41 50 51 53 61 63 74 76 78 82 85 87 91 99
311 0 4 6 9 25 28 36 52 57 58 62 63 66 73 75 77 91 98
312 3 6 10 14 19 31 33 37 38 43 66 70 74 78 79 82 85 89 91 96
313 6 11 14 22 26 27 29 33 45 49 61 75 76 91 97 98
314 2 6 15 22 28 46 51 61 68 77 87 89 91 92 93 95 99
315 1 10 12 15 16 21 30 32 39 41 50 52 61 62 64 68 69 72 81 84 88 90 92
316 0 13 16 21 26 42 45 63 64 69 73 84 87 91 92 93 99
317 0 5 8 17 35 43 44 45 47 52 54 68 76 81 91 95
318 20 21 24 26 28 31 32 35 46 53 56 60 61 67 69 71 73 77 81 91 97
319 12 16 18 21 22 24 26 36 42 43 67 69 73 77 79 80 81 82 85 87 97
320 0 1 3 15 23 24 26 31 33 35 39 41 47 54 56 59 68 74 77 84 86 89 98
321 5 8 11 21 25 30 32 43 44 48 57 60 69 76 80 81 83 86 93
322 0 5 7 8 18 19 22 32 37 42 44 54 56 57 60 63 65 67 72 73 78 86 93 96 97
323 1 5 6 13 14 15 24 27 33 35 41 45 55 67 76 81 82 84 92 94
324 11 22 27 31 41 48 50 56 57 62 65 69 89
325 16 18 21 28 29 31 32 38 40 44 47 50 60 64 71 77 79 80 90 91 92
326 1 5 14 18 31 33 56 61 63 65 68 69 71 72 73 74 75 79 87 88 93 94
327 0 6 7 8 16 21 28 30 32 39 42 46 47 48 50 64 68 69 80 82 93 96 97
328 1 2 8 9 19 22 29 38 39 41 45 58 61 68 69 70 71 79 99
329 0 2 7 32 35 45 57 59 63 71 83 85 95 99
330 5 19 21 22 25 40 43 46 47 53 58 66 69 71 74 85 87 92 93
331 2 7 12 18 21 24 26 43 47 48 49 58 60 68 72 73 79 89 92 97
332 9 16 20 43 47 49 51 52 56 58 63 69 72 79 83 85 90 92 96 99
333 5 6 15 29 31 34 40 43 48 50 58 60 61 67 68 72 73 76 83 88 91 93 95 97 98
334 7 8 15 26 31 34 38 42 43 47 49 50 52 60 66 67 69 71 78 83 88 92 93 97
335 10 16 19 20 25 26 27 29 32 34 35 43 44 46 59 74 83 86 87 90 94
336 10 11 12 13 20 32 34 35 36 59 63 71 74 77 82 86 92 94
337 9 20 30 34 35 41 43 44 46 47 53 54 56 57 62 64 66 71 74 77 80 82 87 97 98
338 6 14 33 39 52 56 62 66 67 71 74 79 82 83
339 1 11 20 22 24 27 36 41 43 44 45 48 60 65 69 78 80 83 87 88 91 98
340 2 3 4 5 6 14 23 26 28 34 36 38 42 43 46 54 64 65 74 81 83 88 92 93 95
341 0 10 25 26 28 31 49 61 63 73 77 81 87 96
342 4 5 7 10 14 19 21 24 37 45 53 60 61 65 69 70 72 73 80 86 89 93 95 96 97
343 1 10 19 23 24 25 33 39 43 45 46 53 54 57 59 72 73 74 75 76 77 94
344 2 10 22 28 32 35 37 42 45 50 61 69 70 71 73 76 78 81 88 89 93 94 98
345 0 3 7 17 31 34 36 42 44 52 59 60 64 65 66 72 74 87 89 97
346 7 11 17 19 23 33 36 41 42 43 47 75 76 82 86 88 93 98
347 4 7 20 22 26 34 54 55 57 65 72 75 76 87
348 0 3 5 8 10 11 14 23 25 26 32 33 36 37 38 45 48 51 55 61 62 63 71 72 74 80 82 85
349 0 3 5 6 12 22 27 31 37 45 46 55 66 93 96 97
350 1 2 25 26 29 30 32 43 76 77 86 89 92 98
351 0 3 6 11 14 17 19 30 31 33 43 45 48 52 55 64 65 76 83 88 95 96
352 0 2 5 7 30 35 39 51 57 62 65 68 71 73 76 81
353 3 7 8 11 17 26 30 31 36 37 39 66 73 80 81 82 85 88 93 97
354 7 14 18 24 25 26 28 29 34 38 40 46 60 64 65 75 82 83 92 95
355 1 12 13 19 25 26 27 29 34 42 46 50 55 68 69 72 80 81 95
356 2 7 9 10 15 17 27 28 41 44 53 54 61 77 79 84 86 87 88 92 97 98
357 0 1 18 19 21 25 26 42 46 49 56 59 64 65 67 70 71 73 80 99
358 7 8 13 19 22 27 29 30 39 40 48 50 51 59 64 65 77 79 86 93 96 97
359 8 19 28 29 38 41 42 50 53 54 57 58 62 63 64 67 76 82 99
360 0 4 6 10 14 22 24 26 47 48 52 53 54 59 60 62 65 71 72 73 77 80 81 97
361 2 4 7 8 14 15 21 46 54 60 70 72 76 81 82 86 90 94 95
362 2 4 7 13 25 33 39 50 51 52 55 72 73 76 91 92 94
363 10 14 15 16 17 28 33 40 50 51 60 61 63 65 67 81 87 93
364 6 7 9 10 12 14 15 18 27 30 33 55 69 71 72 73 78 82 84 87 95 97 98 99
365 7 11 13 18 22 24 32 37 38 40 46 51 55 64 74 75 86 90 92 98
366 0 4 6 7 9 10 14 18 23 27 29 32 38 42 43 44 48 50 57 58 76 80 83 91 95
367 5 7 12 13 16 20 26 39 40 43 52 53 57 62 63 65 80 84 87 90
368 1 2 3 5 13 14 18 22 24 25 35 38 39 42 61 67 71 76 77 80 84 93 96 98 99
369 2 7 9 10 14 15 29 31 33 35 44 48 50 62 70 83 97
370 0 1 2 5 9 11 16 17 21 24 34 36 42 44 47 48 50 52 57 60 64 66 78 84 85 86 87 94 95
371 2 8 12 16 17 24 25 30 37 40 42 43 46 51 52 53 57 62 74 76 77 80 89 91 94
372 1 2 14 21 25 26 33 37 42 43 44 51 55 61 63 74 88 90 94
373 2 5 7 8 11 12 13 14 17 29 31 33 37 42 64 72 83 93 94 97 98
374 6 18 25 27 29 32 33 35 38 39 42 46 48 62 67 68 75 78 82 84 85 89 92 99
375 1 2 5 10 19 31 36 39 42 47 49 50 55 60 63 70 72 73 77 78 81 86 97 98
376 5 6 11 19 30 36 37 40 45 50 53 56 63 66 70 88 93
377 18 20 31 36 37 40 42 45 46 50 53 58 67 75 78 85 89 91 92
378 9 15 18 22 23 33 34 42 45 47 50 52 57 59 69 70 77 86 88 95 96 99
379 1 8 13 24 29 31 33 34 39 47 56 74 80 84 99
380 0 13 22 37 40 44 61 62 67 74 79 80 84 85 93 96
381 7 11 12 18 21 23 27 31 32 52 54 57 61 65 68 76 78 81 84 89 91 94 98 99
382 1 7 12 19 24 25 26 28 33 41 43 46 54 57 63 64 65 76 85 87
383 5 6 16 18 21 25 31 36 38 39 43 50 54 60 85 88 94 96
384 6 7 11 13 16 23 30 36 38 42 45 66 69 81 84
385 13 15 16 17 19 24 25 33 45 50 52 58 60 62 64 67 76 78 84 89 92
386 1 16 24 35 36 57 61 63 89 90
387 0 5 13 16 22 27 28 46 51 54 57 58 61 64 68 70 71 72 84 93 99
388 5 11 18 21 23 25 39 46 55 58 59 61 64 66 69 78 84 87 88 89
389 3 5 7 17 20 21 25 39 52 54 59 63 71 75 76 83 97 98 99
390 1 5 7 12 17 29 33 34 39 46 65 68 70 71 74 78 83 85 86 93 99
391 2 4 5 7 13 14 20 21 29 32 39 40 47 48 52 62 70 72 73 75 78 79 96 97
392 4 8 23 27 31 32 43 54 57 61 76 87 89 93 99
393 0 1 6 8 13 15 17 27 39 40 46 49 52 55 56 61 65 68 71 74 86 88 90 93 97 98 99
394 3 5 6 10 13 16 22 25 29 38 54 56 57 62 83 84 91 94
395 5 8 23 26 34 50 51 52 64 68 99
396 2 3 7 9 12 14 16 20 31 35 40 48 49 51 54 63 68 85 87 94 95 99
397 0 4 12 17 35 36 50 70 74 75 83 91 95 98
398 2 6 9 15 18 19 22 34 37 45 51 53 58 66 70 72 79 80 90
399 4 6 11 13 18 21 23 47 51 55 60 73 78 88 90 98
400 3 14 16 24 27 28 37 46 48 62 64 70 74 81 82 83 96 97
401 1 10 13 15 23 25 27 33 35 36 38 40 42 44 50 57 58 59 60 62 67 68 69 82 85
402 0 10 19 21 23 32 53 56 57 71 79 93 94
403 2 7 9 11 17 20 24 27 36 59 61 62 63 64 65 66 67 72 75 87 90 94 96
404 0 1 12 13 31 32 36 40 41 44 50 59 60 69 71 85 88 89 90 96
405 0 4 18 27 30 32 41 42 44 45 52 55 58 68 69 71 75 82 84 94 96
406 0 5 6 11 14 16 22 23 25 29 30 59 60 61 68 73 87 91
407 7 8 9 10 18 21 30 32 34 35 41 57 68 73 89 91 95 97
408 2 3 5 8 27 29 33 38 39 59 61 69 71 72 75 85 98
409 7 8 10 16 17 21 24 32 34 41 43 44 45 47 50 51 53 64 69 73 74 76 79 94 99
410 0 8 11 16 17 19 34 37 42 44 46 47 50 54 55 68 72 77 78 85 88 92 96
411 0 2 3 36 49 50 51 52 57 71 72 82 91 94
412 7 16 21 23 25 27 31 39 40 41 44 48 49 50 53 55 66 71 72 80 84 88 98
413 2 3 4 14 25 27 31 32 33 34 38 42 46 48 50 56 57 61 62 84 89 91
414 0 5 16 17 18 22 27 28 30 37 40 42 44 45 51 55 57 62 66 71 75 90 93 96
415 3 12 13 18 21 26 29 30 34 36 37 38 49 52 55 70 79 80 81 83 90 99
416 1 5 6 7 8 16 24 25 29 37 40 42 46 56 65 67 68 69 71 76 80 81 93
417 1 2 5 7 15 23 26 27 28 33 39 42 43 62 70 73 77 98
418 5 6 8 16 17 25 26 36 39 47 56 60 65 68 78 81 84 91
419 3 13 18 21 22 36 42 44 46 47 48 73 74 75 81 83 84 89 91
420 7 8 10 16 19 21 23 30 31 32 34 35 56 58 61 62 72 76 84 86 93 97
421 2 4 8 10 22 33 41 50 54 62 73 78 88 89 91
422 6 8 12 23 27 30 62 65 71 74 76 92 93
423 2 4 6 17 25 28 30 37 49 51 57 74 80 86 87 89
424 14 26 31 32 33 41 47 51 54 57 61 64 65 67 77 83 86 96 99
425 0 1 5 10 13 17 22 29 41 58 66 75 84 86 98 99
426 4 5 8 10 19 22 28 32 33 36 41 49 53 57 62 71 73 75 85 89 95
427 8 9 10 14 15 18 21 22 31 40 42 47 62 64 65 67 70 73 76 81 87 92 93 95 99
428 0 1 4 5 17 20 24 27 36 38 40 41 45 50 58 81 83 95 99
429 3 20 21 24 37 57 70 71 87 88 91 97 98 99
430 0 22 23 25 43 44 63 64 67 72 74 82 90 91 94 97
431 3 5 34 36 37 45 49 64 65 66 80 81 88 90 91
432 1 2 29 31 32 40 51 55 60 66 67 73 74 75 87 89
433 3 4 15 16 19 20 22 27 29 38 39 46 50 51 52 54 61 62 65 72 75 86 90 93 95 97
434 0 8 14 28 29 32 33 34 48
435 0 11 18 21 25 31 33 35 53 58 61 65 66 72 80 81 83 94
436 8 10 13 14 18 21 25 26 37 41 46 48 49 56 63 75 90 92 93
437 7 18 30 33 35 54 58 61 62 70 72 73 74 81 83 89 92 97 99
438 6 10 16 33 35 37 38 39 42 54 60 62 63 79 83 85 88 89 97
439 1 6 11 14 25 39 57 58 71 73 74 80 86 94 98 99
440 0 7 8 13 17 25 27 30 40 42 43 51 52 54 56 63 74 79 83 84 98
441 2 4 5 11 14 17 25 31 32 42 44 46 57 58 59 63 65 78 89 92 97
442 7 8 9 12 14 15 17 22 25 48 50 54 55 56 65 69 70 72 76 78 84 85
443 1 4 6 8 10 26 36 42 49 55 57 66 68 73 78 84 88 99
444 0 2 5 14 17 22 27 51 53 54 57 64 70 75 88 91 97
445 9 16 18 20 27 33 34 36 37 47 48 50 61 75 85 89
446 2 14 23 26 30 43 49 51 53 54 56 62 64 70 71 72 75 78 91 97
447 0 6 7 11 20 25 28 33 34 35 46 47 48 52 54 56 59 60 64 70 71 76 79 80 84 85 90 95
448 6 8 10 13 14 17 29 32 33 38 44 45 56 80 88 91 94 98 99
449 0 11 12 17 34 51 53 57 70 75 77 86 91 94
450 0 4 15 30 41 46 50 57 61 69 71 78 81 83 92
451 3 4 8 14 21 23 25 30 32 34 42 52 61 63 64 65 70 74 75 76 82 89 91 95
452 3 6 8 12 19 29 33 34 43 48 49 63 70 71 77 85 86 91 95 97 98 99
453 6 11 27 35 39 52 55 57 68 77 87 88 98
454 4 6 8 10 14 16 17 30 39 43 47 49 54 64 67 70 75 76 83 87 96 99
455 1 4 11 13 18 33 36 42 46 57 63 77 82 87 88 89 97 98
456 3 5 11 31 36 53 64 65 66 67 68 72 83
457 11 13 14 20 28 34 36 42 45 49 53 55 61 67 72 79 88 92 93 95 97
458 0 2 4 9 11 19 28 31 35 39 41 45 46 47 48 58 68 69 70 75 89 90 91 92 98
459 0 6 10 20 24 37 38 40 44 50 56 58 89 93
460 0 20 25 31 32 58 60 64 65 75 84 93 95
461 5 9 26 28 29 30 31 37 43 45 52 54 59 62 65 66 67 70 77 84 89 92 93 97
462 1 7 20 25 26 32 33 34 43 48 49 50 58 68 70 74 77 78 81 82 85 86 91 99
463 3 7 11 12 16 18 21 23 36 38 40 43 50 52 53 60 69 77 82 85 90 95 97
464 1 13 20 24 34 38 40 45 47 48 53 59 60 64 68 72 76 78 98 99
465 13 26 30 36 42 44 46 47 52 54 59 65 83 84 88 95 99
466 16 18 21 22 24 31 37 42 52 54 60 61 69 76 77 84 92 96 98
467 10 14 15 21 22 26 27 36 40 49 53 61 62 64 73 74 81 82 84 88 89 90 92 97
468 6 13 16 22 32 34 40 42 44 57 64 66 68 69 75 76 81 83 85 95 96
469 1 3 6 8 9 28 31 37 43 45 46 47 48 49 51 52 55 56 69 85 89
470 2 7 9 20 23 33 35 36 39 43 46 55 59 60 61 67 70 71 76 77 82 83 88 89 94 97
471 6 10 17 18 25 29 34 35 36 37 38 39 40 41 45 48 49 53 55 58 84 88 93
472 3 6 7 10 20 24 30 33 37 39 43 44 46 53 54 56 69 80 81 85
473 3 12 14 25 32 35 40 41 42 52 70 75 79 80 85 87
474 13 18 26 27 32 43 68 71 78 88 91
475 5 8 14 25 31 33 36 47 74 82 85 97 99
476 0 8 13 17 20 21 26 29 30 32 39 40 43 47 53 54 58 60 66 70 71 76 89 91 96
477 2 10 14 18 22 25 30 36 37 38 39 42 49 51 63 72 75 80 82 91
478 2 4 9 10 28 34 37 38 42 45 47 61 62 67 72 75 81 85 92 99
479 2 7 10 18 23 24 25 28 36 41 54 62 76 80 82 92
480 1 3 4 7 12 19 29 34 44 47 53 60 63 68 71 85 88 90 97
481 1 9 10 13 23 24 30 34 35 37 38 47 50 59 60 68 92 97
482 1 3 13 14 16 17 32 39 40 41 46 50 58 59 73 74 84 86 98
483 2 14 15 23 32 38 40 42 43 44 58 61 72 81 82 83 89 92 95 97
484 14 15 22 29 46 51 55 60 61 63 69 79 80 86
485 0 1 3 5 10 11 14 15 17 19 22 25 27 29 31 36 40 52 59 63 66 86 90 91 92 96 98
486 9 10 15 16 27 29 40 41 45 46 51 53 54 75 84 85 94 96
487 5 8 9 18 30 38 40 42 49 57 68 73 75 78 82 88 91
488 0 2 8 9 11 21 23 35 40 41 44 60 63 64 65 67 72 73 83 85 87 90
489 3 9 15 19 22 23 31 33 39 42 43 51 79 81 90 94 98
490 3 9 13 16 20 22 25 28 30 48 56 60 63 66 73 74 78 84 86 89 90 93
491 3 10 11 19 36 39 45 47 49 55 59 63 65 74 92 96
492 3 11 14 20 27 55 69 72 75 85 86 89 96 97
493 11 14 20 22 33 40 42 46 52 56 58 60 67 71 73 81 84 86 88 90 92 98
494 0 2 4 5 7 9 33 35 41 46 49 54 61 66 68 69 70 76 82 86 88 94 98 99
495 15 24 29 31 48 49 55 62 64 70 79 84 91 97 99
496 0 2 8 9 11 23 25 27 30 31 33 34 36 44 46 51 61 65 74 81 82 84 85 91 93 98 99
497 2 5 12 29 34 35 36 38 39 46 57 59 61 67 78 83 84 86 90
498 5 11 23 36 41 46 52 54 71 77 79 84 86 89 94 95 98 99
499 1 2 3 5 13 15 45 55 58 63 64 66 69 70 84 86 92 94
500 0 16 25 31 34 36 39 40 51 54 58 62 63 64 70 79 84 89 90
501 0 6 16 17 41 45 50 52 54 62 69 72 80 89 90
502 4 7 11 19 23 24 30 33 39 52 53 62 74 75 77 83 84 88 96
503 7 8 21 25 26 43 54 58 67 70 73 80 83 87
504 4 5 6 8 11 13 22 26 29 30 32 33 43 45 60 64 73 77 88 90 96
505 8 11 13 19 20 23 25 32 34 35 41 43 45 47 51 53 57 62 64 72 75 77 79 83 87 92 98
506 0 4 5 10 16 18 23 24 37 40 45 48 49 51 62 81 89 99
507 0 6 9 14 15 20 22 36 37 40 46 48 49 51 53 58 63 66 71 73 76 77 87 95 96
508 18 20 22 33 34 41 52 57 62 66 69 80 84 85 87 91 92 97 99
509 0 2 5 14 19 22 23 27 36 37 41 48 65 66 71 73 87 88 90 96
510 0 11 15 20 26 32 36 40 41 46 48 53 54 59 60 74 75 81 87 90 92 93
511 5 7 10 11 15 17 18 19 23 28 30 33 36 37 47 48 57 77 80 88 91 93 95
