6
14
20
33
46
50
52
54
58
61
76
82
100
107
119
121
122
124
127
157
167
176
177
190
199
206
214
224
236
245
254
257
258
280
283
285
289
301
307
323
324
326
334
339
375
376
388
390
394
411
431
432
434
446
452
455
459
465
471
478
481
484
490
500
505
531
540
572
579
587
590
594
609
628
630
635
641
642
644
655
657
668
669
670
673
677
679
682
688
691
694
705
724
736
755
758
762
763
793
804
812
828
841
854
857
861
862
872
882
896
899
900
908
923
927
930
947
951
955
971
982
984
985
987
995
1001
1007
1016
1019
1028
1037
1045
1047
1054
1057
1067
1078
1087
1090
1112
1133
1134
1138
1147
1153
1159
1164
1165
1168
1175
1202
1216
1219
1224
1225
1226
1228
1232
1233
1237
1259
1262
1265
1266
1267
1271
1274
1275
1280
1283
1298
1302
1303
1309
1312
1318
1319
1328
1332
1335
1346
1361
1364
1367
1372
1374
1382
1384
1389
1415
1432
1438
1442
1445
1447
1448
1459
1461
1463
1464
1466
1483
1485
1487
1490
1509
1525
1526
1530
1531
1546
1548
1552
1555
1556
1578
1587
1589
1597
1598
1600
1601
1623
1627
1644
1646
1647
1650
1662
1673
1676
1679
1686
1688
1699
1701
1708
1743
1750
1752
1756
1759
1764
1770
1773
1774
1777
1782
1798
1810
1816
1818
1827
1830
1835
1848
1856
1859
1861
1877
1879
1880
1900
1902
1903
1913
1914
1915
1928
1930
1931
1937
1940
1957
1958
1965
1968
1970
1971
1972
1991
1998
2008
2010
2013
2043
2048
2050
2051
2069
2070
2100
2102
2114
2128
2130
2132
2150
2162
2163
2176
2194
2196
2198
2207
2211
2222
2233
2243
2247
2251
2272
2282
2285
2290
2297
2298
2314
2319
2322
2329
2342
2343
2349
2350
2365
2366
2367
2368
2369
2372
2378
2379
2388
2398
2407
2409
2411
2423
2436
2438
2443
