0 0 3 5 11 12 13 15 24 33 37 41 52 56 57 60 63 74 80 83 84 87 92 97 98 101 112 117 118 125 128 133 141 145 155 162 165 175 178 180 186 204 206 215 219 222 223 224 226 231 243 246 247 251 252
1 2 9 10 17 23 26 27 28 30 32 34 36 44 46 54 60 63 64 72 74 75 84 96 103 114 122 130 134 142 147 151 158 162 169 170 176 186 190 191 194 196 201 204 208 212 214 220 224 225 230 231 239 243 244 247 249 252
2 0 14 17 24 26 29 30 33 43 49 51 56 61 62 64 70 72 86 93 96 98 99 112 118 128 136 138 140 152 154 157 174 177 187 194 195 196 211 213 222 226 237 241 247 249 254
3 3 8 14 18 24 26 27 28 30 37 38 39 45 51 60 66 71 77 87 88 94 98 101 105 110 112 119 120 121 127 130 133 137 138 145 149 153 157 170 178 180 181 194 197 204 210 217 218 222 225 227 234 251
4 4 5 10 16 21 25 30 35 41 51 55 65 70 76 88 90 98 109 110 114 119 121 123 126 128 133 141 143 144 147 148 152 155 166 173 191 200 211 213 215 217 232 235 245 251
5 2 4 24 26 27 32 39 45 46 47 52 57 63 69 81 84 91 94 97 98 99 100 101 107 109 112 118 127 133 134 138 150 151 157 162 175 176 182 186 192 193 196 202 206 207 222 226 228 229 230 235 253
6 3 14 17 26 32 34 38 41 42 49 53 56 60 69 73 77 81 83 89 105 110 112 114 115 128 138 140 155 163 165 171 175 192 193 197 206 207 209 212 215 219 223 224 228 234 236 255
7 1 5 9 11 13 17 30 35 41 42 43 46 51 65 74 78 95 111 118 119 121 124 135 136 140 142 148 149 153 155 160 165 167 168 175 183 184 189 194 196 203 204 208 218 219 220 227 230 235 239 245 246 249 254
8 1 3 5 15 27 48 55 56 60 73 79 84 86 87 97 99 106 115 120 121 122 124 131 135 136 142 143 160 167 169 171 174 175 182 185 187 196 204 218 220 230 233 238 243 246 247
9 0 1 3 13 17 21 22 34 36 42 49 51 55 59 60 69 70 71 80 82 86 93 95 98 100 104 116 121 122 126 135 141 144 146 147 167 171 176 177 186 192 199 202 210 215 217 234 241 245 246 250 252
10 5 11 14 15 20 26 27 33 43 52 55 58 73 74 82 87 91 95 97 103 107 113 127 133 135 136 140 142 149 156 161 175 177 187 188 192 195 197 198 201 202 203 205 211 214 216 217 226 241 247 250
11 1 6 13 21 22 23 32 37 44 47 48 52 55 56 58 64 66 69 79 82 83 85 93 95 96 101 109 113 117 118 123 128 138 142 143 150 152 154 155 158 159 160 171 175 182 185 187 191 193 196 211 226 228 241 245 247 253
12 17 28 33 47 51 58 65 66 70 87 91 103 105 106 119 126 135 139 140 141 144 152 155 159 164 174 175 179 180 181 186 187 189 190 203 206 209 217 218 220 222 223 233 240 244 247 253
13 4 7 11 14 17 18 21 39 51 53 54 56 59 65 67 72 81 84 86 87 94 98 100 102 104 105 111 112 120 122 133 134 140 141 142 147 167 175 188 194 199 200 217 218 221 229 232 233 235 240 241 242 249 254
14 2 4 6 11 17 19 22 31 33 34 35 39 40 43 48 50 52 59 61 62 75 84 85 88 102 104 106 107 108 109 112 117 124 125 128 142 146 148 149 150 157 172 177 181 187 189 191 194 195 196 197 206 207 217 226 231 232 236 237 240 247
15 11 15 18 21 23 25 29 31 32 43 45 51 53 60 62 64 67 72 75 82 85 110 113 122 124 126 133 137 140 146 150 158 166 168 173 175 179 180 184 192 194 196 200 206 209 214 220 223 225 226 231 238 240 241 242 243 249 250
16 7 14 15 32 37 42 44 47 51 55 57 61 64 67 74 81 89 97 113 117 120 121 123 128 133 139 141 147 150 154 155 157 159 161 165 168 170 178 181 183 208 211 215 217 222 241 243 251 252
17 0 1 3 6 14 19 20 21 22 23 29 45 53 55 69 71 77 84 88 89 95 97 99 101 104 111 114 126 134 139 140 145 147 149 150 152 153 154 155 164 165 168 173 175 190 195 200 214 215 217 220 221 225 228 231 234 236 242 245 247 251
18 4 5 20 38 43 44 45 46 48 51 52 54 61 62 67 70 79 82 88 89 96 113 118 122 124 127 128 130 134 135 137 140 152 155 163 165 166 171 172 177 193 195 199 202 211 212 216 217 218 221 222 227 230 231 232 241
19 0 8 13 19 20 24 26 30 40 42 43 45 47 49 58 62 64 70 71 95 103 104 105 107 120 122 131 147 157 163 171 181 184 191 200 212 215 220 221 224 225 229 232 236 238 240 245 246 250 253 255
20 0 1 8 15 16 20 27 33 40 46 47 50 57 58 59 61 66 76 82 90 96 97 101 103 108 109 110 114 116 120 125 131 144 148 150 151 156 164 166 170 198 203 204 207 209 210 211 214 216 221 230 240 242 250
21 3 6 8 11 13 14 15 18 19 20 24 25 28 37 44 45 52 54 66 68 69 72 73 80 83 95 99 100 102 109 114 116 119 123 126 128 130 136 140 141 143 146 149 151 159 160 162 164 165 172 180 184 187 192 200 203 208 212 215 230 237 244 249 252 253 254
22 9 13 16 21 22 26 28 29 30 32 35 36 42 48 51 55 58 60 63 68 69 72 73 77 78 79 86 92 100 106 110 112 123 125 137 147 151 152 158 161 165 167 172 179 187 188 190 192 194 195 196 204 212 220 227 236 239 240 241 243 247
23 5 15 17 28 29 41 46 50 60 61 66 71 72 76 77 78 79 86 87 90 94 101 106 109 117 118 119 126 137 138 139 141 142 143 144 146 148 153 157 163 175 182 190 200 202 206 209 215 222 223 224 231 233 237 246 253 255
24 4 14 36 43 54 56 59 63 67 72 77 80 85 94 97 98 118 124 132 133 138 145 147 153 157 160 167 171 172 173 177 189 193 194 201 205 206 207 208 220 229 235 236 240 243 245 248 249 251
25 25 30 34 36 57 67 72 78 85 93 95 97 99 100 107 109 113 120 122 125 126 129 131 132 142 144 152 164 165 179 180 182 183 186 189 190 196 206 207 209 210 222 225 232 235 247 249
26 0 14 15 25 26 28 37 39 40 42 43 45 56 60 66 69 71 76 79 80 90 91 95 98 103 104 111 115 119 122 130 160 164 168 180 189 202 203 206 207 214 222 224 227 235 240 243 246 248
27 5 8 11 14 25 32 33 35 42 47 48 52 56 57 65 82 86 95 98 99 100 106 108 109 116 137 138 146 150 160 161 165 175 176 177 180 187 201 213 214 233 238 239 241 242 246 251 252
28 4 7 14 19 21 27 31 33 45 59 62 66 71 72 75 79 82 84 88 90 93 110 112 117 120 122 123 127 128 130 131 132 133 134 146 147 150 151 155 169 172 173 188 202 212 214 222 226 228 232 233 237 245 250 255
29 0 1 8 16 22 25 26 28 29 46 50 60 61 65 69 79 89 98 101 102 110 115 121 123 137 143 151 156 161 162 174 193 194 201 202 208 211 216 218 220 222 224 231 236 237 243 247 249 253
30 0 1 8 10 12 23 26 30 31 33 41 47 60 68 69 70 77 82 83 87 91 100 109 116 117 121 124 131 145 158 173 177 196 204 209 210 213 225 238 243 250
31 3 12 13 16 19 20 21 22 23 32 36 37 40 55 63 70 73 76 89 95 99 101 105 107 113 124 127 128 137 139 145 146 151 152 158 166 174 180 181 182 183 186 194 196 197 198 221 229 230 232 237 239 240 242 245 248
32 6 8 18 21 27 34 37 43 46 52 53 54 60 62 66 79 80 88 91 93 101 106 109 116 117 121 123 126 139 140 141 147 157 170 171 181 183 186 196 203 209 210 220 226 233 250 252
33 5 7 12 14 15 19 26 29 40 42 44 48 51 52 60 74 77 82 83 87 88 90 91 95 103 105 108 117 121 125 126 141 142 143 160 163 164 167 170 173 177 184 188 191 193 201 210 214 226 227 228 230 231 237 238 248 251
34 1 8 19 26 35 36 38 46 51 55 57 63 64 73 83 84 85 87 89 90 91 92 94 100 102 104 110 113 116 119 123 124 126 132 150 152 162 167 171 173 178 183 184 186 188 197 202 206 210 225 227 228 233 236 239 252 254
35 5 10 26 33 55 58 60 61 70 71 76 82 83 84 88 89 91 97 105 109 110 111 112 115 117 120 122 126 129 133 142 143 151 154 159 171 174 175 176 178 183 184 188 193 196 197 201 210 215 218 222 223 227 229 230 232 233 235 236 238 241 242 246 255
36 2 4 9 20 22 35 38 45 48 50 54 55 57 62 64 66 67 69 72 77 83 85 86 99 102 108 112 118 120 129 131 132 143 158 164 167 168 175 179 183 185 193 206 217 221 239 251 252 255
37 1 9 11 14 19 27 46 48 49 51 52 56 57 64 68 70 74 95 115 118 120 125 128 130 133 135 139 144 145 151 152 165 181 182 198 200 201 205 207 212 216 221 225 231 235 240 245 250
38 3 5 14 15 36 54 59 64 75 76 77 78 80 82 83 85 99 106 107 133 137 152 154 161 163 175 180 183 184 185 192 194 198 199 200 204 215 217 218 224 232 236 247 252 254
39 0 1 5 13 14 15 16 21 25 31 43 50 52 54 57 59 70 76 80 85 89 93 97 99 100 101 102 116 119 120 121 125 128 132 135 138 141 147 150 154 163 170 176 179 182 185 190 196 197 202 210 211 212 224 229 231 241 244 245
40 12 29 31 34 45 58 62 65 68 71 75 81 88 97 103 109 113 135 163 181 184 190 193 194 199 208 210 213 218 225 226 229 230 237 242
41 13 15 16 17 25 32 34 35 36 38 41 44 46 53 57 59 60 63 87 92 95 97 105 109 110 114 120 127 139 140 157 168 171 175 182 185 187 201 209 210 215 224 225 226 230 242
42 2 3 6 8 11 13 14 18 29 32 34 42 52 61 65 70 73 75 90 107 116 121 126 127 133 136 143 145 148 149 151 152 154 157 161 171 172 174 183 186 187 193 200 211 213 216 221 222 224 230 236 240 243 245
43 1 2 5 10 13 20 21 23 33 39 49 50 56 58 59 61 62 65 69 75 76 79 82 87 90 96 105 113 118 128 147 150 151 155 161 166 169 170 187 189 191 207 212 218 223 229 232 233 234
44 4 9 19 28 39 42 53 60 63 72 73 77 80 83 85 87 88 89 96 97 98 102 104 109 111 126 140 145 153 156 159 160 166 167 168 171 173 179 181 192 193 195 201 207 208 209 215 229 232 234 237 240 254
45 2 5 19 28 36 48 49 52 69 76 77 89 90 91 97 98 101 104 107 123 146 151 152 159 167 169 178 183 188 193 195 197 198 201 205 212 214 216 218 222 231 232 234 235 237 238 242 246 250
46 8 10 14 29 31 32 34 37 47 58 65 72 79 83 88 97 99 104 106 110 115 122 128 130 140 141 143 154 159 160 189 192 196 199 211 213 214 215 216 220 225 232 233 251 252 253
47 2 3 5 6 12 19 25 28 32 33 40 43 47 53 60 64 72 80 83 95 96 108 117 122 124 125 126 128 132 136 145 148 166 168 178 189 196 200 208 209 214 215 229 232 233 235 236 237 246 254
48 0 9 10 13 14 25 47 50 53 54 61 76 81 83 88 95 109 112 115 124 125 128 138 140 143 144 148 151 155 166 167 179 204 208 215 238 240 242 244 245 248 254
49 2 5 6 7 21 22 27 31 32 36 38 46 58 62 65 66 74 75 80 85 86 87 93 102 103 105 107 130 131 136 137 143 150 151 156 157 159 164 168 177 179 194 195 202 204 205 206 207 208 221 225 226 227 231 235 241 249 254
50 6 20 23 25 26 45 57 62 68 69 75 78 82 84 87 100 112 113 114 125 127 131 135 140 147 154 162 163 166 167 174 182 185 188 190 204 209 212 213 215 218 223 230 233 240 246 247 248 252
51 3 11 20 24 28 34 37 40 46 47 48 50 51 56 64 78 81 83 86 93 99 118 129 133 143 151 153 156 157 164 165 171 174 182 192 194 196 197 205 206 217 223 224 227 239 243 247 249
52 1 5 15 36 43 52 59 63 66 74 75 78 80 86 89 99 102 109 111 123 127 130 131 139 146 150 170 172 176 178 184 186 195 197 204 216 221 226 231 236 237 240 248 251 253
53 4 9 12 17 26 31 36 37 40 47 50 69 72 76 84 87 90 97 101 104 111 121 132 136 149 154 161 165 180 206 207 209 216 222 231 234 235 240 248 253
54 8 15 21 38 41 42 45 48 68 74 75 78 81 84 86 87 96 98 99 111 114 115 121 125 127 132 136 138 140 142 156 158 162 175 178 184 187 192 193 195 197 203 209 212 214 229 239 252
55 4 7 16 26 29 33 36 37 39 44 46 48 51 58 62 67 69 75 80 81 84 98 103 108 121 122 129 144 146 153 160 162 164 173 175 181 183 192 197 199 203 209 217 226 229 230 236 245 250 253 255
56 7 10 11 19 21 26 30 41 43 45 50 51 52 56 60 64 76 78 89 100 101 103 111 119 121 135 136 139 147 155 162 169 174 179 184 187 188 192 193 197 198 200 205 207 210 226 231 232 238 241 242 247
57 0 8 11 17 30 36 43 54 56 58 60 61 66 67 80 83 92 97 106 113 114 115 125 133 140 145 158 161 164 178 180 182 186 194 197 204 205 207 219 230 234 235 237 239 249 250 253 254
58 0 7 8 16 19 28 35 46 50 66 68 70 72 73 83 85 91 94 96 102 104 105 115 118 119 123 128 134 137 141 146 152 162 165 168 177 178 181 183 193 202 207 208 209 211 216 224 229 239 241 248 249 251 254 255
59 1 18 23 24 32 33 35 38 47 52 53 55 62 76 79 94 95 104 105 106 107 108 115 127 143 147 149 160 189 211 213 219 220 222 224 229 232 238 242 247 248 255
60 5 8 29 30 32 36 48 55 58 60 66 78 88 91 92 93 98 99 106 109 110 113 114 120 121 124 125 130 132 134 146 148 156 162 165 173 182 185 201 213 214 215 223 232 241 249 254
61 5 7 17 23 29 36 38 39 52 55 61 63 73 76 79 86 87 89 93 104 106 117 123 132 143 151 153 154 155 156 165 175 178 181 186 195 204 206 207 214 216 217 218 220 225 227 238 245 252
62 7 17 22 39 41 48 50 57 61 65 69 71 82 83 89 90 93 95 98 104 108 121 127 132 135 136 152 156 158 163 164 170 174 175 180 189 206 209 210 213 222 232 233 236 245 250
63 13 16 25 33 34 35 42 60 64 66 70 88 89 93 98 103 116 118 119 126 128 132 135 141 155 158 161 162 163 167 170 174 177 183 184 186 188 195 199 206 211 214 217 225 231 234 235 247 250 251 255
64 3 4 6 10 11 14 15 20 30 32 47 53 58 59 62 63 74 75 81 82 86 101 103 104 108 109 115 127 130 142 150 153 155 159 162 177 178 183 193 196 213 219 220 222 234 252
65 0 7 9 13 20 30 31 33 36 40 42 46 49 51 60 63 72 75 83 90 99 108 118 124 129 132 142 145 148 151 154 157 162 163 167 169 186 202 207 208 213 218 243 251 253
66 7 9 29 30 44 50 51 53 60 68 81 87 94 102 104 116 132 140 145 148 149 153 159 180 188 196 198 203 207 211 219 227 231 239 245 251 255
67 2 3 5 14 21 22 26 37 43 48 51 52 55 68 70 71 76 85 92 99 100 102 103 114 119 122 124 126 131 133 147 151 153 156 158 165 166 167 175 184 185 188 189 192 196 198 202 204 215 217 231 239 242 249 254
68 0 4 7 8 23 26 30 33 36 47 49 54 68 73 79 80 88 89 103 109 113 123 131 140 147 152 160 161 163 167 174 175 177 178 180 187 196 199 210 222 228 232 239 241 242 245 247 253
69 0 5 12 17 18 30 38 50 51 56 63 67 74 80 81 87 88 95 98 105 108 129 131 135 137 142 146 147 160 170 171 172 176 177 178 187 190 193 198 209 212 214 218 219 221 225 227 235 242 245 255
70 7 12 15 29 35 38 41 55 58 73 74 91 94 102 103 106 108 113 128 130 136 140 152 153 163 164 168 180 183 190 196 201 202 206 213 231 233 240 244 250
71 2 6 12 17 22 24 29 37 41 42 51 61 64 73 81 86 87 95 99 106 109 114 119 125 126 131 135 143 146 149 155 159 173 175 176 180 185 187 194 197 201 224 225 226 231 235 236 237 239 245
72 1 2 5 7 9 23 27 37 39 54 58 59 60 74 77 82 88 90 91 95 100 112 114 118 119 124 129 131 132 133 139 141 142 153 154 160 164 165 167 184 193 206 218 219 222 229 232 233 235 239 248
73 0 3 24 31 33 34 37 50 51 53 85 87 99 101 106 107 114 118 120 122 123 124 126 132 133 138 139 144 147 149 152 153 161 170 183 184 195 196 200 204 205 209 210 213 215 219 230 235 238 241 251 253 255
74 0 8 10 18 28 29 42 49 57 58 60 63 64 67 69 75 80 85 86 96 100 107 112 116 117 121 135 151 153 159 161 167 170 172 173 174 176 179 190 191 195 197 199 206 211 212 214 218 221 222 228 231 232 234 241 253
75 6 9 18 25 31 37 44 47 50 51 53 57 63 69 85 86 87 103 104 105 106 114 117 120 121 124 125 132 137 140 157 162 176 183 184 186 194 204 205 207 208 215 217 226 227 228 231 234 237 238 252 254
76 8 9 11 12 14 22 27 37 39 43 45 47 53 61 71 78 85 92 95 99 100 103 110 113 117 120 121 128 132 141 142 156 157 169 170 172 173 178 192 195 203 207 209 215 226 228 235 239 246
77 16 17 23 24 25 31 33 34 39 41 45 52 54 62 78 87 98 105 109 117 119 122 130 132 138 139 150 154 159 166 167 173 176 180 189 193 195 199 200 207 209 211 221 223 225 235 238 241 245 246 248 254
78 5 9 10 13 21 27 30 31 32 36 37 49 52 54 56 60 65 71 72 78 79 80 81 87 97 101 110 113 116 127 132 143 151 153 159 160 162 170 177 192 195 200 202 203 207 213 215 216 219 220 231 245
79 0 3 10 11 13 15 17 31 32 39 50 51 62 66 80 82 95 96 108 111 115 125 126 130 135 136 150 168 170 175 178 182 190 198 203 204 206 207 208 212 213 216 219 225 234 238 240 247 252 254
80 0 1 6 9 15 16 18 21 22 24 40 49 51 52 62 72 79 84 101 102 105 108 112 115 127 132 135 138 149 158 161 163 165 168 171 175 178 179 180 192 198 202 215 220 224 228 234 239 241 254
81 9 13 21 28 39 40 49 50 57 65 71 73 83 85 86 87 89 92 94 96 101 107 114 119 122 124 127 144 145 147 150 156 160 163 174 176 179 180 185 186 191 197 199 202 206 211 214 215 221 227 231 239 241 252
82 3 12 14 15 23 26 36 39 47 50 51 54 68 72 74 81 86 94 95 97 103 106 107 108 109 117 119 128 133 138 143 144 145 154 168 170 174 184 186 187 192 200 214 218 232 237 239 248 250 252
83 1 3 8 19 22 24 29 42 46 47 51 54 59 60 68 74 75 76 78 79 83 91 92 97 108 109 111 120 122 126 132 134 144 147 153 157 160 167 168 175 180 183 184 185 187 190 194 209 214 222 233 242 245 246 247 248
84 2 31 33 35 57 61 62 68 72 74 76 79 89 94 95 96 98 100 103 106 117 124 128 131 135 138 141 143 145 150 152 157 159 169 175 187 188 190 195 196 214 217 221 226 232 239 240 243 244 246 247 249
85 4 8 9 28 29 31 58 69 71 78 80 82 83 84 103 105 107 114 116 117 130 132 134 135 138 140 146 149 161 177 184 186 190 191 194 196 199 201 202 211 212 213 217 244 248 249 250 251
86 5 7 11 13 21 23 26 32 47 49 55 60 66 68 74 76 78 79 82 86 88 91 92 96 99 100 105 110 115 124 126 128 130 131 132 135 137 140 146 152 155 156 164 174 177 178 183 186 190 193 195 198 204 205 208 213 217 220 225 240 242 249
87 5 8 15 16 33 35 42 45 46 49 51 52 55 59 60 63 71 80 83 84 85 88 91 93 98 99 101 103 108 109 116 119 121 130 131 135 136 137 145 150 153 154 160 161 165 166 209 214 221 223 227 229 237 238 249 253 254
88 4 6 10 15 31 32 33 35 44 46 50 52 53 58 69 77 78 133 135 138 141 143 153 155 156 164 167 170 172 173 175 181 183 186 187 194 201 206 210 212 213 216 220 222 226 227 235 236 245
89 1 16 20 21 29 46 52 54 78 82 83 86 90 91 93 94 97 98 104 127 128 138 147 150 154 162 182 192 193 194 215 216 217 218 220 226 228 229 239 243 247 249 250 251 254
90 3 8 10 21 22 23 28 29 30 31 47 48 51 57 58 62 71 73 75 78 81 82 85 87 88 103 105 108 118 136 142 149 150 156 167 168 176 185 186 200 201 212 231 238 246
91 2 4 6 7 14 23 31 42 55 62 68 70 78 79 87 90 95 102 105 116 118 119 121 123 125 130 134 136 141 152 163 172 174 184 189 192 200 204 206 208 210 215 220 221 225 226 227 231 233 235 241 253
92 5 18 19 30 38 46 47 55 66 69 70 76 83 84 85 87 91 92 106 108 109 116 126 139 142 144 149 155 158 163 171 174 175 177 178 182 187 206 210 212 215 218 223 224 225 228 240 250 253 255
93 3 6 10 12 13 14 15 20 21 23 27 28 30 46 49 63 66 69 75 79 80 84 86 88 97 98 118 121 123 133 138 140 146 156 162 166 173 180 185 188 199 207 217 223 231 234 235 238 250 251
94 0 12 25 26 41 50 52 55 61 63 64 69 74 76 77 78 81 87 98 99 103 110 125 130 145 146 150 151 154 159 163 173 177 198 199 206 209 216 222 225 233 237 249 251 254
95 3 15 16 19 36 42 45 56 60 61 63 70 78 85 91 94 105 113 118 122 125 126 133 146 151 155 159 160 162 182 187 188 195 204 205 212 220 222 226 228 230 232 233 240 241 242 249
96 2 8 10 14 19 23 28 29 30 33 35 39 54 55 58 65 67 70 72 75 81 83 84 100 101 102 105 114 117 119 124 126 131 142 144 150 151 152 154 155 156 177 178 179 184 190 192 193 200 206 210 211 214 215 217 234 242 244 245 247 252
97 10 11 13 17 34 37 38 46 72 77 84 95 104 109 113 116 118 121 124 128 136 140 143 162 165 173 180 196 204 205 207 214 222 223 224 225 238 243 245 251
98 2 4 9 22 32 34 37 40 45 53 54 68 75 77 78 87 92 94 99 100 105 110 112 117 119 151 152 154 160 168 174 186 190 193 195 200 202 204 208 210 213 216 221 223 226 227 238 241 244 248 249 251 253
99 2 3 11 12 14 21 23 26 30 35 42 56 64 67 81 83 97 98 103 106 130 144 148 158 162 166 170 176 181 182 184 198 203 204 206 211 223 232 235 239 244 245 248 253
