0 15
0 16
0 17
0 18
0 19
0 21
0 22
0 23
0 24
0 27
0 29
0 30
0 31
0 34
0 35
0 37
0 41
0 43
0 44
0 46
0 48
0 54
0 56
0 57
0 61
0 64
0 72
0 82
0 84
0 85
0 88
0 90
0 91
0 97
0 98
0 101
0 104
0 109
0 114
0 116
0 117
0 126
0 128
0 130
0 137
0 141
0 149
0 151
0 154
0 172
0 173
0 182
0 183
0 202
0 209
0 212
0 229
0 231
0 240
0 241
0 242
0 246
1 15
1 16
1 17
1 18
1 19
1 20
1 21
1 23
1 24
1 25
1 26
1 27
1 30
1 33
1 35
1 41
1 44
1 47
1 50
1 54
1 55
1 56
1 58
1 68
1 74
1 92
1 105
1 107
1 108
1 110
1 122
1 129
1 141
1 152
1 165
1 166
1 167
1 168
1 171
1 178
1 179
1 189
1 191
1 195
1 196
1 199
1 204
1 210
1 215
1 236
1 250
1 252
1 255
2 15
2 16
2 17
2 19
2 20
2 21
2 23
2 24
2 25
2 26
2 27
2 31
2 32
2 33
2 34
2 36
2 39
2 40
2 44
2 46
2 48
2 53
2 56
2 61
2 62
2 75
2 79
2 80
2 81
2 82
2 87
2 89
2 90
2 93
2 96
2 98
2 104
2 105
2 106
2 111
2 113
2 116
2 122
2 128
2 131
2 134
2 136
2 138
2 139
2 141
2 156
2 160
2 161
2 164
2 165
2 169
2 171
2 174
2 181
2 182
2 188
2 191
2 194
2 206
2 214
2 216
2 229
2 231
2 232
2 236
2 241
2 245
2 253
3 15
3 16
3 18
3 19
3 20
3 22
3 24
3 25
3 28
3 29
3 31
3 36
3 43
3 45
3 46
3 47
3 48
3 51
3 54
3 67
3 69
3 81
3 84
3 86
3 87
3 92
3 97
3 102
3 103
3 104
3 107
3 114
3 120
3 121
3 134
3 139
3 141
3 145
3 155
3 172
3 176
3 188
3 197
3 200
3 201
3 202
3 203
3 217
3 221
3 222
3 224
3 236
3 243
3 248
4 15
4 16
4 17
4 18
4 19
4 20
4 24
4 25
4 26
4 27
4 28
4 29
4 32
4 33
4 34
4 36
4 39
4 40
4 41
4 43
4 45
4 49
4 53
4 54
4 56
4 58
4 59
4 68
4 74
4 78
4 80
4 82
4 85
4 89
4 98
4 99
4 103
4 108
4 109
4 113
4 121
4 124
4 127
4 131
4 134
4 135
4 139
4 143
4 146
4 154
4 156
4 159
4 163
4 166
4 167
4 192
4 193
4 196
4 199
4 204
4 205
4 215
4 225
4 226
4 237
4 239
4 245
5 15
5 16
5 18
5 19
5 20
5 21
5 22
5 23
5 24
5 25
5 26
5 27
5 28
5 32
5 36
5 39
5 40
5 43
5 53
5 55
5 56
5 61
5 67
5 69
5 73
5 77
5 78
5 79
5 96
5 98
5 100
5 102
5 109
5 111
5 114
5 119
5 126
5 129
5 131
5 133
5 135
5 142
5 145
5 146
5 150
5 158
5 159
5 162
5 167
5 173
5 176
5 179
5 185
5 189
5 191
5 195
5 198
5 200
5 204
5 209
5 217
5 218
5 227
5 232
5 234
5 236
5 241
5 249
5 251
5 252
5 253
5 254
6 15
6 17
6 22
6 25
6 26
6 28
6 31
6 33
6 36
6 37
6 41
6 43
6 44
6 48
6 49
6 52
6 53
6 55
6 66
6 86
6 87
6 88
6 98
6 127
6 140
6 159
6 163
6 192
6 203
6 206
6 220
6 223
6 238
6 241
7 15
7 16
7 17
7 18
7 19
7 21
7 32
7 40
7 41
7 42
7 48
7 51
7 52
7 67
7 69
7 70
7 83
7 94
7 102
7 103
7 118
7 136
7 137
7 149
7 155
7 168
7 169
7 206
7 213
7 227
8 15
8 16
8 17
8 18
8 19
8 20
8 21
8 22
8 23
8 24
8 25
8 28
8 29
8 35
8 44
8 45
8 46
8 47
8 57
8 62
8 65
8 67
8 68
8 78
8 80
8 81
8 84
8 85
8 94
8 101
8 103
8 124
8 132
8 143
8 149
8 174
8 190
8 193
8 201
8 202
8 205
8 213
8 221
8 227
8 230
8 234
8 238
9 15
9 16
9 17
9 18
9 19
9 20
9 21
9 23
9 24
9 26
9 27
9 29
9 30
9 35
9 42
9 46
9 47
9 49
9 50
9 60
9 61
9 63
9 71
9 76
9 83
9 87
9 92
9 97
9 99
9 115
9 120
9 131
9 132
9 135
9 138
9 141
9 150
9 152
9 166
9 176
9 185
9 186
9 187
9 190
9 193
9 196
9 197
9 203
9 208
9 211
9 237
9 239
9 247
9 253
10 15
10 16
10 17
10 18
10 20
10 22
10 24
10 26
10 27
10 28
10 31
10 37
10 38
10 40
10 42
10 44
10 48
10 51
10 52
10 58
10 65
10 68
10 73
10 74
10 75
10 78
10 84
10 88
10 95
10 116
10 121
10 132
10 137
10 142
10 143
10 155
10 180
10 183
10 185
10 225
10 226
10 228
10 230
10 243
10 246
11 15
11 16
11 17
11 18
11 19
11 20
11 21
11 22
11 23
11 24
11 28
11 29
11 34
11 35
11 37
11 39
11 42
11 44
11 45
11 46
11 49
11 50
11 51
11 58
11 60
11 70
11 71
11 72
11 73
11 74
11 76
11 78
11 83
11 87
11 91
11 92
11 94
11 95
11 96
11 101
11 104
11 108
11 115
11 119
11 123
11 124
11 126
11 128
11 134
11 135
11 150
11 151
11 156
11 157
11 159
11 161
11 168
11 170
11 171
11 176
11 181
11 183
11 193
11 199
11 201
11 209
11 223
11 226
11 233
11 234
11 244
11 248
11 252
12 15
12 16
12 17
12 18
12 22
12 26
12 31
12 34
12 35
12 37
12 42
12 49
12 69
12 72
12 81
12 99
12 101
12 110
12 118
12 120
12 121
12 123
12 131
12 148
12 165
12 166
12 179
12 186
12 202
12 216
12 223
12 224
12 239
12 247
12 252
13 15
13 16
13 17
13 18
13 19
13 20
13 22
13 23
13 30
13 31
13 38
13 39
13 45
13 47
13 48
13 62
13 76
13 77
13 82
13 84
13 117
13 123
13 125
13 126
13 130
13 144
13 159
13 179
13 190
13 198
13 250
13 255
14 15
14 16
14 17
14 21
14 23
14 24
14 25
14 28
14 29
14 30
14 41
14 48
14 52
14 57
14 58
14 63
14 64
14 65
14 67
14 82
14 89
14 96
14 103
14 104
14 105
14 107
14 110
14 112
14 128
14 135
14 140
14 143
14 146
14 147
14 153
14 157
14 162
14 166
14 174
14 180
14 190
14 206
14 215
14 221
14 222
14 224
14 228
14 240
15 16
15 17
15 18
15 19
15 20
15 21
15 22
15 23
15 24
15 25
15 26
15 27
15 28
15 30
15 31
15 32
15 33
15 34
15 36
15 37
15 38
15 39
15 40
15 43
15 44
15 46
15 47
15 48
15 49
15 51
15 52
15 53
15 54
15 55
15 57
15 60
15 61
15 62
15 63
15 67
15 68
15 69
15 73
15 75
15 76
15 80
15 81
15 87
15 88
15 90
15 91
15 93
15 94
15 95
15 96
15 98
15 99
15 104
15 105
15 106
15 109
15 110
15 111
15 115
15 116
15 119
15 121
15 130
15 133
15 140
15 141
15 147
15 151
15 152
15 156
15 159
15 161
15 163
15 170
15 184
15 185
15 190
15 193
15 198
15 202
15 203
15 209
15 214
15 215
15 218
15 225
15 230
15 233
15 236
15 242
15 244
15 245
15 246
15 247
15 249
15 250
15 252
15 254
16 17
16 18
16 19
16 20
16 21
16 22
16 23
16 24
16 26
16 27
16 28
16 30
16 31
16 32
16 33
16 34
16 37
16 39
16 40
16 41
16 45
16 47
16 48
16 50
16 51
16 52
16 53
16 54
16 57
16 60
16 63
16 65
16 67
16 68
16 69
16 72
16 75
16 82
16 83
16 84
16 85
16 87
16 89
16 91
16 94
16 97
16 98
16 101
16 104
16 107
16 109
16 116
16 118
16 119
16 120
16 122
16 126
16 127
16 130
16 136
16 138
16 139
16 141
16 147
16 154
16 158
16 159
16 161
16 163
16 165
16 166
16 169
16 172
16 180
16 181
16 185
16 189
16 190
16 197
16 208
16 218
16 223
16 224
16 230
16 232
16 234
16 243
16 245
16 252
16 253
17 18
17 21
17 22
17 23
17 25
17 26
17 27
17 28
17 29
17 30
17 31
17 32
17 34
17 35
17 36
17 38
17 39
17 40
17 41
17 44
17 45
17 46
17 52
17 57
17 58
17 59
17 60
17 63
17 64
17 68
17 70
17 73
17 74
17 75
17 82
17 83
17 84
17 87
17 88
17 89
17 91
17 92
17 100
17 108
17 109
17 110
17 113
17 117
17 119
17 121
17 126
17 133
17 136
17 137
17 140
17 153
17 160
17 175
17 184
17 185
17 192
17 207
17 214
17 216
17 219
17 222
17 228
17 245
18 20
18 21
18 22
18 23
18 25
18 26
18 27
18 28
18 29
18 30
18 32
18 33
18 34
18 35
18 37
18 38
18 39
18 42
18 45
18 47
18 50
18 54
18 58
18 60
18 61
18 64
18 67
18 71
18 72
18 73
18 77
18 82
18 83
18 84
18 87
18 91
18 92
18 96
18 102
18 104
18 109
18 110
18 111
18 116
18 118
18 124
18 128
18 131
18 144
18 152
18 156
18 158
18 162
18 168
18 178
18 180
18 194
18 207
18 219
18 223
18 231
18 238
18 242
18 243
18 246
18 252
18 254
19 20
19 21
19 25
19 26
19 29
19 31
19 33
19 42
19 44
19 53
19 54
19 56
19 63
19 68
19 70
19 73
19 74
19 75
19 76
19 85
19 93
19 102
19 112
19 113
19 120
19 126
19 134
19 144
19 146
19 155
19 165
19 169
19 176
19 181
19 198
19 200
19 204
19 218
19 219
19 233
19 240
19 242
19 245
19 250
19 253
19 254
20 21
20 23
20 24
20 25
20 27
20 29
20 33
20 35
20 36
20 39
20 42
20 45
20 46
20 50
20 56
20 59
20 61
20 63
20 66
20 75
20 77
20 79
20 80
20 81
20 82
20 86
20 91
20 98
20 101
20 102
20 106
20 109
20 120
20 126
20 136
20 146
20 154
20 155
20 158
20 160
20 169
20 172
20 177
20 178
20 179
20 184
20 186
20 194
20 202
20 217
20 220
20 222
20 229
20 234
21 23
21 29
21 33
21 36
21 40
21 42
21 43
21 44
21 45
21 47
21 50
21 55
21 56
21 60
21 65
21 70
21 89
21 91
21 93
21 99
21 120
21 146
21 156
21 157
21 158
21 179
21 200
21 217
21 230
21 238
21 246
22 25
22 27
22 34
22 37
22 38
22 40
22 42
22 45
22 49
22 52
22 66
22 67
22 71
22 76
22 77
22 95
22 98
22 102
22 110
22 114
22 115
22 125
22 139
22 166
22 169
22 172
22 177
22 178
22 186
22 191
22 203
22 219
22 220
22 222
22 227
22 254
23 26
23 29
23 30
23 34
23 35
23 36
23 38
23 39
23 41
23 42
23 43
23 45
23 49
23 55
23 57
23 61
23 62
23 66
23 68
23 71
23 72
23 73
23 74
23 79
23 80
23 85
23 88
23 90
23 105
23 107
23 108
23 114
23 126
23 133
23 147
23 161
23 176
23 194
23 220
23 225
23 228
23 230
23 244
23 252
23 254
24 27
24 28
24 29
24 30
24 31
24 32
24 33
24 34
24 35
24 37
24 38
24 42
24 43
24 45
24 46
24 47
24 50
24 55
24 56
24 59
24 60
24 61
24 63
24 64
24 66
24 67
24 68
24 70
24 76
24 77
24 81
24 82
24 84
24 87
24 91
24 93
24 97
24 100
24 102
24 106
24 107
24 111
24 112
24 114
24 120
24 121
24 136
24 157
24 160
24 161
24 165
24 168
24 169
24 175
24 182
24 186
24 189
24 191
24 192
24 195
24 197
24 202
24 208
24 212
24 225
24 226
24 229
24 234
24 235
24 242
25 31
25 32
25 37
25 38
25 43
25 55
25 60
25 69
25 70
25 79
25 81
25 86
25 88
25 89
25 92
25 93
25 96
25 97
25 101
25 106
25 123
25 124
25 148
25 151
25 164
25 178
25 191
25 192
25 217
25 225
25 244
26 30
26 31
26 32
26 33
26 34
26 36
26 39
26 46
26 49
26 51
26 53
26 55
26 63
26 66
26 67
26 73
26 77
26 79
26 84
26 88
26 95
26 100
26 110
26 112
26 119
26 167
26 188
26 191
26 211
26 215
26 217
26 222
26 234
26 236
27 28
27 29
27 30
27 32
27 33
27 37
27 56
27 61
27 75
27 80
27 89
27 96
27 127
27 129
27 130
27 146
27 249
28 32
28 33
28 38
28 40
28 48
28 53
28 55
28 77
28 107
28 110
28 112
28 176
28 238
29 32
29 34
29 35
29 36
29 38
29 57
29 67
29 71
29 80
29 84
29 93
29 97
29 124
29 161
29 164
29 176
29 184
29 195
30 35
30 36
30 38
30 59
30 72
30 79
30 80
30 110
30 214
30 223
30 235
31 33
31 36
31 44
31 47
31 50
31 55
31 59
31 74
31 131
32 35
32 37
32 38
32 40
32 41
32 47
32 52
32 54
32 55
32 56
32 60
32 69
32 71
32 80
32 90
32 98
32 112
32 113
32 122
32 129
32 131
32 133
32 137
32 139
32 144
32 148
32 149
32 151
32 163
32 170
32 199
32 207
32 211
32 255
33 34
33 37
33 38
33 39
33 40
33 41
33 42
33 43
33 44
33 50
33 53
33 54
33 55
33 57
33 59
33 62
33 65
33 68
33 69
33 70
33 73
33 77
33 86
33 88
33 99
33 100
33 101
33 104
33 117
33 132
33 134
33 139
33 140
33 151
33 153
33 171
33 173
33 182
33 185
33 189
33 193
33 194
33 197
33 200
33 203
33 206
33 221
33 227
33 233
33 235
33 249
33 254
34 35
34 39
34 43
34 50
34 54
34 56
34 58
34 71
34 79
34 82
34 83
34 85
34 94
34 105
34 106
34 115
34 123
34 135
34 138
34 144
34 147
34 149
34 150
34 165
34 166
34 173
34 174
34 183
34 203
34 205
34 216
34 227
34 233
34 234
34 244
35 36
35 37
35 41
35 43
35 48
35 51
35 53
35 58
35 59
35 60
35 62
35 64
35 65
35 70
35 72
35 75
35 81
35 83
35 85
35 88
35 91
35 94
35 97
35 100
35 112
35 123
35 124
35 128
35 134
35 136
35 138
35 139
35 142
35 150
35 153
35 158
35 165
35 173
35 182
35 187
35 191
35 192
35 205
35 206
35 208
35 228
35 245
35 247
35 251
36 38
36 42
36 43
36 45
36 46
36 47
36 51
36 53
36 62
36 65
36 72
36 74
36 79
36 87
36 93
36 94
36 99
36 110
36 115
36 118
36 122
36 132
36 138
36 141
36 148
36 150
36 151
36 154
36 161
36 163
36 164
36 166
36 168
36 169
36 174
36 176
36 186
36 195
36 199
36 207
36 218
36 219
36 230
36 239
37 39
37 40
37 41
37 52
37 57
37 58
37 59
37 60
37 61
37 62
37 64
37 68
37 69
37 76
37 80
37 85
37 86
37 96
37 97
37 99
37 105
37 106
37 111
37 116
37 119
37 120
37 121
37 123
37 125
37 136
37 140
37 149
37 152
37 160
37 162
37 165
37 170
37 181
37 183
37 184
37 198
37 203
37 207
37 224
37 238
37 250
38 40
38 41
38 42
38 48
38 49
38 51
38 52
38 53
38 57
38 59
38 65
38 66
38 67
38 68
38 71
38 77
38 79
38 84
38 87
38 96
38 116
38 120
38 122
38 126
38 128
38 129
38 130
38 133
38 139
38 142
38 147
38 148
38 157
38 168
38 173
38 180
38 182
38 186
38 189
38 192
38 198
38 206
38 209
38 210
38 235
38 249
39 43
39 44
39 46
39 47
39 51
39 56
39 59
39 60
39 61
39 63
39 64
39 69
39 70
39 72
39 74
39 78
39 79
39 82
39 83
39 84
39 85
39 90
39 92
39 95
39 98
39 100
39 101
39 105
39 106
39 108
39 121
39 122
39 128
39 133
39 135
39 137
39 143
39 145
39 147
39 148
39 151
39 168
39 170
39 179
39 184
39 186
39 190
39 197
39 201
39 205
39 212
39 216
39 228
39 229
39 240
39 242
39 247
40 41
40 48
40 49
40 51
40 52
40 58
40 61
40 62
40 78
40 87
40 89
40 90
40 98
40 100
40 106
40 110
40 111
40 118
40 122
40 125
40 129
40 130
40 137
40 138
40 140
40 141
40 148
40 153
40 167
40 169
40 177
40 179
40 180
40 181
40 188
40 193
40 196
40 199
40 205
40 206
40 214
40 221
40 224
40 225
40 232
40 235
40 237
40 241
40 245
40 246
41 44
41 46
41 48
41 49
41 50
41 55
41 58
41 62
41 65
41 72
41 78
41 86
41 89
41 92
41 98
41 100
41 103
41 109
41 120
41 123
41 125
41 129
41 145
41 152
41 153
41 154
41 160
41 164
41 166
41 169
41 179
41 180
41 183
41 187
41 196
41 207
41 213
41 214
41 220
41 221
41 226
41 236
41 246
41 248
41 250
41 253
41 254
42 59
42 61
42 65
42 69
42 74
42 81
42 83
42 85
42 95
42 110
42 127
42 132
42 142
42 149
42 161
42 172
42 183
42 187
42 192
42 198
42 207
42 251
43 45
43 46
43 49
43 52
43 54
43 56
43 62
43 64
43 66
43 71
43 73
43 74
43 89
43 98
43 107
43 108
43 118
43 142
43 148
43 150
43 162
43 182
43 189
43 200
43 226
43 233
43 239
43 242
44 47
44 49
44 52
44 54
44 57
44 58
44 60
44 61
44 64
44 66
44 70
44 84
44 86
44 93
44 97
44 101
44 104
44 105
44 107
44 115
44 125
44 132
44 134
44 140
44 143
44 145
44 147
44 151
44 159
44 161
44 164
44 167
44 179
44 204
44 206
44 213
44 216
44 233
44 235
44 238
44 239
45 49
45 50
45 54
45 59
45 64
45 68
45 78
45 95
45 107
45 111
45 112
45 120
45 121
45 124
45 129
45 132
45 135
45 153
45 154
45 156
45 164
45 167
45 183
45 184
45 185
45 187
45 194
45 197
45 200
45 213
45 214
45 222
45 237
45 243
45 245
46 51
46 53
46 57
46 58
46 71
46 73
46 90
46 91
46 97
46 100
46 111
46 115
46 117
46 133
46 137
46 145
46 156
46 174
46 179
46 191
46 203
46 220
46 223
46 245
47 50
47 59
47 71
47 72
47 82
47 92
47 94
47 101
47 103
47 104
47 106
47 112
47 114
47 121
47 125
47 127
47 128
47 133
47 143
47 144
47 172
47 183
47 184
47 189
47 192
47 194
47 207
47 208
47 211
47 218
47 219
47 222
47 226
47 227
48 50
48 51
48 54
48 63
48 64
48 65
48 66
48 69
48 81
48 86
48 88
48 92
48 93
48 99
48 103
48 107
48 108
48 118
48 123
48 124
48 138
48 151
48 161
48 162
48 169
48 205
48 226
48 229
48 232
48 249
49 56
49 62
49 74
49 77
49 78
49 83
49 100
49 113
49 115
49 126
49 127
49 130
49 142
49 154
49 163
49 167
49 168
49 169
49 174
49 177
49 178
49 183
49 217
49 221
49 222
49 249
49 254
50 55
50 78
50 79
50 90
50 99
50 109
50 113
50 146
50 152
50 155
50 171
50 177
50 180
50 183
50 190
50 196
50 199
50 204
50 213
50 225
50 234
50 239
50 243
50 249
50 253
51 63
51 65
51 73
51 77
51 102
51 103
51 105
51 125
51 131
51 133
51 134
51 140
51 142
51 164
51 187
51 198
51 209
51 224
51 238
51 244
52 57
52 62
52 64
52 67
52 70
52 76
52 86
52 88
52 93
52 106
52 108
52 144
52 159
52 164
52 165
52 169
52 199
52 200
52 207
52 212
52 230
52 237
52 247
53 57
53 66
53 71
53 77
53 82
53 94
53 95
53 108
53 111
53 113
53 114
53 125
53 127
53 131
53 138
53 142
53 143
53 146
53 155
53 163
53 174
53 178
53 223
53 239
53 248
53 251
53 255
54 60
54 62
54 63
54 66
54 71
54 75
54 93
54 95
54 113
54 119
54 127
54 229
54 235
54 248
55 64
55 66
55 81
55 102
55 106
55 108
55 123
55 129
55 141
55 143
55 150
55 155
55 159
55 160
55 163
55 168
55 177
55 215
55 219
56 64
56 66
56 76
56 86
56 97
56 102
56 111
56 140
56 155
56 171
56 178
56 190
56 210
56 238
56 250
57 63
57 112
57 115
57 212
58 63
58 65
58 85
58 117
58 119
58 153
58 160
58 215
58 251
59 66
59 75
59 78
59 80
59 107
59 119
59 126
59 132
59 157
59 158
59 163
59 207
59 242
60 99
60 105
60 128
60 130
60 222
61 67
61 71
61 73
61 78
61 82
61 104
61 106
61 120
61 186
62 72
62 90
62 124
62 177
62 210
63 72
63 76
63 103
63 142
63 157
63 241
64 72
64 73
64 79
64 81
64 84
64 94
64 102
64 109
64 113
64 116
64 117
64 118
64 123
64 125
64 128
64 130
64 131
64 135
64 136
64 140
64 148
64 150
64 153
64 154
64 159
64 165
64 167
64 172
64 181
64 184
64 187
64 193
64 212
64 215
64 224
64 225
64 226
64 232
64 234
64 235
64 237
65 74
65 85
65 86
65 122
65 124
65 142
65 206
65 232
66 70
66 75
66 83
66 92
66 95
66 106
66 107
66 113
66 125
66 131
66 138
66 143
66 147
66 148
66 160
66 161
66 173
66 198
66 218
66 233
66 236
67 77
67 80
67 81
67 83
67 85
67 90
67 91
67 101
67 104
67 117
67 127
67 144
67 145
67 149
67 167
67 191
67 192
67 199
67 207
67 209
67 212
67 234
67 240
67 242
67 246
67 251
67 252
68 69
68 76
68 78
68 85
68 99
68 100
68 116
68 122
68 138
68 149
68 167
68 187
68 206
68 221
68 251
69 74
69 75
69 76
69 88
69 91
69 93
69 101
69 102
69 104
69 105
69 109
69 119
69 121
69 122
69 127
69 131
69 132
69 134
69 137
69 150
69 152
69 154
69 180
69 188
69 189
69 191
69 195
69 196
69 202
69 209
69 213
69 218
69 225
69 227
69 228
69 229
69 234
69 251
69 253
69 254
70 81
70 92
70 101
70 102
70 112
70 128
70 132
70 140
70 141
70 145
70 148
70 151
70 162
70 185
70 187
70 194
70 203
70 207
70 208
70 218
70 225
70 229
70 230
71 78
71 94
71 97
71 113
71 116
71 118
71 122
71 130
71 134
71 139
71 145
71 156
71 177
71 182
71 195
71 197
71 202
71 205
71 210
71 211
71 213
71 220
71 228
71 230
71 235
72 91
72 96
72 112
72 124
72 128
72 144
72 158
72 165
72 182
72 185
72 201
72 208
72 211
72 241
73 77
73 79
73 88
73 94
73 95
73 100
73 101
73 105
73 108
73 111
73 116
73 121
73 124
73 128
73 130
73 134
73 144
73 145
73 147
73 152
73 176
73 200
74 75
74 95
74 97
74 98
74 105
74 111
74 119
74 120
74 131
74 135
74 152
74 181
74 185
74 195
74 201
74 209
74 217
74 231
75 79
75 87
75 88
75 90
75 103
75 165
75 170
75 186
75 188
75 193
75 246
76 80
76 93
76 94
76 99
76 103
76 104
76 114
76 117
76 141
76 155
76 177
76 178
76 181
76 196
76 210
76 220
76 244
76 246
77 80
77 90
77 95
77 99
77 116
77 118
77 129
77 130
77 139
77 152
77 162
77 170
77 194
77 221
77 250
77 255
78 89
78 100
78 116
78 136
78 137
78 143
78 145
78 155
78 167
78 170
78 185
78 216
78 217
78 218
78 222
78 236
79 83
79 90
79 103
79 112
79 120
79 129
79 134
79 138
79 139
79 162
79 172
79 202
79 206
79 213
79 215
79 224
79 225
79 236
79 241
79 242
80 96
80 113
80 127
80 136
80 154
80 175
80 189
80 200
80 212
80 240
81 83
81 86
81 110
81 114
81 123
81 157
81 165
81 188
81 194
81 213
81 255
82 87
82 96
82 119
82 123
82 140
82 164
82 173
82 178
82 182
82 214
82 230
82 250
82 253
83 89
83 96
83 103
83 138
83 144
83 149
83 214
83 254
84 105
84 109
84 125
84 135
84 147
84 193
84 217
84 228
84 239
85 86
85 114
85 126
85 148
85 195
85 196
85 211
85 246
85 251
86 92
86 112
86 126
86 134
86 148
86 151
86 158
86 159
86 160
86 172
86 173
86 175
86 192
86 203
86 249
87 89
87 114
87 119
87 122
87 143
87 163
87 170
87 194
87 195
87 228
87 255
88 92
88 95
88 124
88 170
88 171
88 198
88 213
88 228
88 237
88 248
89 90
89 117
89 156
89 162
89 196
89 202
89 238
90 138
90 141
90 168
90 174
90 196
90 205
90 215
91 109
91 111
91 123
91 180
91 212
91 213
92 99
92 150
92 157
92 171
93 161
93 242
94 97
94 134
94 137
94 189
94 239
95 110
95 157
96 109
96 114
96 129
96 146
96 147
96 154
96 175
96 188
96 199
96 230
96 232
96 253
96 255
97 106
97 111
97 115
97 119
97 126
97 127
97 149
97 182
97 186
97 198
97 200
97 201
97 209
97 215
97 235
97 243
97 255
98 103
98 107
98 108
98 115
98 116
98 123
98 142
98 144
98 146
98 156
98 166
98 180
98 184
98 199
98 201
98 210
98 216
98 237
98 241
98 253
99 102
99 108
99 115
99 118
99 121
99 129
99 132
99 133
99 142
99 151
99 170
99 187
99 215
99 220
99 228
99 248
100 113
100 117
100 159
100 184
100 186
100 214
100 231
100 236
101 114
101 154
101 159
101 173
101 175
101 192
101 204
101 231
101 233
101 241
102 112
102 127
102 130
102 133
102 136
102 140
102 146
102 157
102 168
102 175
102 187
102 190
102 195
102 232
102 233
102 247
103 148
103 166
103 178
103 197
103 204
103 223
103 227
103 239
104 107
104 118
104 137
104 152
104 157
104 164
104 175
104 229
104 251
105 117
105 125
105 144
105 159
105 181
105 188
105 193
105 198
105 199
106 113
106 115
106 117
106 139
106 164
106 171
106 173
106 183
106 237
106 247
107 153
107 158
107 171
107 172
107 185
107 209
107 221
107 233
107 255
108 118
108 124
108 125
108 131
108 132
108 135
108 136
108 138
108 143
108 149
108 162
108 170
108 172
108 173
108 181
108 186
108 200
108 204
108 210
108 211
108 221
108 231
108 247
109 128
109 129
109 152
109 177
109 183
109 234
109 240
109 247
109 250
109 254
110 115
110 122
110 168
110 214
110 224
110 246
111 114
111 145
111 156
111 200
111 202
111 235
111 236
111 248
112 136
112 139
112 158
112 167
112 188
112 195
112 201
112 208
112 226
112 227
112 249
113 117
113 121
113 122
113 130
113 137
113 146
113 158
113 163
113 174
113 216
113 231
113 233
113 245
114 117
114 118
114 125
114 155
114 163
114 164
114 183
114 189
114 219
114 223
114 230
115 143
115 158
115 171
115 173
115 174
115 175
115 180
115 184
115 242
116 132
116 188
116 214
116 219
116 234
116 237
117 162
117 203
117 207
117 212
117 213
117 228
118 182
118 222
118 247
119 163
119 219
120 163
120 196
120 238
121 133
121 169
121 213
121 249
122 162
122 216
122 243
122 246
123 157
123 182
123 196
123 220
124 164
124 225
124 234
125 135
125 150
125 174
125 210
125 214
126 127
126 170
127 133
127 144
127 222
127 248
128 129
128 137
128 150
128 153
128 183
128 197
128 203
128 231
128 245
129 153
129 175
129 185
129 203
129 204
129 205
129 217
130 133
130 137
130 149
130 150
130 151
130 179
130 197
130 233
131 132
131 141
132 135
132 140
132 147
132 154
132 156
132 171
132 191
132 198
132 206
132 208
132 218
132 222
132 235
132 250
133 197
133 248
134 144
134 148
134 150
134 166
134 172
134 209
134 219
134 231
134 238
135 136
135 164
135 175
135 181
135 191
135 192
135 199
135 206
135 217
135 220
135 231
135 232
136 142
136 146
136 149
136 160
136 175
136 191
136 192
136 218
136 226
136 228
136 231
136 240
136 253
137 171
137 172
137 177
137 190
137 202
137 205
137 209
137 214
137 243
137 251
138 141
138 143
138 153
138 154
138 170
138 180
138 187
138 194
138 198
138 205
138 209
138 231
138 243
138 244
138 245
138 248
139 145
139 151
139 158
139 160
139 168
139 188
140 142
140 146
140 153
140 160
140 165
140 175
140 181
140 182
140 192
140 195
140 197
140 201
140 205
140 229
141 145
141 155
141 161
141 169
141 215
141 236
141 244
141 245
142 156
142 157
142 174
142 176
142 204
142 211
142 223
142 238
142 253
142 255
143 145
143 147
143 155
143 157
143 160
143 167
143 176
143 177
143 187
143 194
143 195
143 204
143 215
143 216
143 219
143 227
143 248
144 188
144 199
144 239
144 241
145 166
145 167
145 179
145 236
145 238
145 250
146 149
146 189
146 190
146 233
146 241
147 177
147 216
148 155
148 174
148 177
148 189
148 216
148 251
149 158
149 201
149 202
149 206
149 210
149 225
150 174
150 178
150 221
151 252
152 160
152 168
152 171
152 176
152 184
152 221
153 156
153 207
153 208
153 223
153 247
154 186
154 226
154 240
155 179
155 189
155 201
156 161
156 207
158 179
158 184
158 247
159 170
159 250
160 162
160 175
160 177
160 180
160 211
160 231
161 171
161 181
161 190
161 244
162 204
162 208
163 166
163 176
163 178
163 219
163 239
163 244
163 254
164 217
164 224
164 250
165 178
165 194
165 211
165 232
166 193
166 218
166 229
166 237
167 185
167 188
167 208
167 211
167 220
167 226
167 232
167 243
167 247
168 175
168 205
168 224
168 230
169 172
169 173
169 232
169 247
170 181
170 182
170 188
170 209
170 219
170 235
171 184
171 187
171 224
171 244
172 187
172 190
172 221
172 241
173 176
173 196
173 200
173 208
173 210
173 217
173 219
173 220
173 240
174 178
174 180
174 190
174 193
174 201
174 242
174 249
174 251
175 197
175 210
175 215
175 225
175 230
175 246
176 202
176 227
176 253
177 193
177 205
177 227
177 240
178 191
178 201
179 210
179 212
179 228
180 195
180 196
180 218
180 252
181 201
181 213
181 223
181 239
181 248
182 212
182 233
182 243
183 186
184 193
184 220
185 226
185 242
186 210
186 248
187 237
188 244
190 221
192 212
192 222
192 249
193 200
193 231
193 250
193 253
194 198
194 227
194 237
195 239
195 240
196 203
196 208
196 238
197 204
197 232
197 241
197 248
198 199
198 217
198 226
198 236
199 211
199 212
200 204
200 211
200 254
201 235
201 243
201 255
202 211
202 252
203 216
203 244
204 210
204 212
204 216
205 229
206 224
207 218
207 229
208 220
208 240
210 235
211 224
213 214
213 223
213 251
214 223
214 229
214 252
215 246
216 249
216 252
219 245
220 240
220 243
224 252
225 227
226 232
226 251
226 255
231 237
231 241
233 242
233 244
234 240
235 249
236 237
238 254
250 255
251 255
