0 15 0.01
0 16 0.001
0 17 0.1
0 18 0.1
0 21 0.001
0 23 0.1
0 24 0.1
0 25 0.01
0 27 0.001
0 28 0.1
0 29 0.001
0 30 0.1
0 32 0.01
0 33 0.001
0 34 0.01
0 36 0.1
0 39 0.001
0 40 0.01
0 42 0.001
0 64 0.01
0 70 0.1
0 71 0.001
0 72 0.01
0 75 0.001
0 76 0.1
0 78 0.001
0 80 0.1
0 81 0.001
0 86 0.01
0 89 0.1
0 91 0.01
0 99 0.1
0 107 0.01
0 108 0.001
0 123 0.01
0 125 0.001
0 126 0.001
0 127 0.001
0 154 0.001
0 162 0.1
0 163 0.01
0 166 0.01
0 170 0.001
0 171 0.1
0 173 0.1
0 176 0.001
0 177 0.001
0 197 0.001
0 198 0.01
0 199 0.01
0 208 0.01
0 210 0.1
0 217 0.001
0 219 0.1
0 223 0.001
0 226 0.001
0 230 0.001
0 233 0.01
0 236 0.1
0 240 0.01
0 251 0.01
1 15 0.1
1 16 0.1
1 17 0.1
1 18 0.001
1 19 0.01
1 20 0.1
1 21 0.1
1 22 0.001
1 24 0.1
1 27 0.1
1 32 0.01
1 35 0.1
1 36 0.001
1 39 0.01
1 40 0.1
1 41 0.1
1 43 0.01
1 45 0.1
1 47 0.001
1 50 0.001
1 53 0.1
1 62 0.1
1 73 0.01
1 77 0.1
1 78 0.001
1 79 0.01
1 81 0.01
1 83 0.001
1 87 0.001
1 88 0.001
1 91 0.01
1 129 0.01
1 130 0.001
1 134 0.1
1 137 0.01
1 141 0.001
1 152 0.001
1 153 0.01
1 156 0.001
1 158 0.001
1 168 0.001
1 179 0.1
1 186 0.1
1 187 0.1
1 196 0.001
1 199 0.1
1 200 0.1
1 202 0.1
1 203 0.01
1 206 0.01
1 213 0.01
1 215 0.001
1 216 0.1
1 220 0.001
1 221 0.001
1 230 0.001
1 233 0.1
1 241 0.01
1 242 0.1
1 245 0.01
1 251 0.01
1 252 0.1
2 15 0.001
2 16 0.01
2 17 0.001
2 18 0.1
2 19 0.1
2 20 0.01
2 21 0.001
2 22 0.001
2 24 0.1
2 25 0.001
2 26 0.01
2 27 0.001
2 28 0.01
2 31 0.1
2 33 0.1
2 34 0.001
2 36 0.01
2 38 0.001
2 39 0.001
2 40 0.01
2 42 0.01
2 43 0.1
2 47 0.01
2 55 0.1
2 56 0.01
2 65 0.001
2 69 0.001
2 72 0.01
2 73 0.001
2 74 0.1
2 77 0.01
2 82 0.1
2 87 0.001
2 94 0.01
2 95 0.1
2 97 0.1
2 108 0.001
2 115 0.001
2 117 0.001
2 122 0.001
2 124 0.01
2 126 0.01
2 130 0.001
2 134 0.001
2 139 0.001
2 147 0.01
2 163 0.01
2 166 0.001
2 169 0.1
2 170 0.01
2 177 0.1
2 181 0.001
2 182 0.001
2 185 0.1
2 198 0.1
2 199 0.001
2 201 0.1
2 205 0.01
2 216 0.001
2 223 0.1
2 227 0.001
2 249 0.001
2 251 0.01
3 15 0.001
3 16 0.01
3 17 0.1
3 18 0.1
3 19 0.001
3 20 0.01
3 22 0.1
3 23 0.1
3 24 0.1
3 25 0.1
3 26 0.01
3 27 0.001
3 28 0.01
3 30 0.1
3 31 0.1
3 32 0.1
3 40 0.01
3 43 0.1
3 45 0.1
3 48 0.1
3 51 0.1
3 52 0.001
3 53 0.01
3 55 0.001
3 58 0.001
3 66 0.1
3 68 0.1
3 73 0.001
3 78 0.1
3 85 0.001
3 112 0.01
3 118 0.001
3 120 0.001
3 125 0.01
3 132 0.001
3 138 0.1
3 140 0.1
3 147 0.1
3 151 0.1
3 153 0.001
3 154 0.001
3 160 0.1
3 174 0.001
3 179 0.1
3 206 0.1
3 210 0.1
3 232 0.1
3 254 0.1
4 15 0.001
4 16 0.01
4 17 0.001
4 18 0.01
4 19 0.1
4 20 0.01
4 21 0.1
4 22 0.001
4 26 0.01
4 32 0.01
4 33 0.001
4 36 0.1
4 37 0.01
4 38 0.001
4 40 0.001
4 41 0.001
4 48 0.001
4 49 0.1
4 50 0.01
4 64 0.01
4 65 0.1
4 71 0.01
4 72 0.001
4 82 0.1
4 83 0.001
4 87 0.001
4 90 0.001
4 99 0.1
4 101 0.01
4 113 0.001
4 118 0.001
4 119 0.1
4 131 0.01
4 137 0.1
4 141 0.01
4 142 0.1
4 147 0.001
4 150 0.1
4 151 0.001
4 152 0.001
4 156 0.1
4 158 0.001
4 159 0.1
4 167 0.001
4 168 0.01
4 170 0.001
4 171 0.1
4 175 0.01
4 187 0.01
4 193 0.001
4 204 0.01
4 206 0.01
4 208 0.01
4 209 0.1
4 215 0.01
4 220 0.01
4 227 0.1
4 238 0.001
4 239 0.1
4 240 0.1
5 15 0.1
5 16 0.1
5 17 0.1
5 18 0.001
5 19 0.001
5 20 0.01
5 21 0.001
5 23 0.01
5 24 0.001
5 25 0.1
5 26 0.001
5 28 0.001
5 31 0.01
5 32 0.001
5 33 0.1
5 35 0.01
5 43 0.1
5 44 0.1
5 49 0.001
5 54 0.01
5 56 0.1
5 57 0.01
5 59 0.01
5 67 0.01
5 72 0.001
5 73 0.01
5 77 0.01
5 84 0.001
5 90 0.001
5 91 0.01
5 95 0.01
5 102 0.1
5 109 0.001
5 113 0.001
5 118 0.001
5 127 0.01
5 128 0.01
5 132 0.01
5 136 0.01
5 141 0.1
5 156 0.1
5 165 0.001
5 166 0.01
5 183 0.001
5 185 0.001
5 192 0.01
5 199 0.1
5 209 0.1
5 210 0.1
5 212 0.01
5 216 0.01
5 238 0.001
5 245 0.01
5 251 0.001
6 15 0.1
6 17 0.01
6 18 0.001
6 22 0.1
6 23 0.001
6 25 0.01
6 26 0.001
6 30 0.01
6 32 0.1
6 49 0.1
6 55 0.01
6 60 0.001
6 65 0.01
6 79 0.001
6 83 0.001
6 87 0.1
6 93 0.01
6 98 0.001
6 104 0.1
6 105 0.001
6 110 0.1
6 117 0.1
6 119 0.1
6 121 0.1
6 123 0.001
6 130 0.1
6 149 0.1
6 150 0.001
6 171 0.1
6 179 0.01
6 181 0.001
6 182 0.001
6 183 0.1
6 195 0.01
6 204 0.01
6 211 0.01
6 220 0.01
6 238 0.1
6 245 0.001
6 248 0.001
7 15 0.001
7 16 0.001
7 17 0.01
7 18 0.001
7 19 0.001
7 20 0.1
7 22 0.001
7 23 0.001
7 25 0.01
7 26 0.01
7 29 0.001
7 30 0.01
7 34 0.01
7 37 0.001
7 40 0.01
7 54 0.01
7 62 0.1
7 73 0.01
7 85 0.001
7 95 0.1
7 99 0.1
7 101 0.001
7 104 0.001
7 105 0.01
7 107 0.1
7 110 0.1
7 120 0.1
7 125 0.001
7 126 0.01
7 134 0.001
7 135 0.001
7 143 0.001
7 145 0.01
7 147 0.01
7 167 0.001
7 188 0.01
7 200 0.01
7 205 0.001
7 211 0.1
7 227 0.001
7 230 0.1
7 231 0.1
7 235 0.01
7 246 0.1
7 249 0.1
7 250 0.01
8 15 0.1
8 16 0.001
8 21 0.1
8 24 0.01
8 26 0.1
8 29 0.01
8 30 0.01
8 32 0.001
8 37 0.1
8 38 0.1
8 43 0.01
8 44 0.1
8 45 0.1
8 46 0.1
8 48 0.1
8 50 0.001
8 52 0.1
8 56 0.1
8 57 0.001
8 58 0.01
8 59 0.001
8 60 0.001
8 64 0.001
8 69 0.001
8 70 0.1
8 74 0.001
8 89 0.001
8 91 0.001
8 93 0.001
8 104 0.001
8 108 0.01
8 114 0.001
8 118 0.01
8 132 0.001
8 135 0.01
8 141 0.001
8 148 0.1
8 151 0.01
8 152 0.01
8 153 0.1
8 180 0.001
8 185 0.1
8 197 0.001
8 212 0.01
8 226 0.001
8 238 0.001
8 243 0.01
8 250 0.1
9 15 0.1
9 16 0.001
9 17 0.1
9 18 0.01
9 19 0.001
9 21 0.01
9 22 0.01
9 23 0.1
9 24 0.01
9 25 0.01
9 27 0.1
9 34 0.01
9 35 0.1
9 37 0.01
9 40 0.01
9 41 0.001
9 44 0.1
9 45 0.01
9 46 0.1
9 47 0.01
9 48 0.1
9 49 0.1
9 51 0.001
9 52 0.1
9 53 0.01
9 55 0.001
9 57 0.001
9 58 0.1
9 63 0.01
9 71 0.001
9 78 0.001
9 80 0.01
9 85 0.1
9 88 0.001
9 92 0.001
9 100 0.01
9 101 0.01
9 103 0.01
9 106 0.1
9 119 0.001
9 122 0.1
9 124 0.01
9 126 0.001
9 131 0.01
9 143 0.01
9 145 0.01
9 153 0.001
9 155 0.001
9 158 0.01
9 159 0.001
9 166 0.01
9 168 0.01
9 171 0.01
9 172 0.001
9 176 0.01
9 180 0.01
9 183 0.01
9 184 0.1
9 193 0.001
9 194 0.1
9 195 0.1
9 210 0.1
9 219 0.1
9 227 0.01
9 233 0.001
9 237 0.01
9 244 0.001
10 15 0.01
10 16 0.01
10 17 0.01
10 21 0.001
10 24 0.1
10 28 0.01
10 29 0.01
10 37 0.001
10 41 0.01
10 42 0.01
10 49 0.001
10 51 0.001
10 57 0.001
10 58 0.01
10 59 0.001
10 61 0.001
10 66 0.01
10 70 0.01
10 75 0.1
10 77 0.001
10 86 0.1
10 110 0.01
10 123 0.1
10 129 0.1
10 143 0.001
10 148 0.01
10 176 0.1
10 209 0.001
10 229 0.1
11 15 0.001
11 16 0.001
11 17 0.01
11 18 0.001
11 19 0.1
11 20 0.1
11 21 0.1
11 22 0.1
11 23 0.001
11 24 0.01
11 27 0.1
11 29 0.1
11 30 0.01
11 31 0.001
11 33 0.001
11 34 0.1
11 36 0.1
11 37 0.001
11 38 0.01
11 40 0.01
11 42 0.1
11 44 0.01
11 52 0.001
11 55 0.01
11 57 0.1
11 66 0.001
11 67 0.001
11 68 0.01
11 77 0.001
11 80 0.1
11 88 0.01
11 100 0.01
11 103 0.001
11 109 0.001
11 120 0.001
11 121 0.01
11 125 0.1
11 140 0.01
11 143 0.1
11 146 0.1
11 162 0.1
11 171 0.01
11 172 0.01
11 180 0.1
11 187 0.01
11 188 0.1
11 197 0.1
11 198 0.1
11 204 0.01
11 217 0.01
11 224 0.001
11 225 0.001
11 227 0.01
11 234 0.01
11 247 0.001
11 249 0.001
12 15 0.1
12 16 0.01
12 19 0.01
12 20 0.01
12 23 0.1
12 24 0.01
12 25 0.01
12 26 0.001
12 27 0.1
12 29 0.01
12 30 0.1
12 35 0.01
12 37 0.1
12 38 0.001
12 39 0.01
12 45 0.1
12 46 0.01
12 47 0.1
12 51 0.001
12 54 0.01
12 56 0.01
12 58 0.001
12 64 0.01
12 70 0.01
12 72 0.001
12 73 0.01
12 75 0.001
12 76 0.001
12 88 0.01
12 89 0.001
12 90 0.1
12 91 0.1
12 98 0.001
12 101 0.1
12 126 0.001
12 128 0.1
12 131 0.001
12 132 0.01
12 146 0.1
12 148 0.001
12 150 0.1
12 163 0.001
12 167 0.001
12 171 0.01
12 172 0.01
12 174 0.01
12 175 0.01
12 177 0.1
12 182 0.1
12 190 0.01
12 203 0.01
12 211 0.001
12 215 0.1
12 220 0.01
12 225 0.001
12 237 0.01
12 247 0.001
12 249 0.1
13 15 0.1
13 16 0.001
13 17 0.1
13 18 0.01
13 19 0.001
13 20 0.001
13 21 0.01
13 22 0.1
13 23 0.001
13 27 0.1
13 29 0.1
13 30 0.1
13 32 0.001
13 33 0.01
13 35 0.001
13 36 0.001
13 37 0.001
13 41 0.001
13 43 0.01
13 44 0.1
13 45 0.1
13 46 0.001
13 48 0.1
13 49 0.1
13 56 0.001
13 60 0.1
13 65 0.01
13 69 0.1
13 70 0.001
13 71 0.1
13 74 0.1
13 80 0.001
13 82 0.1
13 93 0.1
13 95 0.001
13 112 0.01
13 117 0.1
13 122 0.001
13 156 0.01
13 173 0.001
13 178 0.01
13 181 0.001
13 186 0.001
13 193 0.001
13 206 0.01
13 207 0.01
13 211 0.001
13 214 0.1
13 218 0.1
13 221 0.01
13 230 0.001
13 237 0.01
13 238 0.01
13 252 0.1
14 15 0.001
14 16 0.1
14 17 0.001
14 18 0.01
14 19 0.1
14 20 0.1
14 22 0.1
14 23 0.01
14 27 0.001
14 28 0.001
14 31 0.001
14 33 0.001
14 34 0.001
14 35 0.01
14 36 0.01
14 41 0.001
14 42 0.01
14 48 0.1
14 51 0.1
14 54 0.001
14 56 0.1
14 58 0.01
14 59 0.01
14 60 0.01
14 63 0.1
14 66 0.01
14 71 0.1
14 85 0.001
14 86 0.001
14 87 0.001
14 89 0.01
14 94 0.001
14 99 0.001
14 104 0.1
14 106 0.001
14 109 0.001
14 115 0.1
14 118 0.1
14 125 0.01
14 127 0.01
14 148 0.1
14 165 0.1
14 180 0.1
14 190 0.001
14 196 0.1
14 197 0.1
14 202 0.1
14 224 0.01
14 241 0.001
14 248 0.001
15 16 0.1
15 17 0.001
15 18 0.01
15 19 0.001
15 20 0.1
15 21 0.1
15 22 0.1
15 23 0.001
15 24 0.001
15 25 0.01
15 26 0.001
15 27 0.01
15 28 0.001
15 29 0.01
15 30 0.01
15 31 0.01
15 32 0.001
15 33 0.01
15 35 0.001
15 37 0.1
15 39 0.1
15 43 0.001
15 45 0.01
15 47 0.001
15 50 0.1
15 51 0.001
15 52 0.1
15 53 0.001
15 55 0.01
15 56 0.1
15 57 0.001
15 59 0.01
15 60 0.1
15 64 0.001
15 65 0.1
15 69 0.001
15 70 0.1
15 72 0.01
15 74 0.01
15 77 0.01
15 79 0.01
15 80 0.01
15 81 0.1
15 82 0.01
15 83 0.01
15 85 0.01
15 86 0.01
15 89 0.01
15 90 0.1
15 93 0.1
15 96 0.01
15 99 0.01
15 101 0.1
15 103 0.1
15 105 0.01
15 113 0.001
15 115 0.01
15 116 0.001
15 117 0.01
15 119 0.01
15 121 0.01
15 123 0.1
15 124 0.01
15 126 0.1
15 129 0.001
15 131 0.1
15 132 0.1
15 133 0.01
15 134 0.01
15 140 0.1
15 142 0.01
15 144 0.001
15 145 0.001
15 148 0.1
15 156 0.1
15 163 0.001
15 165 0.1
15 166 0.1
15 167 0.1
15 169 0.1
15 173 0.01
15 174 0.001
15 176 0.1
15 179 0.01
15 183 0.1
15 184 0.01
15 185 0.01
15 189 0.01
15 191 0.1
15 198 0.01
15 205 0.1
15 206 0.001
15 208 0.01
15 210 0.01
15 217 0.01
15 218 0.1
15 227 0.1
15 231 0.01
15 233 0.01
15 235 0.001
15 244 0.1
15 247 0.1
16 17 0.01
16 18 0.01
16 19 0.01
16 20 0.001
16 21 0.01
16 23 0.01
16 24 0.1
16 26 0.01
16 27 0.001
16 28 0.01
16 29 0.001
16 30 0.1
16 31 0.1
16 32 0.1
16 34 0.1
16 37 0.01
16 38 0.1
16 39 0.01
16 40 0.01
16 41 0.001
16 42 0.01
16 43 0.1
16 44 0.001
16 46 0.1
16 48 0.1
16 49 0.001
16 52 0.1
16 56 0.001
16 62 0.001
16 64 0.001
16 67 0.001
16 69 0.001
16 72 0.1
16 73 0.01
16 80 0.01
16 83 0.001
16 84 0.001
16 85 0.001
16 86 0.1
16 88 0.01
16 93 0.001
16 97 0.01
16 99 0.001
16 100 0.001
16 101 0.1
16 102 0.1
16 105 0.01
16 106 0.1
16 107 0.001
16 110 0.01
16 112 0.01
16 114 0.1
16 118 0.01
16 122 0.01
16 125 0.1
16 127 0.01
16 131 0.001
16 136 0.01
16 137 0.1
16 138 0.001
16 144 0.1
16 145 0.01
16 153 0.01
16 159 0.001
16 162 0.01
16 170 0.1
16 178 0.1
16 181 0.001
16 183 0.1
16 189 0.1
16 193 0.001
16 194 0.001
16 196 0.01
16 205 0.001
16 206 0.1
16 209 0.01
16 211 0.1
16 213 0.001
16 217 0.001
16 218 0.001
16 225 0.1
16 229 0.1
16 231 0.1
16 232 0.01
16 234 0.01
16 235 0.1
16 236 0.1
16 239 0.1
16 248 0.001
16 251 0.01
16 253 0.01
16 255 0.01
17 19 0.01
17 20 0.001
17 21 0.1
17 22 0.1
17 23 0.01
17 24 0.01
17 25 0.1
17 26 0.001
17 27 0.001
17 28 0.1
17 29 0.1
17 30 0.01
17 31 0.001
17 32 0.001
17 33 0.01
17 34 0.1
17 35 0.01
17 36 0.01
17 39 0.1
17 40 0.001
17 41 0.1
17 42 0.1
17 44 0.001
17 45 0.1
17 47 0.001
17 48 0.001
17 49 0.01
17 50 0.1
17 52 0.1
17 53 0.001
17 55 0.01
17 57 0.01
17 60 0.01
17 61 0.001
17 66 0.1
17 67 0.001
17 68 0.1
17 71 0.1
17 72 0.001
17 73 0.01
17 75 0.001
17 79 0.1
17 84 0.01
17 90 0.1
17 92 0.01
17 97 0.1
17 102 0.1
17 104 0.001
17 113 0.1
17 114 0.01
17 120 0.001
17 123 0.1
17 126 0.1
17 128 0.001
17 130 0.01
17 133 0.1
17 139 0.001
17 140 0.1
17 143 0.1
17 146 0.001
17 155 0.001
17 157 0.01
17 158 0.01
17 159 0.01
17 163 0.01
17 174 0.001
17 190 0.01
17 191 0.1
17 198 0.001
17 200 0.1
17 202 0.01
17 203 0.001
17 204 0.01
17 205 0.001
17 207 0.001
17 211 0.1
17 214 0.01
17 226 0.1
17 229 0.01
17 237 0.01
17 239 0.01
17 241 0.001
17 254 0.1
17 255 0.001
18 19 0.001
18 20 0.1
18 22 0.01
18 25 0.1
18 26 0.001
18 29 0.001
18 30 0.001
18 31 0.1
18 32 0.1
18 34 0.01
18 35 0.1
18 36 0.001
18 39 0.1
18 40 0.001
18 41 0.001
18 42 0.1
18 44 0.001
18 45 0.001
18 46 0.01
18 47 0.01
18 48 0.001
18 50 0.001
18 55 0.1
18 59 0.001
18 60 0.001
18 61 0.1
18 62 0.001
18 64 0.001
18 68 0.01
18 69 0.1
18 71 0.1
18 72 0.001
18 73 0.001
18 74 0.01
18 75 0.1
18 76 0.01
18 77 0.01
18 78 0.001
18 83 0.01
18 88 0.001
18 92 0.001
18 99 0.001
18 100 0.001
18 105 0.01
18 107 0.01
18 108 0.1
18 112 0.01
18 113 0.001
18 114 0.1
18 116 0.1
18 119 0.001
18 121 0.001
18 124 0.01
18 127 0.1
18 133 0.001
18 145 0.1
18 146 0.001
18 149 0.01
18 152 0.001
18 159 0.01
18 161 0.001
18 162 0.001
18 166 0.1
18 173 0.1
18 174 0.1
18 183 0.1
18 196 0.1
18 197 0.1
18 211 0.001
18 225 0.1
18 228 0.001
18 230 0.1
18 240 0.01
18 245 0.1
18 248 0.01
18 250 0.001
19 20 0.01
19 22 0.001
19 25 0.01
19 28 0.1
19 29 0.01
19 30 0.1
19 31 0.01
19 32 0.1
19 36 0.1
19 40 0.01
19 41 0.001
19 42 0.01
19 46 0.01
19 47 0.1
19 49 0.01
19 50 0.001
19 53 0.001
19 54 0.01
19 59 0.01
19 60 0.01
19 61 0.01
19 63 0.1
19 65 0.001
19 66 0.1
19 67 0.001
19 72 0.01
19 75 0.1
19 76 0.001
19 87 0.1
19 92 0.01
19 93 0.001
19 104 0.001
19 108 0.01
19 113 0.01
19 116 0.01
19 120 0.1
19 121 0.01
19 123 0.01
19 126 0.1
19 134 0.001
19 136 0.01
19 148 0.01
19 157 0.1
19 161 0.01
19 175 0.01
19 177 0.001
19 184 0.01
19 190 0.01
19 198 0.001
19 204 0.001
19 214 0.001
19 227 0.001
19 234 0.01
19 238 0.1
19 243 0.01
19 244 0.01
19 246 0.01
20 22 0.01
20 23 0.001
20 25 0.1
20 27 0.001
20 28 0.001
20 29 0.001
20 31 0.1
20 33 0.001
20 34 0.001
20 35 0.1
20 38 0.1
20 41 0.1
20 42 0.001
20 44 0.1
20 45 0.01
20 53 0.001
20 54 0.01
20 57 0.1
20 60 0.001
20 61 0.001
20 62 0.01
20 70 0.01
20 73 0.1
20 74 0.001
20 75 0.01
20 76 0.1
20 80 0.1
20 82 0.001
20 84 0.1
20 93 0.01
20 96 0.001
20 97 0.01
20 107 0.01
20 108 0.001
20 111 0.01
20 114 0.01
20 120 0.01
20 123 0.01
20 124 0.1
20 134 0.01
20 138 0.1
20 147 0.1
20 149 0.01
20 152 0.001
20 153 0.1
20 154 0.01
20 172 0.001
20 176 0.01
20 177 0.1
20 181 0.1
20 189 0.01
20 191 0.01
20 195 0.01
20 198 0.01
20 207 0.1
20 213 0.01
20 226 0.1
20 238 0.01
20 242 0.01
20 244 0.001
20 247 0.1
21 26 0.001
21 29 0.1
21 33 0.01
21 35 0.001
21 38 0.1
21 46 0.1
21 51 0.1
21 58 0.01
21 60 0.001
21 61 0.1
21 62 0.1
21 63 0.1
21 64 0.001
21 68 0.001
21 69 0.01
21 74 0.01
21 79 0.1
21 87 0.1
21 88 0.1
21 106 0.001
21 115 0.001
21 124 0.001
21 131 0.01
21 132 0.001
21 142 0.01
21 148 0.001
21 154 0.1
21 155 0.1
21 161 0.001
21 162 0.001
21 166 0.1
21 167 0.1
21 177 0.1
21 192 0.01
21 201 0.01
21 224 0.001
21 230 0.01
21 231 0.1
21 233 0.1
21 243 0.01
22 23 0.001
22 28 0.01
22 32 0.001
22 34 0.01
22 36 0.1
22 38 0.01
22 39 0.001
22 47 0.01
22 52 0.01
22 55 0.001
22 60 0.1
22 62 0.01
22 63 0.01
22 69 0.01
22 71 0.1
22 86 0.1
22 92 0.001
22 102 0.1
22 108 0.001
22 110 0.1
22 112 0.01
22 127 0.01
22 135 0.01
22 137 0.1
22 138 0.1
22 152 0.01
22 154 0.001
22 157 0.001
22 176 0.01
22 178 0.1
22 196 0.01
22 212 0.1
22 214 0.01
22 224 0.001
22 240 0.01
22 244 0.001
22 251 0.001
22 255 0.1
23 26 0.1
23 27 0.01
23 28 0.1
23 29 0.001
23 33 0.001
23 34 0.1
23 36 0.01
23 41 0.01
23 44 0.01
23 47 0.001
23 50 0.1
23 52 0.001
23 53 0.01
23 57 0.001
23 61 0.01
23 66 0.01
23 69 0.1
23 70 0.01
23 74 0.001
23 75 0.1
23 87 0.01
23 89 0.1
23 92 0.1
23 110 0.1
23 151 0.001
23 171 0.1
23 222 0.001
23 241 0.001
23 253 0.1
24 35 0.1
24 38 0.1
24 45 0.01
24 47 0.01
24 70 0.1
24 96 0.1
24 97 0.01
24 103 0.1
24 124 0.001
24 137 0.1
24 155 0.01
24 157 0.01
24 160 0.01
24 161 0.001
24 164 0.01
24 180 0.001
24 236 0.1
24 241 0.001
25 31 0.001
25 36 0.001
25 39 0.1
25 44 0.1
25 46 0.001
25 52 0.001
25 58 0.001
25 61 0.01
25 64 0.1
25 66 0.1
25 71 0.001
25 90 0.1
25 93 0.1
25 97 0.1
25 104 0.001
25 108 0.001
25 116 0.01
25 121 0.001
25 142 0.001
25 147 0.001
25 163 0.001
25 165 0.1
25 181 0.1
25 232 0.001
26 28 0.001
26 31 0.1
26 33 0.001
26 34 0.001
26 35 0.01
26 36 0.001
26 44 0.1
26 46 0.01
26 47 0.1
26 54 0.001
26 56 0.01
26 58 0.001
26 61 0.001
26 62 0.01
26 64 0.001
26 71 0.001
26 76 0.01
26 86 0.001
26 92 0.1
26 94 0.001
26 95 0.1
26 98 0.01
26 110 0.01
26 126 0.01
26 157 0.001
26 163 0.01
26 167 0.001
26 182 0.01
26 195 0.1
26 204 0.01
26 226 0.001
26 251 0.1
27 48 0.1
27 52 0.01
27 76 0.1
27 83 0.001
27 206 0.001
27 217 0.001
27 229 0.1
28 127 0.1
28 131 0.001
29 30 0.1
29 33 0.1
29 36 0.1
29 37 0.1
29 38 0.1
29 61 0.001
29 63 0.1
29 156 0.001
29 208 0.1
29 213 0.001
30 38 0.001
30 39 0.1
30 42 0.1
30 54 0.1
30 67 0.001
30 70 0.1
30 76 0.01
30 85 0.1
30 88 0.01
30 97 0.001
30 121 0.001
30 159 0.001
30 167 0.001
30 211 0.001
31 42 0.001
31 52 0.001
31 68 0.1
31 85 0.1
31 89 0.1
31 130 0.1
31 180 0.001
32 33 0.1
32 34 0.01
32 35 0.01
32 37 0.01
32 40 0.1
32 44 0.1
32 51 0.001
32 53 0.001
32 54 0.1
32 55 0.001
32 56 0.1
32 59 0.1
32 60 0.001
32 62 0.01
32 68 0.01
32 72 0.001
32 78 0.001
32 79 0.1
32 82 0.001
32 84 0.1
32 89 0.01
32 91 0.01
32 94 0.001
32 99 0.01
32 100 0.001
32 102 0.1
32 103 0.001
32 105 0.01
32 106 0.1
32 107 0.1
32 108 0.001
32 111 0.1
32 112 0.1
32 113 0.01
32 116 0.1
32 120 0.1
32 125 0.1
32 130 0.001
32 135 0.001
32 141 0.001
32 142 0.001
32 143 0.001
32 144 0.001
32 145 0.1
32 148 0.01
32 150 0.01
32 155 0.1
32 174 0.01
32 176 0.001
32 181 0.001
32 183 0.1
32 190 0.001
32 195 0.1
32 212 0.1
32 223 0.001
32 247 0.1
32 250 0.01
32 253 0.001
32 255 0.01
33 34 0.1
33 39 0.01
33 41 0.001
33 50 0.1
33 54 0.001
33 57 0.001
33 75 0.001
33 81 0.1
33 82 0.01
33 87 0.001
33 94 0.01
33 95 0.1
33 100 0.1
33 106 0.001
33 111 0.1
33 113 0.1
33 117 0.001
33 124 0.01
33 126 0.001
33 131 0.1
33 132 0.01
33 135 0.01
33 146 0.01
33 179 0.01
33 189 0.001
33 190 0.001
33 194 0.001
33 200 0.001
33 221 0.01
33 226 0.001
33 235 0.1
33 253 0.01
34 35 0.01
34 45 0.1
34 48 0.01
34 54 0.01
34 55 0.001
34 57 0.1
34 62 0.01
34 65 0.001
34 76 0.01
34 77 0.1
34 83 0.1
34 92 0.01
34 94 0.001
34 95 0.01
34 101 0.01
34 102 0.01
34 109 0.01
34 110 0.1
34 112 0.01
34 114 0.1
34 122 0.001
34 128 0.01
34 129 0.1
34 133 0.1
34 134 0.001
34 138 0.001
34 140 0.1
34 141 0.001
34 143 0.1
34 144 0.01
34 151 0.01
34 158 0.001
34 178 0.1
34 188 0.01
34 190 0.01
34 201 0.01
34 211 0.1
34 215 0.01
34 220 0.1
34 222 0.001
34 223 0.01
34 226 0.01
34 233 0.01
34 240 0.1
34 241 0.01
34 242 0.01
34 245 0.1
34 252 0.1
35 38 0.01
35 39 0.1
35 41 0.01
35 42 0.1
35 43 0.001
35 45 0.1
35 46 0.01
35 47 0.01
35 49 0.001
35 50 0.01
35 52 0.1
35 55 0.01
35 56 0.001
35 60 0.1
35 63 0.001
35 64 0.1
35 66 0.01
35 69 0.01
35 84 0.01
35 88 0.01
35 95 0.1
35 100 0.1
35 105 0.01
35 111 0.1
35 115 0.001
35 116 0.001
35 117 0.1
35 122 0.01
35 125 0.001
35 131 0.01
35 138 0.001
35 140 0.1
35 150 0.001
35 153 0.001
35 156 0.01
35 157 0.1
35 166 0.001
35 168 0.1
35 173 0.001
35 182 0.001
35 184 0.1
35 185 0.1
35 188 0.01
35 191 0.01
35 192 0.1
35 193 0.001
35 194 0.1
35 196 0.1
35 197 0.1
35 203 0.001
35 205 0.1
35 206 0.1
35 210 0.1
35 214 0.01
35 219 0.001
35 223 0.1
35 225 0.1
35 232 0.001
35 235 0.1
35 239 0.001
35 241 0.01
35 249 0.1
36 38 0.01
36 40 0.001
36 48 0.1
36 50 0.01
36 51 0.1
36 54 0.01
36 58 0.01
36 59 0.1
36 61 0.001
36 63 0.01
36 67 0.001
36 69 0.001
36 70 0.001
36 71 0.1
36 72 0.1
36 74 0.001
36 76 0.1
36 77 0.001
36 78 0.001
36 79 0.001
36 80 0.001
36 81 0.01
36 83 0.1
36 84 0.01
36 89 0.01
36 96 0.01
36 99 0.001
36 104 0.1
36 105 0.001
36 108 0.01
36 109 0.01
36 124 0.01
36 125 0.1
36 127 0.01
36 130 0.1
36 133 0.001
36 136 0.1
36 137 0.001
36 142 0.1
36 150 0.001
36 164 0.1
36 169 0.1
36 170 0.001
36 175 0.01
36 177 0.1
36 183 0.001
36 185 0.01
36 187 0.1
36 188 0.01
36 191 0.001
36 197 0.001
36 205 0.1
36 212 0.1
36 213 0.01
36 214 0.01
36 216 0.001
36 217 0.01
36 218 0.001
36 224 0.001
36 228 0.001
36 231 0.01
36 235 0.001
36 236 0.001
36 238 0.1
36 241 0.001
36 249 0.1
37 38 0.1
37 43 0.1
37 45 0.001
37 51 0.001
37 52 0.1
37 53 0.01
37 55 0.1
37 59 0.01
37 65 0.1
37 68 0.01
37 73 0.01
37 74 0.01
37 77 0.001
37 78 0.001
37 79 0.1
37 81 0.1
37 86 0.01
37 90 0.001
37 99 0.001
37 113 0.1
37 118 0.1
37 122 0.01
37 124 0.001
37 133 0.001
37 144 0.01
37 148 0.01
37 150 0.001
37 153 0.01
37 161 0.01
37 170 0.001
37 189 0.01
37 190 0.001
37 192 0.01
37 196 0.001
37 197 0.001
37 199 0.1
37 219 0.01
37 229 0.01
37 244 0.01
37 246 0.001
37 252 0.1
37 255 0.01
38 42 0.1
38 44 0.001
38 53 0.01
38 56 0.001
38 63 0.01
38 64 0.1
38 65 0.01
38 70 0.1
38 73 0.001
38 76 0.001
38 77 0.1
38 82 0.001
38 91 0.01
38 94 0.001
38 97 0.001
38 98 0.01
38 99 0.1
38 102 0.001
38 103 0.1
38 105 0.01
38 106 0.001
38 107 0.001
38 108 0.01
38 111 0.01
38 121 0.1
38 122 0.001
38 128 0.01
38 133 0.01
38 139 0.001
38 144 0.1
38 149 0.01
38 151 0.001
38 152 0.01
38 169 0.1
38 179 0.001
38 182 0.1
38 193 0.01
38 196 0.001
38 198 0.01
38 199 0.01
38 237 0.1
38 238 0.001
38 241 0.001
38 243 0.001
39 40 0.001
39 42 0.01
39 43 0.01
39 49 0.01
39 51 0.001
39 63 0.1
39 66 0.1
39 68 0.001
39 69 0.1
39 76 0.01
39 80 0.001
39 85 0.1
39 90 0.1
39 91 0.01
39 95 0.1
39 96 0.001
39 103 0.1
39 104 0.01
39 108 0.1
39 110 0.1
39 114 0.01
39 116 0.001
39 117 0.01
39 118 0.1
39 120 0.01
39 121 0.001
39 129 0.01
39 138 0.001
39 142 0.001
39 147 0.1
39 148 0.001
39 153 0.01
39 157 0.1
39 163 0.01
39 169 0.1
39 170 0.01
39 174 0.001
39 179 0.001
39 188 0.001
39 192 0.01
39 195 0.1
39 196 0.001
39 198 0.01
39 199 0.001
39 202 0.001
39 203 0.001
39 209 0.01
39 223 0.01
39 228 0.01
39 239 0.01
39 249 0.001
40 43 0.01
40 51 0.001
40 57 0.01
40 58 0.01
40 59 0.001
40 71 0.1
40 73 0.1
40 76 0.01
40 78 0.1
40 79 0.01
40 84 0.01
40 86 0.01
40 95 0.001
40 96 0.1
40 100 0.001
40 105 0.01
40 110 0.001
40 114 0.1
40 118 0.01
40 128 0.01
40 135 0.001
40 136 0.001
40 159 0.1
40 160 0.1
40 168 0.001
40 182 0.001
40 184 0.001
40 192 0.001
40 193 0.001
40 202 0.001
40 205 0.001
40 213 0.1
40 229 0.01
41 43 0.1
41 50 0.01
41 53 0.001
41 61 0.01
41 65 0.01
41 66 0.1
41 67 0.01
41 68 0.1
41 70 0.01
41 78 0.1
41 79 0.01
41 82 0.001
41 90 0.1
41 91 0.01
41 95 0.01
41 109 0.1
41 116 0.001
41 118 0.001
41 122 0.1
41 136 0.01
41 140 0.01
41 145 0.01
41 150 0.001
41 160 0.1
41 164 0.1
41 166 0.1
41 171 0.01
41 179 0.1
41 200 0.01
41 207 0.01
41 208 0.01
41 209 0.001
41 221 0.001
41 224 0.1
41 232 0.1
41 250 0.1
41 251 0.1
41 253 0.1
42 43 0.01
42 46 0.01
42 48 0.01
42 49 0.01
42 52 0.1
42 53 0.01
42 57 0.001
42 58 0.01
42 66 0.001
42 67 0.1
42 83 0.001
42 85 0.01
42 87 0.1
42 89 0.1
42 105 0.001
42 114 0.01
42 116 0.001
42 129 0.1
42 136 0.1
42 138 0.001
42 139 0.001
42 140 0.01
42 146 0.1
42 159 0.1
42 170 0.01
42 177 0.01
42 182 0.1
42 184 0.001
42 187 0.01
42 215 0.1
42 223 0.001
42 246 0.01
42 254 0.001
43 44 0.1
43 45 0.1
43 46 0.001
43 59 0.1
43 60 0.01
43 63 0.1
43 69 0.1
43 72 0.01
43 75 0.001
43 77 0.01
43 78 0.001
43 83 0.1
43 84 0.1
43 90 0.01
43 94 0.1
43 110 0.01
43 112 0.001
43 129 0.1
43 132 0.001
43 139 0.1
43 141 0.001
43 142 0.01
43 144 0.1
43 186 0.001
43 201 0.01
43 209 0.1
43 216 0.1
43 238 0.1
43 242 0.01
44 46 0.001
44 48 0.01
44 49 0.001
44 54 0.1
44 63 0.01
44 65 0.01
44 67 0.01
44 82 0.01
44 84 0.001
44 94 0.01
44 101 0.1
44 104 0.1
44 107 0.1
44 124 0.1
44 130 0.001
44 134 0.001
44 140 0.1
44 148 0.001
44 161 0.01
44 171 0.1
44 181 0.1
44 182 0.001
44 191 0.01
44 192 0.001
44 204 0.1
44 206 0.1
44 208 0.01
44 227 0.1
44 233 0.1
44 234 0.01
44 236 0.1
44 237 0.01
44 238 0.001
44 248 0.1
45 46 0.1
45 47 0.01
45 49 0.1
45 50 0.001
45 61 0.01
45 62 0.001
45 64 0.1
45 65 0.001
45 71 0.001
45 73 0.1
45 80 0.01
45 82 0.1
45 86 0.001
45 88 0.1
45 98 0.1
45 102 0.001
45 109 0.001
45 110 0.1
45 111 0.01
45 113 0.1
45 115 0.01
45 116 0.1
45 129 0.001
45 132 0.01
45 136 0.1
45 138 0.1
45 139 0.001
45 142 0.1
45 144 0.01
45 151 0.1
45 152 0.01
45 154 0.001
45 155 0.001
45 160 0.001
45 185 0.001
45 190 0.001
45 193 0.1
45 194 0.01
45 197 0.001
45 205 0.1
45 215 0.01
45 221 0.01
45 224 0.01
45 228 0.001
45 230 0.01
45 246 0.01
46 47 0.01
46 51 0.001
46 53 0.001
46 56 0.01
46 58 0.001
46 60 0.1
46 62 0.01
46 67 0.001
46 72 0.1
46 76 0.001
46 91 0.001
46 96 0.01
46 104 0.1
46 108 0.1
46 111 0.01
46 118 0.01
46 121 0.001
46 123 0.1
46 130 0.001
46 169 0.001
46 175 0.001
46 184 0.001
46 195 0.01
46 213 0.01
46 224 0.1
46 237 0.1
46 243 0.001
46 250 0.001
47 48 0.1
47 50 0.01
47 51 0.1
47 55 0.01
47 56 0.1
47 57 0.01
47 59 0.01
47 64 0.001
47 68 0.001
47 70 0.1
47 71 0.001
47 74 0.001
47 78 0.01
47 91 0.01
47 94 0.1
47 97 0.01
47 98 0.01
47 102 0.01
47 111 0.001
47 116 0.1
47 129 0.1
47 131 0.001
47 135 0.1
47 146 0.01
47 149 0.01
47 172 0.1
47 173 0.01
47 180 0.001
47 192 0.1
47 193 0.001
47 195 0.1
47 209 0.01
47 230 0.001
47 231 0.001
47 233 0.1
47 240 0.1
47 251 0.01
48 49 0.01
48 54 0.1
48 61 0.01
48 65 0.01
48 67 0.01
48 68 0.01
48 74 0.01
48 79 0.1
48 81 0.1
48 82 0.1
48 85 0.001
48 86 0.01
48 92 0.01
48 94 0.001
48 99 0.1
48 101 0.001
48 102 0.001
48 103 0.1
48 118 0.001
48 123 0.001
48 129 0.01
48 133 0.001
48 137 0.001
48 145 0.01
48 151 0.01
48 159 0.01
48 162 0.01
48 172 0.01
48 176 0.01
48 187 0.01
48 189 0.1
48 192 0.001
48 206 0.001
48 220 0.001
48 230 0.1
48 234 0.01
48 238 0.1
48 252 0.001
49 56 0.001
49 58 0.1
49 63 0.001
49 67 0.01
49 80 0.001
49 81 0.01
49 84 0.01
49 86 0.001
49 111 0.1
49 128 0.1
49 130 0.001
49 151 0.01
49 153 0.001
49 165 0.1
49 174 0.1
49 178 0.01
49 195 0.01
49 214 0.001
49 219 0.01
49 221 0.1
49 235 0.1
49 248 0.001
50 66 0.1
50 75 0.001
50 88 0.01
50 108 0.1
50 115 0.001
50 140 0.01
50 155 0.001
50 201 0.1
50 205 0.1
50 211 0.001
50 224 0.001
50 229 0.001
50 247 0.01
50 249 0.01
51 53 0.01
51 59 0.01
51 63 0.1
51 65 0.001
51 68 0.1
51 69 0.001
51 78 0.01
51 80 0.1
51 82 0.001
51 87 0.01
51 97 0.01
51 140 0.001
51 151 0.1
51 169 0.01
51 172 0.001
51 187 0.001
51 193 0.1
51 225 0.001
51 242 0.01
51 246 0.1
51 247 0.01
51 250 0.01
51 252 0.001
51 253 0.001
51 254 0.1
52 61 0.1
52 66 0.1
52 68 0.01
52 77 0.001
52 83 0.1
52 84 0.01
52 92 0.01
52 94 0.001
52 96 0.1
52 98 0.1
52 109 0.01
52 114 0.01
52 129 0.001
52 132 0.01
52 133 0.01
52 137 0.1
52 146 0.1
52 164 0.001
52 167 0.001
52 172 0.01
52 178 0.001
52 197 0.01
52 198 0.01
52 204 0.1
52 213 0.001
52 234 0.1
52 250 0.001
53 59 0.01
53 62 0.1
53 66 0.01
53 67 0.001
53 68 0.001
53 69 0.1
53 70 0.001
53 76 0.001
53 86 0.01
53 120 0.01
53 122 0.001
53 141 0.01
53 143 0.001
53 146 0.001
53 149 0.001
53 165 0.01
53 174 0.1
53 183 0.001
53 191 0.1
53 255 0.1
54 89 0.1
54 97 0.1
54 146 0.1
54 154 0.01
54 161 0.001
54 229 0.01
54 243 0.01
55 93 0.1
55 100 0.1
55 103 0.01
55 107 0.001
55 113 0.01
55 130 0.001
55 138 0.01
55 146 0.001
55 147 0.01
55 180 0.01
55 192 0.1
55 214 0.1
55 235 0.1
56 57 0.1
56 58 0.001
56 62 0.1
56 64 0.01
56 74 0.001
56 79 0.001
56 92 0.1
56 93 0.01
56 95 0.1
56 97 0.001
56 115 0.1
56 155 0.01
56 165 0.001
56 202 0.1
56 212 0.001
56 214 0.01
56 244 0.01
56 251 0.001
57 74 0.01
58 87 0.1
58 148 0.1
58 159 0.001
58 180 0.01
58 210 0.1
58 253 0.01
59 77 0.1
59 81 0.01
59 119 0.01
59 142 0.01
59 194 0.01
59 220 0.001
59 225 0.001
60 62 0.1
60 83 0.01
60 93 0.01
60 126 0.1
60 174 0.01
60 184 0.1
61 63 0.001
61 127 0.001
62 107 0.01
62 167 0.001
62 240 0.1
63 85 0.01
63 90 0.01
63 172 0.1
63 175 0.001
64 65 0.01
64 80 0.01
64 101 0.01
64 106 0.01
64 120 0.001
64 137 0.1
64 148 0.1
64 208 0.1
64 213 0.1
64 223 0.01
64 251 0.1
64 252 0.001
65 67 0.01
65 73 0.001
65 81 0.001
65 82 0.01
65 91 0.001
65 98 0.001
65 99 0.01
65 100 0.1
65 123 0.1
65 125 0.001
65 134 0.01
65 152 0.001
65 158 0.001
65 161 0.01
65 164 0.1
65 165 0.1
65 170 0.001
65 171 0.1
65 175 0.01
65 178 0.001
65 180 0.001
65 190 0.001
65 193 0.001
65 200 0.1
65 204 0.01
65 212 0.1
65 214 0.001
65 232 0.001
65 233 0.1
65 237 0.001
65 238 0.1
65 243 0.001
65 247 0.001
65 252 0.1
66 75 0.01
66 81 0.001
66 85 0.1
66 106 0.1
66 109 0.01
66 123 0.01
66 141 0.01
66 164 0.1
66 167 0.01
66 169 0.001
66 179 0.001
66 188 0.1
66 223 0.001
66 239 0.1
66 246 0.001
66 249 0.01
67 71 0.1
67 86 0.01
67 105 0.01
67 115 0.001
67 130 0.001
67 150 0.01
67 160 0.01
67 170 0.001
67 173 0.01
67 198 0.001
67 204 0.1
67 216 0.01
67 227 0.01
67 243 0.01
68 81 0.1
68 90 0.001
68 95 0.001
68 99 0.01
68 100 0.1
68 106 0.1
68 107 0.01
68 112 0.1
68 113 0.1
68 133 0.001
68 139 0.001
68 150 0.001
68 151 0.1
68 156 0.001
68 157 0.01
68 158 0.1
68 164 0.01
68 187 0.1
68 192 0.01
68 206 0.01
68 214 0.001
68 223 0.001
68 232 0.001
68 233 0.001
68 236 0.1
68 252 0.001
69 79 0.1
69 86 0.1
69 92 0.01
69 98 0.001
69 101 0.1
69 118 0.001
69 119 0.01
69 122 0.01
69 127 0.001
69 132 0.001
69 137 0.01
69 139 0.01
69 151 0.001
69 185 0.01
69 199 0.001
69 207 0.01
69 210 0.01
69 226 0.1
69 231 0.01
69 234 0.01
69 247 0.1
70 75 0.1
70 78 0.1
70 79 0.001
70 81 0.01
70 83 0.001
70 84 0.01
70 87 0.001
70 96 0.1
70 97 0.01
70 103 0.001
70 114 0.001
70 119 0.1
70 124 0.1
70 125 0.1
70 130 0.01
70 134 0.01
70 138 0.1
70 149 0.01
70 170 0.001
70 171 0.1
70 187 0.1
70 194 0.001
70 206 0.001
70 207 0.1
70 209 0.01
70 222 0.1
71 79 0.001
71 89 0.01
71 93 0.01
71 103 0.01
71 109 0.001
71 117 0.1
71 119 0.01
71 120 0.1
71 135 0.1
71 136 0.01
71 142 0.001
71 149 0.001
71 166 0.1
71 167 0.01
71 169 0.001
71 170 0.1
71 182 0.1
71 193 0.001
71 194 0.01
71 200 0.001
71 202 0.1
71 205 0.01
71 210 0.1
71 222 0.1
71 224 0.1
71 235 0.001
71 237 0.001
71 248 0.01
71 249 0.001
72 87 0.1
72 94 0.1
72 102 0.1
72 113 0.1
72 114 0.1
72 120 0.1
72 131 0.01
72 134 0.1
72 138 0.01
72 147 0.001
72 156 0.001
72 170 0.01
72 177 0.01
72 193 0.01
72 216 0.001
72 219 0.01
72 221 0.01
72 242 0.01
72 254 0.01
73 74 0.1
73 78 0.1
73 88 0.001
73 92 0.01
73 93 0.1
73 95 0.001
73 101 0.1
73 105 0.001
73 106 0.001
73 111 0.01
73 115 0.1
73 142 0.01
73 160 0.001
73 185 0.1
73 186 0.1
73 191 0.01
73 194 0.001
73 199 0.1
73 212 0.001
73 233 0.001
73 254 0.01
74 75 0.001
74 82 0.1
74 87 0.1
74 92 0.1
74 96 0.1
74 104 0.1
74 111 0.1
74 118 0.01
74 119 0.001
74 124 0.001
74 133 0.1
74 135 0.001
74 136 0.01
74 164 0.001
74 169 0.001
74 184 0.001
74 186 0.01
74 191 0.001
74 228 0.01
74 236 0.001
74 240 0.001
74 241 0.001
74 244 0.1
74 255 0.1
75 80 0.01
75 81 0.01
75 83 0.01
75 89 0.001
75 100 0.1
75 102 0.1
75 119 0.1
75 129 0.001
75 133 0.1
75 140 0.1
75 148 0.01
75 154 0.01
75 155 0.1
75 156 0.1
75 157 0.001
75 160 0.01
75 162 0.001
75 177 0.001
75 178 0.001
75 187 0.001
75 201 0.001
75 202 0.01
75 206 0.1
75 215 0.001
75 217 0.01
75 222 0.01
75 234 0.1
75 237 0.001
75 241 0.1
76 77 0.1
76 80 0.1
76 85 0.001
76 89 0.01
76 90 0.1
76 93 0.1
76 94 0.001
76 96 0.01
76 102 0.1
76 127 0.1
76 128 0.1
76 139 0.1
76 155 0.001
76 161 0.1
76 183 0.01
76 185 0.01
76 186 0.01
76 189 0.1
76 196 0.01
76 207 0.01
76 213 0.001
76 219 0.001
76 221 0.001
76 238 0.01
76 244 0.01
76 255 0.1
77 91 0.01
77 94 0.001
77 97 0.01
77 102 0.1
77 109 0.01
77 112 0.1
77 116 0.001
77 117 0.01
77 123 0.01
77 147 0.01
77 149 0.001
77 160 0.001
77 161 0.01
77 164 0.1
77 188 0.001
77 202 0.001
77 210 0.001
77 218 0.01
77 228 0.01
77 253 0.001
78 88 0.01
78 90 0.001
78 97 0.001
78 98 0.1
78 103 0.001
78 128 0.1
78 132 0.1
78 146 0.001
78 149 0.001
78 150 0.001
78 152 0.01
78 156 0.1
78 157 0.001
78 158 0.001
78 199 0.01
78 229 0.001
78 237 0.1
78 240 0.1
78 248 0.01
78 250 0.001
79 81 0.1
79 84 0.01
79 91 0.01
79 122 0.1
79 141 0.1
79 169 0.1
79 180 0.001
79 193 0.01
79 200 0.1
79 203 0.1
80 84 0.1
80 91 0.01
80 98 0.1
80 101 0.1
80 110 0.001
80 112 0.01
80 125 0.01
80 129 0.1
80 141 0.001
80 143 0.001
80 177 0.01
80 191 0.1
80 207 0.01
80 219 0.01
80 221 0.001
80 229 0.1
80 236 0.01
80 248 0.001
81 89 0.1
81 92 0.001
81 96 0.1
81 98 0.01
81 100 0.01
81 103 0.001
81 106 0.001
81 110 0.1
81 111 0.01
81 117 0.01
81 119 0.1
81 120 0.01
81 138 0.01
81 144 0.1
81 151 0.001
81 175 0.1
81 190 0.1
81 202 0.1
81 218 0.01
81 250 0.001
81 252 0.1
82 104 0.001
82 107 0.01
82 109 0.01
82 130 0.01
82 143 0.01
82 152 0.1
82 159 0.01
82 182 0.001
82 234 0.01
82 244 0.1
83 100 0.01
83 111 0.1
83 119 0.01
83 125 0.01
83 133 0.001
83 141 0.001
83 143 0.001
83 147 0.001
83 162 0.01
83 170 0.1
83 178 0.1
83 207 0.001
83 236 0.1
83 254 0.001
83 255 0.1
84 122 0.01
84 139 0.001
84 144 0.001
84 174 0.01
84 219 0.01
84 225 0.01
85 145 0.001
85 155 0.01
86 88 0.001
86 96 0.01
86 103 0.1
86 108 0.01
86 119 0.1
86 123 0.001
86 189 0.001
86 195 0.01
86 200 0.01
86 212 0.001
86 223 0.01
86 239 0.1
86 244 0.001
87 88 0.1
87 93 0.001
87 99 0.001
87 104 0.01
87 181 0.1
87 207 0.001
87 226 0.1
87 231 0.001
88 98 0.1
88 109 0.01
88 115 0.1
88 117 0.01
89 167 0.1
89 203 0.1
89 222 0.01
89 232 0.01
89 253 0.001
90 130 0.01
90 152 0.001
90 164 0.001
90 211 0.001
91 98 0.001
91 117 0.1
91 175 0.001
91 240 0.1
91 246 0.001
92 101 0.01
92 113 0.1
92 137 0.01
92 157 0.01
92 194 0.001
93 96 0.01
93 98 0.01
93 220 0.1
93 255 0.1
94 109 0.1
94 171 0.01
95 136 0.001
96 103 0.001
96 116 0.1
96 119 0.1
96 164 0.001
96 166 0.01
96 185 0.001
96 194 0.01
96 208 0.01
97 107 0.01
97 135 0.01
97 144 0.1
97 154 0.01
97 162 0.001
97 169 0.001
97 173 0.01
97 182 0.001
97 199 0.1
97 205 0.001
97 208 0.001
97 218 0.001
97 220 0.01
97 229 0.01
97 231 0.001
97 244 0.001
97 245 0.1
97 247 0.1
98 106 0.01
98 110 0.001
98 113 0.01
98 117 0.001
98 128 0.01
98 129 0.001
98 131 0.1
98 136 0.1
98 144 0.001
98 166 0.1
98 178 0.1
98 179 0.1
98 188 0.001
98 206 0.01
98 213 0.01
98 218 0.1
98 220 0.001
98 228 0.001
98 240 0.001
98 245 0.01
98 254 0.1
99 100 0.001
99 102 0.01
99 105 0.1
99 116 0.01
99 121 0.01
99 127 0.01
99 135 0.1
99 141 0.001
99 143 0.1
99 155 0.001
99 164 0.01
99 168 0.1
99 169 0.01
99 195 0.001
99 196 0.1
99 199 0.01
99 202 0.001
99 204 0.001
99 213 0.001
99 216 0.01
99 224 0.1
99 232 0.01
99 241 0.01
99 254 0.1
100 101 0.001
100 106 0.001
100 112 0.1
100 115 0.01
100 133 0.01
100 134 0.1
100 135 0.01
100 144 0.001
100 150 0.001
100 165 0.01
100 166 0.001
100 178 0.01
100 196 0.1
100 202 0.01
100 217 0.001
100 222 0.001
100 227 0.001
101 105 0.01
101 116 0.001
101 137 0.01
101 140 0.01
101 146 0.01
101 147 0.01
101 149 0.001
101 152 0.01
101 163 0.01
101 164 0.001
101 175 0.01
101 186 0.1
101 198 0.001
101 204 0.1
101 208 0.001
101 231 0.1
101 237 0.01
101 251 0.001
102 124 0.01
102 139 0.01
102 147 0.1
102 201 0.001
102 208 0.1
102 240 0.001
103 104 0.1
103 114 0.1
103 115 0.001
103 121 0.01
103 126 0.001
103 128 0.1
103 132 0.001
103 147 0.001
103 152 0.001
103 158 0.1
103 159 0.01
103 173 0.1
103 179 0.001
103 183 0.1
103 185 0.01
103 200 0.01
103 207 0.001
103 211 0.01
103 216 0.1
103 219 0.01
103 222 0.1
103 233 0.001
103 234 0.01
103 235 0.1
103 241 0.01
103 245 0.001
103 250 0.01
103 253 0.1
104 107 0.01
104 123 0.1
104 124 0.01
104 126 0.1
104 132 0.1
104 134 0.01
104 164 0.1
104 198 0.1
104 202 0.1
104 215 0.001
104 224 0.001
104 225 0.001
104 228 0.1
104 231 0.001
104 245 0.01
104 250 0.01
104 251 0.01
105 112 0.01
105 117 0.1
105 118 0.1
105 120 0.001
105 127 0.1
105 138 0.01
105 176 0.01
105 184 0.1
105 191 0.1
105 205 0.1
105 212 0.01
105 214 0.1
105 216 0.01
105 226 0.01
105 228 0.01
105 232 0.1
105 240 0.001
105 248 0.001
106 115 0.1
106 117 0.001
106 128 0.001
106 129 0.001
106 139 0.1
106 141 0.1
106 145 0.1
106 150 0.001
106 161 0.01
106 216 0.1
106 245 0.001
106 255 0.01
107 112 0.1
107 121 0.01
107 122 0.001
107 125 0.1
107 131 0.01
107 134 0.1
107 143 0.1
107 153 0.1
107 179 0.1
107 183 0.001
107 186 0.01
107 189 0.1
107 198 0.01
108 109 0.1
108 142 0.01
108 143 0.1
108 154 0.1
108 157 0.001
108 161 0.1
108 172 0.01
108 187 0.001
108 188 0.1
108 201 0.01
108 222 0.1
108 237 0.001
108 245 0.01
108 246 0.01
109 112 0.01
109 121 0.1
109 135 0.01
109 160 0.001
109 174 0.01
109 175 0.1
109 186 0.001
109 188 0.1
109 217 0.001
110 111 0.01
110 136 0.1
110 153 0.001
110 154 0.01
110 155 0.001
110 177 0.1
110 207 0.001
110 217 0.1
110 249 0.01
111 123 0.001
111 128 0.001
111 135 0.001
111 137 0.01
111 153 0.001
111 156 0.01
111 157 0.001
111 163 0.1
111 173 0.001
111 174 0.001
111 181 0.1
111 233 0.1
111 249 0.1
111 254 0.001
112 121 0.001
112 134 0.001
112 137 0.01
112 154 0.1
112 158 0.001
112 165 0.001
112 179 0.001
112 188 0.01
112 201 0.001
112 218 0.1
112 231 0.01
112 240 0.01
113 115 0.001
113 131 0.1
113 151 0.001
113 185 0.1
113 197 0.001
113 235 0.001
113 236 0.001
114 128 0.1
114 139 0.1
114 144 0.01
114 156 0.1
114 158 0.001
114 160 0.01
114 173 0.1
114 192 0.1
114 218 0.01
114 227 0.1
115 122 0.1
115 145 0.001
115 149 0.001
115 172 0.1
115 204 0.001
115 222 0.001
115 228 0.1
115 231 0.1
115 255 0.01
116 128 0.001
116 140 0.01
116 141 0.01
116 145 0.01
116 154 0.01
116 180 0.1
116 201 0.01
116 208 0.1
117 138 0.1
117 161 0.001
117 228 0.1
117 232 0.01
118 127 0.01
118 151 0.001
118 153 0.1
118 162 0.1
118 168 0.01
118 200 0.001
118 213 0.01
118 229 0.1
118 230 0.1
119 162 0.001
119 165 0.1
119 183 0.1
119 209 0.001
120 135 0.01
120 136 0.001
120 139 0.001
120 165 0.001
120 249 0.1
121 218 0.1
121 243 0.001
122 125 0.1
122 169 0.01
122 175 0.01
122 182 0.1
122 196 0.01
122 199 0.01
122 203 0.01
122 226 0.001
123 126 0.01
123 179 0.01
123 200 0.001
123 242 0.01
124 206 0.01
124 210 0.1
125 127 0.01
125 162 0.01
125 176 0.01
125 191 0.01
125 210 0.01
125 214 0.1
125 246 0.01
126 168 0.01
126 253 0.001
127 176 0.01
127 210 0.1
127 217 0.01
128 149 0.001
128 157 0.01
128 159 0.01
128 163 0.001
128 181 0.01
128 182 0.1
128 186 0.001
128 189 0.01
128 195 0.001
128 209 0.001
129 133 0.001
129 137 0.001
129 139 0.1
129 142 0.001
129 163 0.01
129 168 0.001
129 178 0.1
129 201 0.01
129 204 0.1
129 212 0.1
129 215 0.01
129 223 0.001
129 247 0.1
130 136 0.001
130 153 0.01
130 154 0.1
130 158 0.01
130 160 0.001
130 165 0.1
130 170 0.1
130 176 0.01
130 181 0.1
130 186 0.001
130 203 0.01
130 218 0.01
130 221 0.01
130 229 0.01
130 234 0.01
131 132 0.1
131 144 0.1
131 145 0.1
131 149 0.001
131 155 0.01
131 156 0.001
131 158 0.1
131 159 0.1
131 185 0.001
131 186 0.01
131 188 0.01
131 189 0.001
131 208 0.001
131 216 0.01
131 217 0.001
131 228 0.01
132 146 0.001
132 156 0.001
132 171 0.001
132 179 0.01
132 183 0.001
132 211 0.1
132 250 0.1
133 145 0.001
133 148 0.01
133 150 0.001
133 155 0.01
133 158 0.01
133 168 0.001
133 169 0.001
133 175 0.001
133 194 0.1
133 223 0.1
133 225 0.01
134 149 0.001
134 162 0.001
134 215 0.01
134 220 0.1
134 222 0.1
135 143 0.01
135 150 0.1
135 176 0.001
135 177 0.1
135 243 0.01
135 254 0.1
136 160 0.001
136 209 0.001
136 225 0.001
136 235 0.1
137 146 0.001
137 152 0.001
137 168 0.001
137 173 0.01
137 181 0.1
137 216 0.001
137 226 0.001
137 234 0.001
137 248 0.1
138 172 0.1
138 212 0.01
138 220 0.01
138 221 0.01
138 233 0.1
139 166 0.001
139 185 0.001
139 236 0.01
139 247 0.001
139 255 0.1
140 160 0.001
140 161 0.1
140 192 0.001
141 165 0.001
141 166 0.001
141 187 0.1
141 225 0.001
142 172 0.01
142 191 0.001
142 194 0.1
142 246 0.1
143 164 0.001
143 183 0.01
143 191 0.1
143 195 0.01
143 211 0.001
143 236 0.01
143 242 0.01
144 145 0.001
144 162 0.01
144 163 0.01
144 168 0.01
144 186 0.001
144 197 0.001
144 201 0.01
144 251 0.01
145 174 0.001
145 195 0.01
145 198 0.001
145 205 0.001
145 214 0.01
145 218 0.001
146 154 0.001
146 172 0.001
146 176 0.1
146 186 0.01
146 200 0.001
146 219 0.1
146 230 0.01
147 167 0.01
147 219 0.01
147 228 0.1
148 161 0.001
148 165 0.001
148 171 0.1
148 175 0.01
148 180 0.1
148 201 0.01
148 216 0.001
148 222 0.01
149 180 0.001
149 194 0.001
149 212 0.1
149 213 0.001
149 218 0.01
150 227 0.001
150 254 0.1
151 157 0.01
151 178 0.1
152 159 0.001
152 168 0.01
152 196 0.001
152 253 0.01
153 163 0.1
153 225 0.001
154 229 0.1
154 242 0.01
155 160 0.1
155 247 0.1
156 158 0.001
156 167 0.1
156 191 0.1
156 245 0.1
157 163 0.1
157 226 0.001
158 199 0.01
158 210 0.01
159 187 0.001
160 180 0.01
160 222 0.1
160 248 0.01
160 254 0.01
161 167 0.1
161 190 0.01
161 192 0.001
161 219 0.001
161 245 0.01
161 255 0.01
162 168 0.01
162 173 0.1
162 201 0.1
162 215 0.01
162 221 0.001
162 224 0.01
162 252 0.1
163 195 0.1
163 203 0.01
163 208 0.01
163 236 0.1
163 244 0.01
163 247 0.1
164 176 0.001
164 177 0.01
164 188 0.01
164 190 0.01
164 207 0.001
164 214 0.01
164 243 0.1
164 248 0.01
165 168 0.1
165 174 0.01
165 178 0.001
165 186 0.001
165 199 0.001
165 209 0.001
165 216 0.1
165 220 0.001
166 172 0.1
166 173 0.001
166 177 0.01
166 217 0.1
166 224 0.1
166 225 0.01
166 227 0.001
166 235 0.01
166 237 0.1
167 184 0.01
167 215 0.001
167 222 0.1
167 240 0.1
168 178 0.01
169 181 0.001
169 182 0.001
169 228 0.001
169 232 0.01
170 171 0.01
170 190 0.001
170 193 0.01
170 197 0.1
170 205 0.01
170 223 0.1
170 232 0.1
170 239 0.001
170 246 0.001
171 173 0.01
171 175 0.001
171 184 0.1
171 189 0.001
171 208 0.1
171 212 0.001
171 237 0.1
171 246 0.1
172 189 0.01
173 184 0.1
173 203 0.001
173 231 0.01
174 247 0.001
175 181 0.001
175 184 0.01
175 197 0.001
176 184 0.1
176 189 0.01
176 194 0.01
176 223 0.01
176 230 0.001
176 235 0.001
176 238 0.01
176 242 0.001
176 253 0.01
177 201 0.1
177 221 0.01
177 225 0.1
177 226 0.001
177 227 0.1
179 203 0.01
179 219 0.001
180 220 0.1
180 249 0.1
181 187 0.1
181 192 0.001
181 196 0.001
182 232 0.01
183 200 0.01
184 189 0.01
185 203 0.001
186 207 0.001
187 236 0.001
188 228 0.01
188 230 0.01
189 209 0.001
192 207 0.001
192 229 0.1
193 200 0.1
194 215 0.1
194 253 0.1
195 202 0.1
195 203 0.1
195 220 0.001
195 239 0.01
195 244 0.01
195 248 0.001
195 250 0.01
196 203 0.001
196 209 0.01
196 213 0.001
196 226 0.001
196 235 0.001
196 243 0.001
197 219 0.001
197 236 0.01
198 221 0.01
198 242 0.01
198 252 0.01
198 255 0.1
199 210 0.01
199 244 0.01
199 254 0.1
200 215 0.1
200 234 0.1
200 239 0.001
200 241 0.1
200 242 0.01
201 202 0.1
201 204 0.01
202 250 0.1
203 212 0.1
203 230 0.1
203 252 0.1
204 217 0.001
205 239 0.01
205 245 0.01
206 222 0.01
206 233 0.01
207 227 0.1
208 239 0.1
208 243 0.01
209 221 0.01
210 245 0.01
211 230 0.01
211 242 0.01
212 224 0.01
212 239 0.01
212 252 0.1
213 231 0.1
215 251 0.001
216 243 0.01
219 242 0.001
224 254 0.1
225 249 0.1
226 252 0.1
229 242 0.01
231 232 0.001
231 239 0.1
232 253 0.1
233 234 0.001
233 246 0.1
234 239 0.001
234 241 0.1
234 246 0.001
238 243 0.1
244 248 0.1
