0 0 2 9 17 19 20 26 29 30 39 48 57 58 65 68 69 73 74 79 80 94
1 7 8 9 11 17 20 29 30 34 37 39 43 52 59 72 80 83 89
2 1 5 14 36 42 43 45 47 49 67 71 72 84 91 96 98 99
3 0 3 6 8 9 17 21 31 38 42 47 51 64 67 73 79 82 83 90 93 95 99
4 4 5 13 14 18 24 28 36 44 53 55 64 68 85 88 91 98
5 0 4 7 8 10 18 23 27 33 35 38 39 43 45 47 49 52 60 61 67 69 72 78 86 87 92
6 11 14 17 21 32 42 47 49 50 64 71 75 80 88 91 93
7 13 16 28 33 49 55 56 58 61 62 65 66 68 70 72 86 91
8 3 19 20 21 27 29 30 32 34 42 46 54 57 58 60 68 74 76 83 85 87 90 96
9 1 7 22 36 37 44 48 53 65 66 72 75 76 78 80 81 85 98
10 1 4 30 35 43 46 48 56 64 74 78 79 88 90 93 96 97
11 0 7 10 13 14 15 21 27 37 42 51 56 57 64 76 79 86 97 99
12 0 30 31 33 40 47 53 69 70 71 76 82 93 94 99
13 0 7 9 11 19 21 22 31 39 41 42 43 48 63 65 78 79 81 86 93 97
14 2 3 6 10 13 16 17 21 24 26 27 28 33 37 38 39 42 46 48 64 67 76 82 91 93 96 99
15 0 8 10 15 16 20 21 23 26 33 38 39 41 52 54 64 70 79 80 82 87 88 93 95
16 4 20 22 29 31 39 41 55 58 63 77 80 87 89 95
17 1 2 6 7 9 12 13 14 23 41 53 57 61 62 69 71 77 79 97
18 3 13 15 21 32 42 59 69 74 75 80 92
19 14 17 19 21 28 31 33 34 37 44 45 47 56 58 83 92 95 96
20 10 17 18 19 20 21 31 36 43 50 51 64 65 89 93
21 4 9 11 13 15 17 22 28 31 32 39 43 49 54 56 67 78 80 81 86 89 90 93 99
22 9 11 14 17 22 29 31 36 49 62 67 71 76 80 83 90 98
23 1 11 15 17 30 31 43 50 59 61 68 72 77 82 86 90 91 93 96 99
24 0 2 3 5 19 21 51 59 71 73 77 80 83
25 4 15 21 25 26 27 29 39 41 47 48 50 63 75 77 94
26 1 2 3 5 6 10 19 22 26 29 30 33 34 35 50 53 55 56 67 68 82 86 94 99
27 1 3 5 8 10 20 28 32 37 49 72 76 78 93
28 1 3 12 21 22 23 26 29 44 45 47 51 58 74 81 85 90 93 96
29 2 15 17 22 23 29 33 40 42 46 55 60 61 66 70 71 74 83 85 89 90 96
30 1 2 3 4 7 19 22 25 30 56 57 60 64 65 66 68 69 78 90 92 93 96 99
31 14 15 28 30 39 40 46 49 53 65 73 75 77 78 79 84 85 88 90 91
32 1 5 6 11 15 16 22 27 31 41 42 46 47 49 59 60 64 78 79 86 88 98
33 0 2 10 12 14 20 27 28 30 35 43 47 55 59 63 65 68 73 77 84 87 88 96
34 1 6 9 14 25 32 40 41 42 46 51 63 73 77 97 98
35 4 7 14 22 27 34 36 41 58 59 63 70 84 87 88 96 99
36 1 9 22 24 25 31 34 38 41 45 49 52 53 55 57 60 61 65 68 78 82 95
37 0 3 11 16 21 26 31 32 46 51 53 55 67 71 72 73 75 76 78 97 98
38 3 6 18 34 36 41 49 54 59 61 69 70 92 97
39 3 5 13 14 26 43 44 55 61 62 72 76 77 79 81 82 96
40 14 19 20 26 31 33 47 51 53 65 80 81 98
41 0 4 6 7 23 30 41 54 56 62 70 71 77 94
42 6 7 9 16 19 22 26 27 33 42 44 54 63 65 71 74 83 87 91 95 99
43 2 7 10 14 15 18 19 24 26 32 39 47 52 56 57 67 76
44 1 11 16 18 21 33 41 55 66 75 88
45 3 5 15 17 18 19 21 26 28 36 40 50 54 56 76 77 87 95 98
46 1 5 7 18 20 23 29 32 34 37 41 49 51 55 58 65 83 87 88 89 92 93 97
47 5 11 12 16 19 20 27 30 46 47 48 51 53 59 64 68 75 76 82 83 86 90 92
48 8 11 14 18 22 27 33 36 37 45 51 54 55 60 62 67 90
49 2 6 9 19 37 43 45 65 68 74 78 80 81 86 87 93
50 14 20 23 29 36 39 43 48 51 53 56 58 62 66 69 73 75 79 81 82 88 94
51 2 3 4 7 9 12 13 15 16 18 22 33 34 37 51 55 56 65 66 67 69 71 73 75 79 80 82 83 87 90
52 0 5 10 11 14 18 21 27 32 33 37 39 42 45 52 56 59 61 67 77 78 80 87 88 89 94
53 6 13 15 17 32 41 44 47 48 59 64 66 73 75 76 88 98
54 1 13 18 21 24 32 36 38 39 48 57 68 72 77 78 82 83 89 96 98
55 4 8 9 10 11 16 17 22 31 34 35 36 59 60 61 67 70 86 87 91 92 94 96
56 0 2 6 8 11 13 24 26 27 37 43 51 56 57 69 78 95 99
57 0 5 16 20 25 27 34 36 37 39 41 50 62 74 75 81 84 90
58 10 11 12 19 20 22 35 40 43 46 49 55 57 60 64 70 72 74 85 88 90 96
59 9 13 14 20 24 28 38 39 41 43 52 64 72 83 87
60 0 1 3 6 8 9 15 22 23 26 29 30 32 33 35 41 44 47 56 57 60 63 65 66 72 74 78 83 86 87 95
61 2 14 16 18 20 23 29 35 42 43 48 57 61 62 71 76 84 94 95
62 2 14 15 18 19 28 32 36 40 43 49 50 55 59 64 77 79 80 84 90 91
63 0 1 5 22 24 31 34 41 44 52 61 64 65 69 74 75 87 93 94 95
64 1 2 11 15 16 19 34 36 37 38 47 51 56 63 71 74 94 99
65 4 7 12 13 27 29 40 42 43 46 49 62 78 81 96
66 3 11 12 20 21 23 26 28 32 36 49 52 57 58 60 63 79 86 92 93
67 13 15 16 18 24 25 36 55 57 69 74 96 99
68 21 22 30 37 40 50 54 58 66 67 68 82 83 84 86 91 98
69 5 6 9 11 17 21 22 26 29 30 36 43 45 50 53 55 62 74 75 85 88 92 93 94
70 2 4 9 12 18 19 30 31 35 37 39 42 58 63 67 91 92 95 96
71 3 9 17 19 23 26 28 35 40 62 67 76 78 81 85 87 90
72 1 2 13 15 21 22 23 24 25 28 36 44 46 47 53 58 65 78 80 82 84 96 97
73 6 8 10 21 22 31 34 42 44 58 61 68 70 71 81 90
74 0 1 7 10 16 33 37 49 52 54 64 69 70 72 82 83 84 86 94
75 1 14 15 28 38 40 42 43 49 50 52 54 55 64 65 74 83 90 93 96 98
76 4 20 23 26 31 35 38 39 43 45 48 53 56 59 61 67 83 84 86 92 94
77 3 6 17 22 23 24 30 33 36 38 44 45 72 88 94 97 98
78 7 22 23 25 38 50 51 52 54 56 60 76 77 78 83 85 86 88 89 90 91 94 95 98
79 8 11 18 22 23 26 28 29 32 43 46 59 61 68 78 80 83 84 86 91 93
80 0 9 21 24 26 32 38 39 44 47 49 52 55 57 68 69 74 78 79 85 87 93
81 5 6 13 16 40 48 51 54 55 64 66 69 71 78 82 90 94 96 99
82 9 10 11 15 18 20 27 28 30 33 35 38 43 50 62 64 72 79 85 86 89 90
83 0 6 11 21 30 33 34 35 36 38 44 46 47 48 51 57 58 62 65 81 83 85 87 89 92 96 99
84 0 1 5 8 13 14 17 28 34 35 50 53 54 55 80 85 87 92 93 96 97
85 11 14 15 24 25 34 36 38 39 44 49 58 67 73 74 75 76 81 87 90 92 95
86 2 8 9 13 22 23 27 36 49 51 52 54 61 64 71 74 75 81 82 86 89 93
87 0 3 8 10 12 13 23 30 33 34 41 43 44 49 50 53 54 61 66 69 71 73 75 77 78 81 90 91 92 94 98
88 3 4 14 17 18 28 32 33 35 40 44 46 48 60 63 68 69 72 86 87 90 93
89 6 16 17 18 29 31 34 35 39 44 45 52 56 61 62 63 68 81 84
90 4 20 23 26 28 33 34 42 43 45 53 62 65 72 89 91
91 5 10 12 26 30 32 33 34 35 45 58 60 70 72 83 86 87 89 92 95
92 0 22 34 41 57 60 67 76 81 83 86 92 98
93 2 9 11 25 28 32 39 49 51 60 61 62 63 87 89
94 3 5 13 23 24 34 58 59 66 70 81 82 84 89 95 98
95 7 9 10 11 17 19 21 25 26 27 31 33 37 41 47 48 59 62 69 71 72 76 79 82 84 91 97
96 1 2 11 18 20 43 44 47 54 58 74 79 81 84 86
97 0 5 8 10 16 17 20 24 25 35 39 40 41 44 45 46 53 57 78 82 83 89 93 99
98 0 2 3 4 5 9 13 24 26 27 29 44 45 54 55 60 62 63 69 77 84 87 89 93 94 99
99 2 5 8 17 21 25 27 31 36 38 39 46 51 52 54 60 65 67 71 73 76 86 87 94 98
100 5 9 13 21 22 25 27 30 34 39 50 56 67 72 74 76 84 86 96 98
101 0 3 5 11 17 20 23 29 31 32 39 45 53 56 64 73 78 80 81 87 96
102 13 14 21 29 34 36 39 44 49 52 58 66 67 70 80 91 96
103 1 10 12 19 20 26 33 40 49 55 56 63 64 67 68 70 75 76 82 84 85 87 90 94 99
104 9 13 14 17 19 26 34 44 45 46 53 58 59 61 62 64 66 75 89 97
105 3 6 12 13 19 31 33 35 41 43 49 58 59 69 75 77 80 85 86 90 91 95 96 98
106 8 12 14 22 23 27 32 38 46 57 59 60 61 70 71 73 75 82 84 92 99
107 5 10 14 19 25 31 38 42 45 49 59 73 74 81 82 85
108 14 20 27 33 36 47 55 59 62 64 65 69 70 79 80 82 83 87 90 92
109 4 5 11 14 20 21 23 25 27 30 32 35 40 41 44 48 52 60 64 68 71 77 82 83 87 92 97
110 3 4 6 15 20 22 28 29 34 35 41 46 60 76 78 86 94 98
111 7 13 17 26 35 44 52 53 54 56 79 83
112 0 2 3 5 6 13 14 22 28 35 36 48 50 72 74 80 98
113 10 11 15 16 18 25 31 34 40 43 50 57 60 68 70 76 78 95 97
114 1 4 6 17 20 21 41 50 54 57 60 67 71 72 73 75 81 85 96
115 6 8 26 29 35 37 46 48 54 57 58 59 64 79 80 86
116 9 20 21 27 30 32 34 39 42 63 66 74 78 85 87 91 92 97
117 0 11 14 16 23 28 30 32 33 35 47 61 74 75 76 77 82 84 85 96 98
118 0 2 5 7 11 18 23 24 36 37 43 51 58 63 65 72 73 90 91 93 95 97
119 3 4 7 12 21 23 26 34 39 56 58 63 67 71 72 77 81 82 87 91 96 98
120 3 8 13 16 19 20 25 28 35 36 37 39 41 60 73 75 76 83
121 3 4 7 8 9 16 29 30 32 33 39 42 53 54 55 56 60 62 74 75 76 87 91 93 97
122 1 8 9 13 15 18 19 25 26 28 35 46 47 55 67 73 77 81 83 95
123 4 11 16 21 22 28 29 32 34 45 52 58 61 68 73 91 93
124 7 8 14 15 18 24 30 31 34 47 48 60 65 67 72 73 75 81 84 86 96 97
125 0 14 20 22 25 33 37 39 47 48 50 54 57 60 71 75 79 91 94 95
126 4 9 12 15 17 21 23 25 32 33 34 35 42 44 47 63 67 71 73 79 83 86 92 95 96
127 3 5 10 18 28 31 41 42 50 52 54 59 62 64 78 80 81 89
128 0 2 4 6 11 14 16 18 21 28 31 37 39 43 46 47 48 58 63 70 76 82 84 86 89 97
129 25 35 36 51 55 65 69 72
130 1 3 18 21 26 28 37 46 49 52 60 64 70 77 79 85 86 87 91 94 99
131 8 19 20 25 28 30 36 49 50 52 67 68 69 71 72 84 86 87 96
132 24 25 28 34 36 39 47 53 54 60 61 62 63 65 66 72 73 75 76 77 78 80 83 85 86
133 0 3 4 5 10 13 15 16 24 28 35 37 38 42 51 57 67 72 73 82 88 93 95
134 1 5 13 17 18 28 58 60 83 85 91
135 7 8 9 10 12 18 37 39 40 50 56 62 63 69 71 74 79 80 84 85 86 87 88
136 2 7 8 10 21 42 47 49 53 54 56 62 70 79 87 90 91 97
137 3 15 18 22 23 27 29 31 38 49 58 69 75 86 87
138 2 3 5 6 11 23 24 27 39 48 54 73 77 80 82 84 85 88 89 93
139 12 16 17 23 31 32 37 41 52 56 72 73 77 92
140 2 6 7 10 12 13 15 17 18 21 32 41 44 46 48 50 54 57 66 68 70 75 85 86 93 97
141 0 4 9 12 13 16 21 23 32 33 39 46 58 63 72 76 84 88 91
142 1 7 8 10 11 13 14 23 25 33 35 54 64 65 69 72 76 90 92 96
143 4 8 11 21 23 29 33 35 36 42 46 48 49 51 59 61 71 78 82 84 88 97
144 4 9 12 20 23 25 37 48 55 73 81 82 83 92 96 99
145 0 3 17 24 30 31 37 42 44 47 57 65 66 81 82 84 87 94
146 9 14 15 21 23 27 28 31 45 52 55 58 60 69 71 85 86 93 94 95
147 1 4 9 13 16 17 19 22 24 28 32 39 43 50 56 59 67 68 69 73 81 83 89
148 4 7 14 20 23 42 47 48 60 65 66 99
149 3 7 10 14 17 21 42 53 59 66 71 73 80 85 90 92
150 5 11 14 15 16 17 20 27 28 34 39 43 49 52 64 77 79 81 84 87 89 90 94 96
151 1 5 20 21 22 28 29 31 35 37 42 43 45 48 49 51 61 65 67 74 78 94 95 96 98
152 2 4 11 12 17 18 22 25 31 34 37 38 42 45 58 62 68 70 73 84 86 91 96 98
153 3 7 17 23 24 44 51 55 61 64 66 67 70 72 73 74 78 83 87 88
154 2 11 16 17 35 38 39 42 46 50 53 61 65 72 77 82 87 89 94 96 98
155 0 4 6 7 11 12 16 17 18 28 43 48 56 61 63 64 71 86 88 92 95 96
156 10 20 29 44 49 51 54 60 61 62 67 76 81 86 88 90 93 96
157 2 3 5 14 16 19 23 24 32 41 42 49 51 65 75 76 83 84
158 1 11 15 22 30 31 36 54 57 62 63 67 80 92 99
159 11 12 16 21 35 44 45 46 49 64 66 71 74 77 78 84 94 95
160 7 8 11 21 24 26 27 33 44 46 55 59 68 69 72 78 81 83 87 95 98
161 10 16 22 27 29 38 42 43 53 57 63 68 73 74 80 85 87
162 0 1 5 21 29 34 50 54 55 56 58 60 63 64 65 75 78 89 93 95 97 99
163 6 18 19 23 33 38 39 40 50 62 63 65 68 70 80 81 91 92 94
164 12 17 20 21 25 26 33 36 49 51 55 57 62 70 72 86 88
165 0 6 7 16 17 18 21 22 25 27 37 51 53 58 60 61 67 72 80 87 97
166 4 15 18 20 31 43 44 47 48 50 67 77 87 93 99
167 7 8 9 13 22 24 33 34 36 44 45 48 50 63 65 67 68 72 74 77 83 88 90
168 7 15 16 17 26 36 41 44 47 49 58 70 79 80 82 83 90 98
169 1 8 28 43 45 56 65 76 84
170 1 3 16 20 32 33 39 43 52 62 63 69 73 74 76 78 79 82 88 99
171 6 8 9 11 18 19 24 32 34 35 41 42 44 51 69 80 92
172 14 18 21 22 24 28 42 52 69 74 76 88 91
173 4 15 17 24 28 30 33 34 44 55 60 71 74 76 77 88 93 94 97
174 2 8 12 29 31 35 42 50 51 56 62 63 68 74 81 82 86 91 92 98
175 0 5 6 7 8 10 11 12 13 15 17 23 27 35 36 38 41 54 55 61 62 67 68 71 79 80 83 84 88 92
176 1 5 9 27 35 39 52 69 71 74 75 77 81 90 99
177 2 9 10 14 18 24 27 30 33 49 58 63 64 68 69 78 85 86 92 94 96
178 0 3 16 34 35 45 47 52 54 57 58 61 64 68 69 76 79 80 86 92 96
179 12 15 22 25 36 39 44 48 49 56 74 80 81 96
180 0 3 12 15 21 25 26 27 31 38 53 57 62 66 68 70 71 77 80 81 83 93 97
181 3 12 14 16 19 31 32 37 40 44 55 58 61 88 99
182 5 8 11 23 25 31 37 39 41 50 51 57 60 79 89 92 95 99
183 7 16 25 31 32 34 35 36 38 42 45 55 58 63 64 70 73 75 83 86 88
184 7 15 19 21 33 34 35 38 40 52 54 56 63 67 72 73 75 82 83 85 91 96 99
185 8 11 36 38 39 41 50 60 67 71 81 83 90 93
186 0 1 5 9 12 25 31 32 34 42 52 57 61 63 65 75 81 82 85 86 88 90 98
187 2 8 10 11 12 14 21 22 27 41 42 43 54 56 68 69 71 82 83 84 88 92 95
188 10 13 22 28 33 34 35 45 50 56 63 66 67 84 93 95
189 7 12 14 24 25 26 43 46 47 59 62 67 77 91
190 1 12 17 22 23 25 39 40 50 69 70 74 79 83 84 85 86 96 98
191 1 4 11 14 19 33 43 74 81 85
192 5 6 9 10 15 21 22 38 44 46 51 54 55 56 67 76 78 80 82 89 91 96
193 5 6 11 18 24 29 33 35 36 40 42 44 45 54 56 58 64 69 72 77 86 89 96 98
194 1 2 3 7 13 14 15 22 24 29 31 38 40 49 51 57 71 75 83 85 88 89
195 2 10 14 17 18 22 44 45 49 52 54 61 63 73 74 76 77 78 84 86 95 98
196 1 2 5 7 8 11 14 15 22 25 30 31 32 35 39 46 47 51 64 66 67 68 70 73 84 85 97
197 3 6 10 14 31 34 35 39 45 51 52 54 55 56 57 71 74 81
198 10 20 31 37 38 45 56 66 67 69 79 80 86 94 99
199 9 13 18 38 40 46 55 63 68 74 77 81 85 93 94
200 4 13 15 17 19 21 23 37 38 42 47 56 73 77 78 82 90 91 96 98
201 1 10 24 27 29 33 35 37 41 44 45 60 70 71 85 88 90
202 5 9 10 18 23 26 28 29 34 39 49 58 65 67 70 78 80 81 85 98
203 7 10 12 20 21 26 32 54 55 66 76 78 79 99
204 0 1 3 7 8 20 22 30 38 48 49 50 52 57 61 67 73 75 79 86 91 95 97 98 99
205 10 24 37 45 49 51 56 57 73 75 86 95 97
206 0 5 6 12 14 15 23 24 25 26 34 36 49 51 53 61 62 63 70 72 74 79 81 88 91 92 94 96 99
207 5 6 14 20 24 25 26 37 43 44 49 53 56 57 58 61 65 66 75 76 77 78 79 93 97
208 1 7 16 21 24 29 40 44 47 48 49 58 65 75 79 86 91 98
209 6 12 15 20 23 25 30 32 41 44 47 50 53 54 55 58 62 69 73 76 77 83 87 94
210 3 9 20 25 30 32 33 34 35 39 40 41 56 62 68 73 88 91 92 96 98
211 2 4 10 11 16 18 20 29 39 42 46 58 59 63 66 74 77 81 85 96 99
212 1 6 18 19 21 22 28 37 39 43 45 50 54 69 74 79 85 88 90 92 95
213 2 4 27 30 40 42 46 50 59 60 62 64 65 70 73 78 79 85 86 88 98
214 1 10 15 17 20 26 27 28 33 45 46 47 54 60 61 63 69 74 81 82 83 84 87 96 97
215 0 4 6 9 16 17 19 21 23 35 38 41 44 46 47 48 50 60 67 73 75 76 78 80 81 89 91 92 96
216 10 18 20 29 37 42 45 46 52 53 58 61 78 79 88 89 94 98
217 3 4 9 10 12 13 14 16 17 18 36 38 51 55 61 63 67 75 84 85 86 89 93 96
218 3 7 8 12 13 18 29 35 38 40 43 45 50 61 65 69 72 74 82 89 92
219 0 6 7 57 59 64 66 69 72 73 78 79
220 1 7 8 12 15 17 19 22 24 29 32 46 59 61 64 78 80 86 88 89 91 95
221 13 17 18 19 20 31 36 37 42 49 52 69 74 77 81 84 87 91 98
222 0 2 3 5 12 16 18 23 25 26 28 29 35 42 45 53 59 62 64 68 72 74 83 88 94 95 97
223 0 6 12 15 23 35 43 50 51 60 77 87 92 93 97 98 99
224 0 1 6 19 23 26 29 38 39 41 42 51 58 59 71 80 92 97
225 1 3 15 17 19 25 30 34 37 40 41 46 49 61 63 69 71 77 79 86 91 92 94 97
226 0 2 5 10 11 14 15 28 32 33 40 41 49 52 55 56 71 75 76 84 88 89 91 95 98
227 3 7 18 22 26 33 34 35 49 51 61 66 69 75 81 87 88 91 98
228 5 6 11 17 28 33 34 68 74 75 76 80 89 92 95
229 5 13 19 24 31 35 39 40 43 44 47 54 55 58 59 72 87 89
230 1 5 7 8 18 20 21 31 33 35 40 41 42 50 55 57 73 95
231 0 1 14 15 17 18 23 29 33 37 39 45 49 52 53 56 63 66 67 70 71 74 75 78 81 90 91 93
232 4 13 14 18 19 25 28 31 35 38 43 44 45 46 47 56 59 60 62 68 72 74 82 84 95 99
233 8 12 13 23 27 28 32 34 35 43 46 47 50 62 70 72 83 91 94 95
234 3 6 9 17 43 44 45 53 57 63 64 74 75 79 80 93 96
235 4 5 7 13 24 25 26 35 37 45 47 49 53 57 63 69 71 72 73 76 77 88 91 93 99
236 6 14 17 19 22 24 29 34 35 38 42 47 52 55 62 71 88
237 2 14 21 23 28 29 31 33 40 44 45 47 52 57 71 75 82 87 94
238 8 15 19 27 30 33 35 45 48 56 59 61 73 75 77 79 87 90 93 97 98
239 1 7 22 27 31 34 36 51 54 57 58 66 67 68 71 72 76 80 81 82 84 89 99
240 12 13 14 15 19 20 22 24 26 31 37 42 44 48 50 52 53 70 79 84 86 92 95
241 2 9 10 11 13 15 16 18 22 27 35 39 49 56 58 60 68 73 74 77 80 81 91 95 98
242 13 15 17 20 27 31 35 40 41 45 48 56 59 67 68 69 83 86 95 96
243 0 1 8 15 16 22 24 26 29 30 42 51 65 84 89 97
244 1 12 21 39 48 70 84 85 96 98 99
245 4 7 9 11 17 19 24 28 31 37 39 42 48 55 61 62 66 68 69 71 77 78 83 88 96 97 99
246 0 7 8 9 19 23 26 27 35 45 47 50 76 77 83 84 90
247 0 1 2 8 10 11 12 14 17 22 25 29 38 50 51 56 59 63 68 79 83 84 89 96
248 24 26 31 33 48 50 52 53 58 59 72 77 82 83 85 98 99
249 1 2 7 13 15 21 24 25 29 49 51 57 58 60 67 84 85 86 87 89 94 95 98
250 9 10 15 19 20 28 30 32 37 45 55 57 62 63 70 82 85 89 92 93
251 0 3 4 16 17 24 27 33 36 46 52 58 63 65 66 73 85 89 93 94 97 98
252 0 1 9 16 21 27 32 34 36 38 46 50 54 61 64 75 79 81 82 96
253 5 11 12 19 21 23 29 46 52 53 55 57 65 68 73 74 87 91 92 98 99
254 2 7 13 21 34 38 44 47 48 49 57 58 60 67 75 77 79 80 87 89 94
255 6 19 23 28 35 36 55 58 59 63 66 69 73 92
