0 33913959 18537646 64980878 60140141 49849615 33737722 32277870 17975248
1 36787545 35933019
2 13326719 18537646 63273 56 20878405 43639514 10829597 21401443 2165384 25678227 39482285 27532693
3 68263002 12244467 22742053 53289240 23637723 52557389 64980878 60140141 33078588 6726778 20979746 10933209 47823180 49849615 63 524993 52630202 41126705 34689126 67635883 20169232 55476622 34957872 33276697 25207919 42113600 55 56785962 27532693
4 300241 53280908 3676 5037 55476622
5 326575 33054001 8163 343678 66115189 35608560 49965450 250 13094124 2700573 5027158 32581846 46053087 40616711 56676771 52353780 29349169 3678155 58770829 456237 54530077 17335976 6683387 6508 957689 33148745 27895065 43639514 23109295 96759519 37154532 44345464 29464166 16446087 12607615 711 29640359 733752 23402051 211984 40368555 4522954
6 23820213 8030023 798041
7 36787545 64980878 35683765 49849615 33737722 49429736 32277870 55476622 21401443
8 40296147 374 50670410 84299 10227805 20648916
9 26625961 20003922 7862131 19274133 300241 5027158 28551727 45743656 25 15282086 15152413 30062798 9498128 1267 12139392 8710148 5502303 9063838 9093006 8023848
10 3090834 27184573 68263002 847100 26674344 62830729 20003922 12065 28845160 3809586 6263996 1041468 32160614 22742053 2039778 29049670 18768371 70034991 250 23304496 49069650 27038667 27059963 32169030 359911 28658784 32581846 64980878 57837 22108446 60140141 20979746 51221821 207831 2089898 26326157 16011437 98093993 71428278 60308 23941010 68218830 21168682 89023 137760 21782002 34883517 57311413 71741545 104224126 76088560 21435877 28524639 46891492 25597480 1584125 49849615 33737722 2786175 19552815 35169624 1751376 15152413 35979824 25380626 155954 32277870 27154626 23705146 34959094 1566053 173891 9498128 27059851 23109295 242652 43517580 12139392 6100713 315 18249708 27136800 20868929 23361078 27098092 4304577 43462544 23702661 5502303 52630202 22229 10249245 2258789 20169232 40680 11141453 34779149 21401443 4285598 8116149 44934832 23402051 34499332 18527031 55 39236499 9093006 9072377 21380046 327201 2315987 22736114 34777837 1392957 15106510 16986287 30767675 31319658 27532693 30266386 1019652
11 44016343 491722 3346 7862131 12065 3809586 300241 1041468 250 17704462 6140500 28551727 27038667 9199 20979746 995173 4796057 3796 1235453 25604655 5940718 2478142 11283939 89023 137760 19816263 912 14727573 670335 52066671 2846583 19724711 6118982 242652 6563062 4304577 151000 1215239 9063838 16446087 283124 4326 16285728 379767 34079523 17484306 33780182
12 12678498
13 3450
14 8163 300241 98331381 4235146 10186 43882751 56 145717 43350645 42956080 16864555 40180261 77988045 78218 67940544 320379 8340830 2128244 9291063 31022965 3601189 283124 55 50621 289753 30767675 4804 186593
15 56905 3437299 12065 3809586 6263996 1041468 9953916 9284243 8715 250 5027158 18424378 9199 56866769 4796057 1235453 291951 304925 2091411 89023 137760 15282086 2786175 35933019 57607828 125323 9498128 242817 8258 242652 12139392 315 57403678 6563062 82339873 4304577 43052530 151000 22229 96759519 9063838 16446087 9974975 4409099 257857 12996 733752 29175030 211984 51106511 167451
16 31524350 11203119 21245022 10933209 7916859 28542288 57403678 34914911
17 22742053 29257408 53289240 52557389 31281892 20979746 27971192 12908334 1047611 57403678 30496554 1215239 45491419 74286 12996 51106511
18 32160614 56
19 662196
20 19624856 559241 5979222 11269496 3437299 4513524 12338650 10545129 31281892 6904 17307892 1235453 291951 129412 40696878 464074 11283939 16513568 137760 19816263 72357221 37696771 4551 50916994 13849986 10429985 8258 16513036 16446087 19020508 10121713 77434579 8187184 94085140 4058873 77050362 12090783 57466174
21 1233932 38191902 28859693
22 20003922 43606005 36524488 70272430 34203973 33993855 52557389 28551727 84204021 23820213 21396707 20430641 11462611 34352731 30238125 19816263 43933222 13080565 41185226 19546487 27136800 52630202 2295629 10423272 31275926 11823021 49054859 22736114 25678227 9999939 34245535 49107082 20954489 728
23 7530419 64543679 995173 27331843 28524639 78218 417060 1267 242652 283124 50621
24 72188644 28920624 64543679 48930 95143256 47218327 39545549 104224126 35933019 55378623 98920964 12996
25 30637940 49466225 318936 82476651
26 39073572
27 7530419 33993855 74100 56 49065210
28 8045419 20953650 62354583 45941918 42113600 27019642
29 993380 6600875 807 35318914 43165524 5297100 19418369 9999939