0 48 139 333 357 472 563 662 688 698 715 725 751 765 766 825 849 878 910 932 969 1017 1107 1112 1116 1145 1171 1242 1255 1258 1281 1314 1350 1385 1433 1613 1635 1712 1716 1796 1966 1980 2001 2140 2162 2170 2267 2338 2414 2416 2424 2449 
1 74 123 172 216 217 221 222 233 327 354 385 439 459 559 641 659 739 790 792 822 828 841 850 853 932 978 1055 1095 1100 1150 1163 1171 1218 1249 1278 1356 1425 1457 1460 1483 1510 1626 1628 1765 1775 1818 1827 1929 1938 1961 1962 1964 1996 2047 2128 2176 2245 2249 2255 2355 2420 2438 
2 24 34 45 53 56 63 80 128 134 153 171 191 205 208 210 217 232 233 235 238 263 272 293 295 319 321 330 346 347 361 381 389 399 419 421 434 439 447 450 451 463 465 475 513 520 525 535 539 581 586 599 607 610 632 634 645 657 673 676 681 690 699 736 739 751 758 781 811 855 871 886 903 911 923 925 986 987 1018 1029 1038 1065 1066 1088 1097 1100 1105 1114 1145 1149 1152 1159 1161 1168 1171 1172 1179 1187 1221 1223 1227 1238 1239 1270 1275 1290 1298 1315 1344 1368 1412 1446 1459 1465 1466 1467 1469 1482 1503 1506 1510 1512 1522 1532 1545 1550 1600 1611 1659 1672 1713 1716 1721 1728 1732 1735 1760 1763 1769 1795 1827 1840 1856 1857 1871 1876 1890 1920 1954 1992 2014 2016 2019 2025 2042 2053 2054 2068 2080 2117 2127 2129 2130 2136 2144 2152 2171 2172 2178 2212 2227 2250 2251 2252 2254 2259 2265 2278 2305 2314 2322 2366 2370 2375 2376 2387 2407 2442 2445 
3 64 72 93 231 298 392 449 549 634 776 788 839 879 1034 1043 1050 1101 1130 1179 1189 1263 1324 1362 1560 1780 1821 2012 2208 2245 2261 2282 2354 
4 0 13 28 35 39 61 68 83 86 95 100 101 110 119 122 125 134 144 147 156 171 173 174 176 179 183 184 191 205 209 211 222 224 234 238 246 265 272 280 281 302 307 325 326 333 336 341 345 360 363 365 367 374 375 384 388 393 397 403 422 423 430 432 436 438 441 451 452 455 458 466 471 472 482 486 505 508 510 524 529 543 551 554 556 562 565 567 572 578 585 586 632 634 653 668 675 686 690 692 694 696 708 709 718 719 726 730 741 745 759 772 775 781 782 794 800 805 814 816 828 835 836 837 842 846 847 848 851 852 858 862 863 865 871 877 878 885 892 894 895 906 907 909 914 920 924 937 940 943 948 960 968 976 984 985 1007 1009 1011 1015 1019 1022 1028 1032 1041 1054 1067 1071 1079 1080 1084 1089 1090 1091 1093 1101 1104 1114 1120 1123 1134 1137 1142 1143 1145 1152 1156 1157 1164 1166 1172 1177 1185 1186 1193 1199 1202 1214 1215 1222 1223 1228 1231 1233 1241 1256 1257 1263 1269 1276 1278 1280 1281 1286 1287 1297 1304 1305 1309 1310 1328 1331 1335 1349 1358 1360 1364 1366 1371 1377 1379 1393 1412 1423 1427 1430 1435 1436 1438 1440 1447 1448 1450 1452 1462 1466 1474 1477 1485 1490 1494 1500 1509 1511 1525 1526 1556 1563 1566 1568 1571 1577 1582 1595 1600 1604 1615 1622 1632 1642 1651 1656 1661 1662 1671 1676 1678 1689 1714 1735 1738 1754 1763 1764 1765 1768 1772 1775 1776 1778 1786 1791 1799 1804 1810 1814 1822 1836 1846 1850 1862 1867 1871 1873 1880 1881 1882 1900 1903 1912 1913 1923 1929 1936 1937 1943 1944 1955 1957 1958 1963 1967 1972 1976 1978 2001 2008 2012 2013 2014 2017 2019 2029 2052 2053 2055 2058 2059 2062 2066 2067 2073 2076 2083 2092 2094 2095 2097 2101 2103 2106 2114 2123 2127 2128 2132 2157 2161 2162 2165 2168 2175 2181 2184 2190 2192 2194 2201 2202 2204 2208 2214 2229 2239 2240 2256 2262 2265 2267 2270 2290 2293 2299 2302 2305 2337 2343 2347 2350 2361 2364 2369 2370 2373 2379 2380 2382 2387 2402 2409 2414 2415 2417 2427 2429 2433 2438 2442 2446 2448 
5 614 956 1107 1302 1403 
6 58 107 111 135 232 442 542 600 655 684 736 842 952 980 1064 1156 1367 1393 1395 1431 1456 1500 1532 1618 1718 1893 2119 2310 
7 1 34 39 124 142 150 176 177 214 250 273 289 318 320 345 374 410 438 478 561 568 589 636 638 644 648 691 694 704 774 798 822 823 862 869 872 913 919 930 944 967 980 1032 1038 1041 1060 1087 1134 1141 1149 1152 1166 1169 1171 1206 1222 1234 1235 1247 1249 1290 1315 1343 1354 1364 1365 1367 1374 1393 1430 1438 1446 1454 1512 1515 1521 1532 1540 1599 1622 1689 1797 1805 1827 1833 1851 1862 1888 1896 1912 1914 1943 1975 2016 2023 2026 2041 2047 2056 2071 2139 2181 2195 2221 2250 2270 2290 2311 2350 2357 2358 2375 2383 2399 2417 2428 
8 86 92 101 138 339 369 543 553 555 563 568 590 641 758 792 812 818 872 911 925 933 1077 1079 1087 1194 1201 1218 1241 1252 1279 1294 1300 1343 1389 1510 1518 1519 1583 1585 1591 1599 1727 1766 1789 1888 1964 1988 2017 2039 2142 2201 2313 2340 2385 2409 2431 
9 2 24 58 79 82 83 89 92 110 111 164 185 189 195 243 245 291 301 305 306 314 316 330 339 361 364 369 381 394 411 485 489 561 655 664 747 748 792 793 808 812 817 818 828 847 850 855 917 921 925 927 951 965 970 997 1002 1003 1030 1062 1069 1089 1101 1118 1169 1174 1183 1205 1206 1212 1225 1226 1238 1333 1346 1369 1386 1415 1465 1472 1490 1492 1495 1496 1515 1541 1552 1553 1577 1578 1580 1585 1587 1589 1597 1598 1610 1635 1654 1658 1660 1666 1677 1679 1682 1692 1693 1727 1729 1759 1770 1783 1797 1803 1807 1828 1850 1884 1889 1899 1909 1916 1922 1928 1953 1982 2005 2062 2063 2101 2151 2190 2200 2221 2223 2228 2258 2269 2270 2286 2308 2310 2313 2387 2409 2423 2431 
10 65 347 713 2192 
11 206 321 376 403 449 874 960 1043 1124 1233 1303 1348 1609 2028 2175 2184 2246 2295 2326 
12 1 6 32 33 36 47 54 76 80 82 83 90 92 102 117 119 127 138 150 151 163 173 174 177 183 189 197 199 204 208 221 224 229 240 245 252 259 264 281 285 289 290 299 305 315 318 321 326 328 331 332 352 358 371 372 380 383 393 405 411 432 434 443 447 454 459 460 472 479 489 495 496 500 503 520 521 523 543 544 561 566 568 572 575 577 579 580 581 589 604 615 620 657 663 669 672 677 680 690 691 697 702 732 738 754 762 772 794 804 816 817 818 828 829 844 853 857 861 862 871 874 875 883 885 888 899 901 903 908 909 913 915 929 941 944 945 951 958 976 978 980 982 984 985 987 994 996 997 1003 1012 1014 1016 1019 1025 1026 1030 1038 1041 1043 1065 1067 1089 1091 1109 1113 1115 1127 1142 1145 1152 1156 1158 1175 1180 1182 1201 1207 1217 1218 1224 1229 1237 1241 1257 1271 1272 1274 1295 1305 1314 1319 1322 1332 1341 1343 1366 1367 1370 1376 1386 1387 1388 1391 1392 1406 1411 1415 1420 1423 1448 1451 1452 1456 1459 1461 1466 1472 1480 1481 1489 1492 1507 1517 1531 1588 1597 1600 1623 1626 1628 1629 1641 1644 1646 1647 1650 1670 1673 1676 1679 1683 1693 1694 1706 1710 1733 1737 1749 1751 1752 1754 1761 1768 1770 1772 1778 1782 1798 1799 1802 1825 1828 1829 1848 1855 1877 1882 1883 1884 1886 1889 1920 1931 1933 1939 1946 1948 1958 1968 1971 1981 1990 1992 2003 2010 2020 2024 2026 2043 2068 2071 2085 2090 2100 2113 2114 2121 2128 2142 2149 2159 2171 2195 2198 2200 2215 2222 2233 2236 2247 2248 2254 2259 2269 2272 2277 2290 2292 2297 2298 2305 2307 2310 2314 2328 2340 2352 2357 2368 2374 2375 2395 2398 2400 2407 2422 2423 2436 2444 2449 
13 11 13 14 18 25 28 32 35 39 43 46 51 55 56 62 70 79 84 90 95 97 99 100 101 102 110 111 112 113 116 118 122 123 125 127 131 132 136 139 142 145 146 147 154 156 157 161 163 165 166 167 171 173 174 178 182 184 187 189 190 191 200 207 211 213 217 218 226 233 234 243 246 249 254 257 261 265 267 272 274 275 280 281 283 288 292 293 295 296 297 298 301 303 304 305 310 314 317 323 325 326 336 341 343 350 357 361 362 370 374 378 380 389 393 395 403 408 415 417 418 420 422 424 435 436 440 441 444 451 452 453 455 456 462 465 471 474 476 482 486 487 489 492 496 497 505 506 510 512 519 520 522 524 529 533 534 536 541 543 546 547 549 554 555 557 562 567 568 572 574 580 582 584 585 594 596 600 603 607 608 609 610 616 621 623 633 640 645 648 653 654 657 667 668 671 672 673 679 680 685 686 687 689 692 695 701 702 703 710 711 712 719 720 722 723 725 726 730 731 734 735 737 740 741 751 752 753 754 755 759 765 769 771 775 779 781 788 789 791 794 800 803 807 810 811 821 823 826 829 830 832 834 846 847 851 858 859 864 867 873 877 878 886 890 892 893 895 896 897 899 901 906 907 912 917 920 924 926 929 933 939 940 941 943 950 954 956 962 963 967 970 976 978 984 986 987 988 989 993 996 999 1005 1007 1011 1014 1015 1018 1020 1026 1027 1035 1040 1043 1044 1047 1051 1053 1058 1060 1063 1066 1077 1080 1081 1082 1086 1090 1091 1093 1094 1096 1098 1102 1103 1113 1114 1116 1122 1123 1125 1131 1132 1133 1134 1136 1141 1143 1147 1148 1160 1165 1166 1168 1172 1173 1179 1182 1184 1191 1195 1199 1200 1201 1202 1203 1204 1210 1215 1223 1228 1238 1240 1242 1244 1251 1253 1258 1260 1261 1262 1263 1264 1270 1275 1276 1277 1282 1286 1289 1295 1296 1297 1304 1309 1310 1311 1315 1316 1320 1321 1324 1330 1331 1335 1336 1339 1342 1349 1350 1352 1353 1354 1375 1377 1379 1382 1385 1391 1397 1400 1412 1420 1424 1425 1427 1450 1452 1458 1464 1468 1469 1474 1477 1486 1493 1498 1499 1502 1503 1508 1509 1511 1514 1519 1522 1524 1529 1530 1533 1537 1545 1550 1556 1557 1558 1560 1563 1569 1570 1571 1575 1578 1579 1581 1582 1583 1596 1604 1606 1608 1615 1619 1622 1629 1630 1631 1635 1637 1641 1646 1647 1651 1652 1658 1659 1661 1662 1673 1674 1675 1686 1696 1697 1698 1699 1701 1706 1708 1714 1715 1716 1722 1723 1724 1730 1731 1732 1733 1734 1735 1737 1753 1754 1755 1756 1762 1765 1767 1768 1772 1775 1780 1781 1782 1784 1787 1788 1790 1798 1800 1801 1805 1809 1812 1813 1814 1818 1820 1821 1822 1823 1827 1828 1831 1835 1838 1839 1841 1844 1846 1849 1851 1852 1855 1857 1860 1863 1865 1867 1868 1870 1871 1873 1874 1878 1881 1886 1897 1899 1901 1904 1911 1913 1916 1918 1921 1924 1925 1941 1943 1944 1950 1951 1952 1954 1955 1956 1959 1961 1965 1966 1967 1969 1972 1977 1978 1980 1983 1985 1986 1987 1988 1994 1999 2001 2002 2007 2009 2013 2015 2017 2018 2022 2025 2026 2028 2029 2030 2034 2035 2037 2039 2048 2051 2052 2054 2057 2058 2060 2062 2066 2067 2074 2077 2080 2081 2084 2088 2090 2092 2095 2097 2103 2105 2106 2107 2116 2119 2121 2122 2123 2126 2127 2134 2143 2144 2149 2151 2152 2155 2158 2161 2167 2169 2170 2172 2173 2177 2182 2186 2187 2190 2193 2196 2199 2202 2204 2205 2214 2215 2224 2230 2237 2240 2243 2247 2248 2249 2250 2252 2256 2260 2261 2262 2264 2267 2271 2275 2281 2283 2293 2294 2297 2299 2300 2301 2302 2312 2316 2320 2323 2328 2329 2330 2331 2333 2334 2340 2341 2347 2350 2353 2354 2358 2361 2364 2370 2372 2373 2374 2377 2379 2380 2381 2382 2383 2386 2392 2395 2401 2402 2404 2405 2409 2410 2412 2419 2421 2424 2428 2429 2436 2437 2439 2440 2442 2444 2446 2447 2448 2450 2451 
14 206 256 521 946 1014 1038 1181 1245 1323 1339 2086 2270 2402 
15 93 117 289 339 384 485 516 519 591 606 657 787 850 860 887 937 938 1036 1148 1213 1287 1326 1523 1525 1566 1632 1691 1797 1859 2057 2112 2125 2146 2176 2201 2220 2280 2353 2392 
16 4 7 23 25 44 46 64 79 88 90 95 97 98 103 109 113 127 128 134 136 150 160 165 170 175 190 191 199 201 213 228 234 238 241 254 259 261 278 283 286 293 301 302 303 304 306 309 322 326 332 344 349 359 368 379 384 387 397 407 417 424 437 442 445 448 449 453 458 463 484 512 525 530 539 541 544 545 558 559 563 581 593 594 598 601 625 628 630 643 650 652 653 687 690 699 707 710 714 715 716 722 739 749 759 763 764 790 811 814 830 844 853 860 897 901 905 911 914 918 921 922 966 979 983 989 992 1003 1022 1037 1042 1051 1052 1057 1066 1071 1073 1075 1080 1097 1108 1114 1124 1129 1148 1151 1159 1180 1181 1182 1183 1190 1200 1213 1220 1227 1229 1233 1234 1240 1249 1253 1268 1271 1272 1275 1297 1298 1313 1315 1336 1357 1368 1381 1383 1388 1389 1402 1408 1413 1425 1431 1434 1435 1467 1469 1473 1475 1479 1496 1498 1501 1506 1507 1510 1536 1538 1554 1561 1571 1576 1580 1584 1592 1596 1603 1606 1612 1618 1624 1629 1634 1640 1660 1663 1665 1668 1701 1704 1709 1710 1713 1714 1720 1721 1723 1725 1735 1741 1744 1745 1746 1767 1778 1791 1793 1795 1820 1824 1833 1836 1847 1852 1853 1857 1859 1861 1865 1875 1880 1886 1891 1893 1896 1901 1910 1916 1919 1923 1928 1932 1937 1938 1949 1950 1961 1969 1975 1984 1988 1990 2003 2011 2026 2029 2031 2036 2039 2042 2051 2053 2063 2072 2075 2082 2086 2089 2098 2117 2121 2146 2148 2158 2160 2183 2195 2210 2219 2223 2225 2226 2235 2240 2244 2249 2251 2253 2259 2267 2268 2270 2289 2295 2299 2304 2317 2332 2336 2341 2346 2354 2358 2376 2387 2396 2412 2416 2432 2447 2450 
17 6 19 33 39 40 100 102 105 120 137 145 157 159 165 174 179 181 186 193 209 211 222 224 231 235 248 252 253 261 270 271 293 301 306 317 325 327 332 336 338 341 375 381 383 384 385 393 396 408 422 424 425 438 447 455 458 467 474 479 488 505 509 513 520 526 529 532 533 536 539 556 565 575 613 617 618 625 627 630 654 687 691 692 694 710 711 726 742 745 772 785 805 811 834 843 846 849 852 862 871 878 881 884 892 895 902 906 914 919 920 924 937 946 959 963 967 1009 1026 1037 1057 1091 1111 1115 1123 1143 1145 1156 1161 1163 1164 1172 1176 1185 1186 1191 1193 1220 1222 1258 1269 1287 1292 1295 1297 1304 1310 1311 1320 1348 1366 1371 1374 1390 1394 1400 1417 1423 1436 1438 1443 1445 1462 1469 1470 1471 1489 1494 1502 1507 1511 1563 1575 1583 1604 1611 1618 1620 1622 1632 1639 1649 1681 1697 1738 1741 1754 1764 1775 1790 1804 1807 1810 1822 1867 1871 1874 1879 1882 1885 1886 1903 1913 1923 1938 1948 1958 1967 1974 1978 1981 1983 1992 1993 2024 2055 2058 2062 2067 2083 2097 2098 2133 2158 2160 2170 2181 2193 2194 2195 2202 2207 2226 2249 2251 2256 2265 2271 2273 2279 2284 2290 2344 2361 2398 2402 2415 2425 2427 2428 2429 2430 2431 2437 2445 
18 10 13 38 40 44 48 50 86 111 112 125 126 133 144 172 174 177 191 197 200 204 209 213 221 231 248 254 265 269 283 300 315 319 327 331 335 344 346 352 354 356 382 391 393 396 416 434 449 450 464 485 489 494 496 501 508 527 530 538 563 564 582 585 600 614 633 637 639 649 664 673 688 689 696 701 704 705 706 713 725 727 762 766 768 775 777 785 795 802 806 817 819 851 856 860 867 885 894 919 926 952 968 970 983 984 986 996 1009 1012 1032 1034 1035 1041 1052 1061 1075 1078 1079 1081 1096 1104 1106 1110 1119 1131 1158 1170 1179 1180 1187 1188 1194 1206 1220 1222 1233 1239 1250 1309 1313 1316 1317 1320 1323 1335 1340 1349 1353 1387 1391 1402 1406 1417 1418 1428 1439 1449 1462 1463 1472 1479 1482 1494 1495 1497 1500 1504 1505 1513 1537 1539 1547 1568 1576 1590 1602 1612 1614 1625 1642 1643 1660 1680 1695 1700 1708 1724 1738 1753 1754 1755 1779 1787 1797 1815 1843 1847 1848 1854 1857 1865 1873 1887 1892 1906 1910 1919 1930 1937 1948 1953 1964 1975 2002 2023 2024 2031 2032 2042 2051 2074 2094 2095 2099 2103 2106 2113 2115 2128 2138 2139 2142 2157 2160 2181 2187 2189 2199 2206 2207 2223 2244 2245 2270 2272 2280 2295 2299 2304 2305 2323 2334 2335 2341 2349 2363 2364 2371 2387 2390 2404 2407 2418 2430 
19 39 45 74 84 96 99 102 106 113 114 121 163 170 190 196 209 255 291 309 313 315 317 331 332 357 358 392 394 405 427 435 457 458 466 469 471 474 481 484 488 492 494 504 512 526 527 528 544 545 556 563 575 582 586 591 598 601 613 617 649 661 665 678 689 705 710 728 738 741 742 748 755 756 763 764 774 775 782 793 812 818 830 836 865 870 879 896 912 914 927 958 971 990 1022 1029 1049 1068 1071 1107 1112 1160 1170 1177 1183 1185 1186 1192 1203 1214 1228 1240 1261 1268 1273 1293 1310 1317 1320 1323 1340 1368 1373 1374 1377 1382 1387 1407 1429 1459 1469 1472 1488 1492 1500 1522 1530 1537 1566 1568 1570 1599 1608 1616 1624 1643 1659 1705 1724 1741 1747 1749 1762 1769 1772 1787 1792 1801 1807 1814 1817 1829 1849 1883 1886 1896 1924 1939 1943 1956 1961 1967 1992 1997 2001 2017 2019 2034 2049 2052 2055 2071 2077 2081 2104 2111 2113 2114 2120 2128 2132 2133 2149 2151 2152 2154 2158 2164 2168 2184 2208 2209 2289 2317 2359 2378 2397 2437 
20 6 14 20 33 46 50 52 54 58 61 76 82 100 107 119 121 122 124 127 157 167 176 177 190 199 206 214 224 236 245 254 257 258 280 283 285 289 301 307 323 324 326 334 339 375 376 388 390 394 411 431 432 434 446 452 455 459 465 471 478 481 484 490 500 505 531 540 572 579 587 590 594 609 628 630 635 641 642 644 655 657 668 669 670 673 677 679 682 688 691 694 705 724 736 755 758 762 763 793 804 812 828 841 854 857 861 862 872 882 896 899 900 908 923 927 930 947 951 955 971 982 984 985 987 995 1001 1007 1016 1019 1028 1037 1045 1047 1054 1057 1067 1078 1087 1090 1112 1133 1134 1138 1147 1153 1159 1164 1165 1168 1175 1202 1216 1219 1224 1225 1226 1228 1232 1233 1237 1259 1262 1265 1266 1267 1271 1274 1275 1280 1283 1298 1302 1303 1309 1312 1318 1319 1328 1332 1335 1346 1361 1364 1367 1372 1374 1382 1384 1389 1415 1432 1438 1442 1445 1447 1448 1459 1461 1463 1464 1466 1483 1485 1487 1490 1509 1525 1526 1530 1531 1546 1548 1552 1555 1556 1578 1587 1589 1597 1598 1600 1601 1623 1627 1644 1646 1647 1650 1662 1673 1676 1679 1686 1688 1699 1701 1708 1743 1750 1752 1756 1759 1764 1770 1773 1774 1777 1782 1798 1810 1816 1818 1827 1830 1835 1848 1856 1859 1861 1877 1879 1880 1900 1902 1903 1913 1914 1915 1928 1930 1931 1937 1940 1957 1958 1965 1968 1970 1971 1972 1991 1998 2008 2010 2013 2043 2048 2050 2051 2069 2070 2100 2102 2114 2128 2130 2132 2150 2162 2163 2176 2194 2196 2198 2207 2211 2222 2233 2243 2247 2251 2272 2282 2285 2290 2297 2298 2314 2319 2322 2329 2342 2343 2349 2350 2365 2366 2367 2368 2369 2372 2378 2379 2388 2398 2407 2409 2411 2423 2436 2438 2443 
21 22 60 96 156 159 164 165 176 184 185 193 201 204 208 252 255 283 290 299 332 343 349 353 355 361 367 385 388 394 405 422 492 529 557 558 566 574 580 588 590 606 619 631 642 680 694 723 739 754 774 791 834 835 843 850 862 876 886 890 930 964 1028 1031 1041 1073 1088 1089 1107 1120 1143 1147 1151 1157 1167 1169 1181 1185 1211 1213 1236 1260 1327 1337 1349 1351 1393 1397 1406 1450 1532 1579 1592 1625 1639 1652 1659 1666 1685 1686 1727 1732 1743 1815 1839 1840 1857 1896 1902 1909 1912 1932 1933 2008 2009 2014 2055 2059 2071 2087 2094 2100 2101 2103 2128 2137 2149 2175 2181 2182 2188 2218 2239 2245 2254 2258 2276 2341 2348 2358 2400 2415 2422 2438 2446 
22 15 23 33 167 232 266 322 324 334 406 427 563 622 630 677 793 812 825 861 981 1003 1043 1072 1164 1226 1320 1367 1373 1410 1421 1492 1516 1548 1555 1589 1627 1650 1666 1687 1750 1773 1894 1908 1939 1973 2061 2093 2094 2208 2239 2298 2398 2442 
23 1 20 33 47 51 53 55 58 61 75 76 77 78 82 84 85 88 89 90 92 95 101 112 115 131 137 138 145 149 151 152 167 173 177 178 186 189 194 204 230 236 240 245 246 250 252 259 261 269 283 285 291 299 307 328 332 334 336 339 345 352 357 364 376 377 386 387 394 405 411 413 416 422 443 444 454 464 465 485 496 500 503 507 517 523 561 570 577 579 596 602 604 616 622 629 640 648 655 661 669 670 677 682 703 747 768 771 782 789 792 793 800 804 808 818 824 825 828 829 833 837 838 840 842 844 845 860 861 863 864 865 875 880 882 888 894 903 908 909 915 917 918 923 934 938 945 947 948 951 956 965 968 969 987 991 997 1001 1019 1023 1025 1029 1032 1035 1038 1048 1054 1058 1084 1089 1118 1124 1125 1137 1147 1149 1156 1164 1166 1172 1207 1211 1217 1218 1238 1241 1262 1271 1277 1278 1280 1305 1308 1318 1319 1332 1334 1346 1347 1356 1361 1366 1367 1370 1372 1376 1380 1383 1387 1392 1406 1408 1415 1429 1440 1450 1456 1465 1480 1487 1489 1492 1501 1506 1508 1515 1516 1517 1531 1541 1548 1552 1554 1557 1579 1583 1585 1587 1589 1593 1598 1603 1607 1610 1614 1617 1629 1647 1648 1650 1652 1660 1665 1667 1676 1679 1683 1692 1693 1697 1706 1727 1742 1746 1749 1759 1760 1762 1767 1770 1777 1798 1802 1823 1832 1855 1859 1878 1881 1884 1891 1893 1895 1904 1905 1910 1919 1922 1929 1931 1933 1939 1940 1946 1947 1950 1960 1982 1983 1999 2005 2020 2021 2026 2027 2034 2039 2041 2043 2060 2063 2085 2107 2109 2111 2113 2128 2131 2154 2159 2167 2176 2182 2187 2188 2194 2200 2221 2222 2233 2243 2248 2259 2263 2266 2268 2269 2272 2281 2285 2288 2289 2290 2298 2308 2311 2340 2342 2357 2362 2372 2381 2383 2385 2386 2388 2398 2411 2416 2422 
24 1 2 4 7 9 17 20 26 27 30 31 32 33 48 49 51 52 53 55 59 60 62 68 69 70 72 76 77 78 82 87 89 92 95 104 109 110 114 116 123 127 129 132 133 134 136 140 141 149 151 153 160 162 168 170 178 181 187 190 192 195 198 202 203 207 213 215 221 223 225 226 227 230 237 241 242 244 248 249 250 253 260 266 267 275 276 277 284 299 306 308 311 313 314 320 323 324 338 340 343 345 347 349 357 370 371 372 381 382 384 386 389 398 401 412 413 416 425 426 431 435 440 442 443 445 446 454 460 464 469 475 480 485 491 493 499 501 502 507 511 512 514 518 522 539 546 548 552 557 558 559 564 565 566 568 569 571 583 584 588 592 594 596 598 600 602 603 606 612 613 614 615 626 628 629 641 651 660 664 667 672 673 674 676 686 687 700 703 712 715 717 721 723 728 729 731 733 735 737 742 743 744 750 755 756 757 764 770 779 780 782 783 784 786 787 789 791 794 797 799 801 803 806 810 817 820 824 826 828 829 831 833 837 840 843 844 845 848 850 859 867 870 882 883 884 885 886 889 898 922 923 924 931 934 935 946 949 953 958 961 964 965 966 970 974 975 984 985 993 995 1002 1003 1004 1005 1008 1020 1021 1025 1031 1033 1034 1035 1036 1039 1040 1044 1047 1048 1049 1051 1056 1059 1066 1070 1074 1076 1077 1109 1110 1116 1118 1121 1125 1128 1130 1136 1141 1146 1148 1149 1152 1154 1155 1157 1162 1166 1168 1169 1173 1176 1180 1181 1182 1183 1188 1191 1197 1198 1204 1208 1209 1210 1213 1221 1225 1228 1230 1234 1236 1245 1248 1264 1265 1270 1273 1274 1279 1282 1284 1287 1294 1297 1299 1301 1306 1308 1316 1324 1325 1326 1333 1334 1338 1341 1342 1345 1349 1352 1359 1361 1363 1366 1370 1380 1382 1383 1384 1393 1396 1401 1404 1408 1409 1411 1414 1416 1420 1421 1426 1428 1430 1437 1472 1475 1476 1478 1482 1483 1484 1490 1496 1498 1501 1502 1505 1509 1519 1523 1528 1530 1534 1541 1542 1543 1546 1548 1549 1553 1558 1564 1566 1567 1568 1572 1573 1574 1575 1578 1580 1585 1587 1594 1595 1597 1599 1603 1604 1605 1606 1607 1609 1610 1612 1618 1619 1631 1636 1637 1641 1645 1647 1648 1650 1651 1652 1653 1654 1657 1664 1668 1675 1676 1677 1678 1684 1686 1690 1697 1701 1703 1711 1722 1724 1725 1726 1732 1737 1739 1740 1743 1744 1757 1760 1762 1765 1771 1772 1774 1780 1785 1788 1791 1792 1794 1800 1808 1809 1812 1813 1815 1819 1831 1832 1838 1844 1845 1849 1858 1860 1866 1868 1869 1870 1872 1878 1883 1884 1893 1898 1900 1901 1904 1906 1907 1910 1911 1914 1918 1923 1927 1933 1938 1950 1951 1954 1959 1960 1961 1966 1968 1969 1972 1979 1982 1983 1985 2000 2005 2006 2011 2012 2018 2021 2022 2025 2027 2028 2030 2033 2034 2035 2036 2039 2040 2045 2048 2050 2054 2056 2060 2065 2077 2078 2081 2084 2085 2087 2091 2096 2098 2101 2104 2105 2108 2110 2114 2122 2124 2126 2131 2136 2141 2145 2148 2149 2150 2153 2160 2164 2165 2166 2171 2177 2178 2179 2185 2187 2188 2192 2195 2202 2203 2206 2210 2213 2215 2216 2223 2224 2231 2232 2233 2238 2241 2242 2243 2245 2253 2254 2257 2263 2269 2270 2271 2272 2281 2283 2287 2288 2293 2294 2297 2300 2306 2308 2313 2316 2317 2318 2323 2324 2336 2344 2348 2353 2354 2360 2362 2366 2374 2383 2385 2388 2391 2395 2396 2409 2410 2411 2412 2422 2425 2433 2434 2439 2440 
25 0 7 12 17 22 29 30 48 64 85 86 109 112 133 136 140 141 149 152 161 165 177 188 189 194 195 199 201 203 205 218 219 221 225 234 235 237 239 241 242 243 247 259 283 289 299 303 319 322 329 338 343 344 345 350 356 367 368 370 372 375 377 379 381 390 392 394 396 404 405 407 409 417 429 430 433 439 440 441 456 460 461 463 464 469 470 475 479 482 483 488 492 494 498 501 502 504 510 515 519 534 537 538 540 544 547 554 557 559 561 564 580 594 599 600 611 614 620 624 627 632 633 634 644 647 660 662 671 675 680 681 688 696 700 701 709 713 732 733 739 747 748 749 761 762 767 770 778 781 782 785 796 800 802 809 817 820 821 822 835 842 855 861 865 867 871 883 891 894 897 901 902 903 904 910 911 916 929 934 935 937 957 963 968 974 977 988 989 990 991 1006 1012 1018 1019 1022 1027 1033 1041 1042 1046 1049 1052 1054 1055 1057 1059 1061 1066 1078 1085 1086 1096 1099 1106 1140 1142 1147 1149 1154 1159 1162 1173 1177 1181 1184 1186 1189 1198 1206 1210 1227 1232 1235 1245 1248 1250 1259 1260 1273 1274 1275 1276 1277 1278 1285 1287 1288 1293 1296 1300 1303 1310 1316 1322 1344 1354 1355 1356 1357 1358 1362 1366 1368 1384 1389 1399 1400 1402 1409 1423 1434 1449 1454 1457 1464 1467 1471 1480 1481 1485 1500 1501 1504 1506 1509 1512 1532 1536 1538 1539 1544 1546 1554 1555 1565 1569 1570 1577 1579 1586 1592 1608 1610 1613 1627 1629 1634 1635 1642 1652 1661 1665 1669 1670 1671 1672 1677 1678 1679 1682 1685 1691 1694 1695 1698 1702 1708 1714 1715 1717 1718 1720 1728 1731 1734 1740 1742 1743 1748 1756 1763 1773 1777 1793 1799 1817 1821 1823 1824 1829 1840 1851 1852 1859 1875 1885 1887 1909 1913 1917 1921 1924 1925 1926 1935 1937 1938 1941 1948 1951 1956 1957 1960 1965 1975 1980 1982 1987 1988 1989 1993 2004 2005 2015 2016 2019 2024 2032 2035 2036 2045 2047 2048 2053 2057 2059 2070 2075 2079 2080 2082 2083 2088 2089 2090 2096 2100 2103 2105 2118 2120 2130 2134 2137 2138 2143 2165 2189 2192 2198 2199 2201 2202 2205 2227 2234 2260 2263 2264 2268 2275 2279 2284 2287 2289 2291 2293 2303 2310 2313 2317 2321 2322 2326 2328 2330 2332 2338 2339 2346 2354 2355 2363 2366 2367 2380 2381 2382 2389 2392 2395 2404 2406 2407 2408 2410 2423 2428 2429 2439 2448 2451 
26 144 148 289 358 414 590 653 747 808 819 828 1052 1087 1106 1120 1160 1181 1215 1238 1245 1294 1404 1518 1540 1593 1599 1725 1763 1888 1939 2121 2250 2310 2399 2402 
27 1106 1151 1253 1894 2100 
28 64 156 185 269 455 577 647 709 819 836 837 844 1467 1748 1803 1828 2307 
29 3 43 96 103 136 161 171 221 228 244 286 301 431 453 477 508 535 545 578 598 644 687 704 711 795 834 868 894 905 932 969 1045 1055 1105 1193 1194 1228 1232 1235 1243 1260 1280 1286 1311 1323 1339 1506 1518 1529 1545 1593 1613 1636 1668 1702 1805 1827 1851 1891 1963 1969 2135 2140 2197 2231 2254 2255 2310 2384 2406 
30 419 446 888 1116 1829 2010 2441 
31 28 330 392 397 526 534 593 611 684 868 881 908 916 1039 1218 1244 1254 1519 1595 1710 1724 1754 1764 1814 1821 1832 1951 2171 2267 2283 
32 33 47 63 71 85 115 134 161 193 235 291 304 311 346 369 391 418 490 541 545 557 595 604 630 647 657 708 717 724 741 748 762 764 812 821 844 923 934 943 966 989 1067 1083 1100 1105 1190 1252 1266 1280 1313 1344 1483 1531 1550 1583 1591 1608 1644 1674 1705 1706 1735 1740 1744 1752 1756 1778 1880 1895 1912 1920 1982 2009 2046 2055 2078 2086 2199 2258 2270 2272 2298 2356 2371 2421 2432 
33 61 109 136 236 392 449 508 591 742 776 782 866 1050 1115 1153 1239 1332 1351 1360 1668 1677 1717 1851 1915 1929 1937 2077 2174 2211 2222 2245 2319 2337 2433 
34 16 57 149 150 179 188 193 216 263 281 285 354 468 509 527 553 619 636 676 682 702 736 746 907 928 957 978 980 1024 1099 1110 1234 1257 1385 1463 1577 1640 1665 1697 1717 1718 1790 1827 1942 1946 1955 2015 2016 2023 2047 2057 2119 2139 2169 2195 2278 2296 2407 
35 36 38 40 57 66 92 159 178 182 214 289 291 314 347 353 364 366 402 410 435 459 467 484 490 575 593 601 734 791 827 886 973 989 994 1005 1029 1046 1054 1097 1188 1197 1198 1228 1256 1300 1365 1368 1372 1395 1407 1408 1414 1440 1551 1681 1722 1737 1744 1778 1784 1786 1833 1851 1880 1968 2014 2025 2031 2066 2069 2073 2075 2128 2151 2198 2231 2244 2280 2291 2331 2339 2345 2366 2392 
36 0 2 6 8 9 14 16 17 19 22 24 29 33 34 35 43 45 50 58 60 71 75 76 81 84 85 89 90 92 97 100 101 106 107 113 118 119 120 121 122 130 138 139 145 146 147 148 150 154 156 157 163 164 165 167 169 176 178 181 183 186 187 189 190 192 195 200 207 208 218 220 224 234 240 245 246 253 254 255 263 268 271 272 274 279 283 285 293 297 305 308 317 321 322 323 324 325 326 327 330 331 333 335 336 337 338 340 341 342 356 357 361 364 373 374 377 383 386 391 395 398 400 405 408 409 420 423 425 426 430 436 444 451 452 454 456 457 461 462 465 466 467 472 474 476 479 481 482 484 487 500 502 503 504 505 506 508 512 516 528 530 534 535 536 539 540 543 544 548 561 562 565 567 573 576 582 595 602 609 610 616 621 623 627 628 635 639 641 642 645 648 654 655 656 658 659 660 662 663 667 670 672 673 679 685 686 689 692 694 702 707 711 715 718 719 720 725 726 729 734 736 738 740 741 742 744 752 758 759 762 765 768 771 772 776 778 779 781 785 793 795 796 800 803 811 812 816 818 823 824 827 828 829 832 834 839 846 847 850 851 857 858 863 864 865 866 867 871 875 877 878 884 890 892 893 895 897 902 906 907 919 920 925 927 933 937 940 941 945 947 948 954 956 959 963 971 972 980 981 983 985 986 987 989 990 995 998 999 1001 1006 1010 1013 1014 1016 1017 1019 1022 1023 1026 1027 1031 1033 1034 1037 1038 1042 1045 1046 1047 1049 1051 1054 1058 1061 1062 1063 1064 1067 1068 1071 1084 1087 1090 1091 1093 1095 1096 1098 1103 1110 1111 1112 1113 1118 1120 1125 1127 1131 1132 1133 1134 1136 1137 1138 1140 1141 1143 1145 1147 1155 1158 1163 1164 1166 1172 1173 1179 1185 1186 1187 1194 1195 1199 1203 1211 1214 1215 1217 1219 1226 1228 1232 1233 1234 1235 1237 1240 1241 1242 1244 1245 1246 1260 1262 1268 1271 1274 1275 1278 1280 1281 1282 1286 1288 1293 1296 1297 1300 1304 1309 1310 1311 1312 1314 1317 1319 1320 1321 1322 1324 1328 1330 1332 1339 1340 1347 1350 1353 1361 1362 1364 1368 1369 1371 1374 1376 1379 1382 1385 1389 1390 1400 1401 1404 1410 1411 1420 1429 1438 1440 1445 1446 1447 1448 1450 1458 1461 1462 1466 1470 1471 1474 1476 1477 1483 1489 1492 1493 1495 1498 1499 1501 1502 1503 1509 1511 1512 1514 1517 1519 1521 1524 1529 1533 1534 1537 1548 1550 1552 1556 1557 1560 1561 1563 1569 1571 1575 1576 1577 1578 1579 1580 1581 1588 1589 1596 1598 1599 1601 1607 1614 1616 1620 1621 1622 1627 1631 1635 1638 1643 1644 1649 1650 1651 1662 1671 1674 1676 1681 1691 1692 1694 1696 1697 1698 1702 1708 1710 1714 1719 1722 1723 1730 1731 1734 1736 1740 1743 1745 1755 1764 1765 1768 1769 1770 1775 1776 1781 1782 1790 1796 1799 1801 1802 1803 1804 1806 1814 1818 1819 1821 1822 1823 1824 1830 1846 1848 1850 1851 1852 1855 1857 1859 1860 1861 1867 1874 1877 1879 1880 1886 1887 1888 1902 1903 1908 1912 1926 1929 1937 1940 1943 1944 1945 1947 1950 1952 1953 1958 1959 1963 1965 1967 1968 1972 1975 1977 1978 1982 1983 1985 1986 1988 1989 1993 1994 1998 1999 2008 2011 2022 2026 2028 2041 2046 2053 2054 2055 2057 2059 2062 2067 2070 2074 2075 2079 2086 2092 2097 2099 2100 2102 2104 2107 2110 2112 2114 2117 2120 2121 2127 2133 2134 2135 2143 2149 2150 2151 2154 2158 2162 2163 2168 2172 2173 2177 2180 2186 2189 2190 2191 2192 2194 2196 2197 2198 2202 2203 2207 2209 2214 2218 2220 2226 2229 2230 2231 2233 2237 2240 2243 2257 2259 2262 2272 2273 2285 2293 2297 2298 2302 2303 2305 2313 2315 2316 2324 2327 2328 2329 2333 2338 2340 2342 2343 2344 2347 2353 2359 2361 2365 2369 2372 2373 2379 2382 2385 2388 2396 2399 2401 2404 2405 2407 2409 2416 2419 2421 2422 2427 2429 2431 2433 2436 2438 2444 2447 2448 
37 7 9 22 24 48 49 50 51 52 57 71 74 88 96 98 99 101 108 115 141 144 150 161 162 166 172 182 185 189 192 195 210 212 213 214 219 227 231 233 237 238 244 245 255 256 262 274 291 300 301 302 304 310 311 321 327 328 340 351 353 354 355 356 358 362 369 370 379 382 385 390 393 399 407 421 428 436 437 441 445 448 453 463 465 473 477 483 484 488 494 501 503 506 512 513 523 529 530 537 538 548 553 554 558 559 563 568 577 580 589 593 598 599 621 627 628 634 647 652 653 659 667 675 686 693 703 705 706 716 723 724 733 736 738 753 754 756 758 760 765 767 777 783 786 791 795 798 801 803 809 818 819 822 835 848 855 856 857 872 874 879 880 881 888 896 900 902 912 916 926 929 937 942 967 972 973 977 988 996 999 1022 1024 1032 1036 1038 1041 1046 1049 1054 1055 1057 1072 1075 1081 1083 1088 1092 1108 1113 1121 1123 1138 1144 1145 1150 1172 1176 1177 1182 1183 1186 1187 1194 1195 1201 1206 1218 1235 1246 1250 1252 1255 1256 1257 1259 1263 1267 1269 1278 1284 1287 1291 1292 1300 1306 1307 1313 1314 1326 1340 1344 1345 1357 1364 1385 1393 1402 1412 1413 1418 1419 1421 1422 1425 1444 1453 1462 1475 1479 1480 1486 1488 1490 1491 1504 1505 1513 1530 1536 1538 1545 1546 1547 1548 1557 1562 1566 1568 1574 1577 1590 1596 1601 1605 1613 1616 1624 1628 1630 1637 1640 1661 1663 1667 1668 1669 1677 1678 1679 1680 1682 1696 1706 1709 1720 1726 1729 1742 1743 1747 1748 1760 1763 1778 1783 1786 1789 1799 1800 1805 1826 1834 1836 1839 1840 1841 1842 1849 1853 1854 1865 1872 1875 1882 1887 1892 1893 1901 1910 1917 1925 1926 1927 1930 1938 1940 1947 1953 1955 1964 1971 1974 2013 2019 2031 2032 2039 2048 2057 2068 2075 2083 2089 2103 2106 2109 2128 2131 2137 2146 2152 2158 2164 2171 2174 2183 2201 2205 2206 2207 2208 2212 2214 2217 2227 2229 2231 2234 2240 2254 2266 2267 2279 2281 2287 2290 2291 2299 2309 2324 2325 2328 2332 2333 2336 2346 2347 2349 2358 2371 2373 2384 2391 2392 2394 2397 2400 2403 2407 2408 2420 2421 2429 2436 2443 2444 2446 2451 
38 52 89 139 142 148 175 220 245 246 250 251 279 294 306 323 326 338 342 352 359 364 429 465 478 495 501 526 570 604 648 675 710 765 772 794 795 824 902 908 909 910 930 996 998 1016 1017 1023 1026 1087 1090 1093 1131 1157 1235 1281 1296 1304 1321 1331 1335 1381 1397 1429 1443 1446 1461 1498 1502 1503 1558 1565 1581 1591 1654 1727 1730 1731 1756 1783 1799 1824 1850 1854 1877 1888 1889 1891 1917 1930 1938 1939 1946 1962 1984 1989 2004 2005 2046 2056 2106 2117 2120 2121 2132 2151 2163 2166 2172 2184 2204 2257 2285 2339 2340 2358 2385 2423 2428 2449 
39 0 7 10 11 13 14 16 17 18 21 26 29 31 32 36 37 41 43 44 45 47 48 52 55 56 58 59 61 64 67 70 71 74 75 77 85 86 88 89 93 97 98 100 101 102 103 104 105 106 108 110 111 113 116 118 121 124 126 130 131 132 133 141 143 144 147 149 150 151 152 157 158 162 164 166 169 170 180 181 182 186 187 189 190 194 195 201 202 204 206 210 213 214 216 217 218 219 220 223 224 225 228 231 233 234 237 244 247 250 251 252 253 254 256 258 260 264 266 267 268 269 272 273 274 275 277 278 281 282 285 289 292 297 299 300 301 303 305 308 312 314 317 319 320 321 325 331 333 334 335 337 338 341 342 343 344 345 350 353 354 355 361 362 365 367 368 370 373 378 379 386 387 389 395 401 403 405 407 409 412 414 417 418 419 420 421 424 426 428 430 434 435 437 439 440 441 442 445 446 448 452 455 457 461 466 467 468 470 473 477 479 480 481 482 483 484 487 488 490 491 494 497 499 501 504 505 506 510 511 515 518 520 524 527 528 529 530 531 534 536 538 539 540 541 542 544 546 551 552 553 559 560 561 562 563 564 567 582 583 584 587 588 593 597 598 599 601 602 606 608 611 614 616 618 619 620 621 623 624 627 628 634 635 641 642 643 644 645 646 652 654 656 660 662 665 666 668 669 673 674 675 678 679 681 682 683 684 687 688 689 690 693 694 695 698 699 702 703 704 705 709 714 716 720 723 724 725 728 730 732 736 737 739 740 741 743 744 747 750 752 753 754 756 757 761 763 764 765 766 767 768 769 772 773 774 775 777 778 779 782 783 785 788 789 790 794 798 799 800 801 802 809 810 813 816 821 823 824 827 829 832 833 836 841 842 843 846 848 851 856 857 859 860 863 867 870 874 876 879 882 884 885 888 891 894 897 898 901 902 903 906 910 916 917 918 920 922 925 926 927 928 929 933 934 940 942 946 947 949 952 953 954 957 961 967 968 969 971 973 976 977 979 983 984 987 990 991 992 993 995 996 999 1000 1001 1004 1005 1006 1007 1008 1011 1013 1017 1019 1020 1021 1024 1027 1029 1030 1031 1036 1040 1042 1044 1048 1049 1052 1053 1055 1056 1059 1061 1062 1063 1064 1071 1072 1074 1075 1076 1078 1081 1082 1085 1086 1087 1090 1091 1092 1093 1094 1095 1096 1097 1099 1100 1102 1103 1104 1105 1106 1108 1110 1111 1114 1115 1118 1119 1120 1121 1122 1123 1125 1127 1128 1129 1130 1132 1135 1136 1138 1139 1140 1144 1147 1149 1151 1158 1162 1163 1173 1177 1181 1187 1188 1192 1195 1201 1202 1204 1208 1210 1214 1215 1217 1220 1225 1227 1229 1230 1231 1232 1235 1239 1240 1242 1243 1246 1248 1250 1251 1253 1255 1256 1258 1259 1260 1261 1262 1268 1269 1270 1275 1278 1279 1280 1281 1282 1283 1284 1285 1286 1288 1289 1291 1293 1295 1296 1297 1298 1299 1300 1306 1307 1310 1312 1316 1319 1323 1325 1326 1328 1335 1338 1340 1344 1347 1348 1350 1352 1353 1355 1356 1357 1361 1362 1364 1368 1369 1370 1371 1372 1374 1378 1379 1380 1383 1384 1385 1394 1395 1396 1399 1400 1401 1404 1405 1406 1413 1417 1419 1421 1422 1425 1433 1434 1435 1436 1437 1438 1439 1440 1441 1444 1445 1447 1448 1454 1455 1459 1460 1463 1465 1468 1470 1473 1474 1475 1476 1477 1478 1481 1483 1485 1486 1489 1491 1493 1497 1500 1501 1502 1503 1504 1508 1509 1511 1512 1513 1514 1520 1522 1524 1527 1534 1536 1538 1539 1541 1542 1544 1545 1547 1550 1552 1555 1556 1561 1567 1569 1570 1571 1572 1574 1576 1577 1579 1581 1582 1586 1588 1592 1593 1595 1601 1606 1607 1614 1615 1617 1618 1619 1621 1624 1626 1631 1632 1633 1634 1635 1638 1642 1646 1648 1652 1653 1654 1655 1658 1660 1661 1664 1666 1667 1668 1669 1670 1671 1679 1680 1681 1682 1683 1685 1687 1688 1690 1694 1695 1696 1697 1698 1701 1702 1704 1705 1707 1709 1712 1714 1717 1718 1719 1720 1721 1723 1724 1726 1728 1730 1731 1734 1736 1740 1741 1744 1745 1746 1748 1753 1756 1757 1758 1760 1762 1764 1765 1767 1777 1782 1785 1786 1789 1790 1791 1795 1796 1798 1799 1800 1803 1808 1809 1811 1813 1815 1817 1818 1819 1821 1822 1824 1827 1829 1830 1831 1834 1835 1836 1837 1842 1843 1844 1845 1846 1847 1848 1850 1852 1853 1854 1856 1857 1860 1861 1865 1867 1869 1870 1871 1875 1879 1880 1887 1888 1889 1890 1891 1892 1893 1894 1897 1898 1899 1900 1902 1905 1906 1907 1913 1914 1916 1917 1918 1921 1924 1925 1926 1929 1935 1937 1940 1941 1942 1945 1947 1948 1952 1956 1957 1959 1961 1962 1963 1967 1971 1978 1979 1982 1983 1984 1986 1988 1989 1990 1992 1993 1995 1996 1998 2000 2005 2010 2012 2013 2014 2015 2017 2018 2022 2023 2025 2027 2028 2029 2030 2032 2033 2034 2035 2038 2039 2040 2041 2045 2047 2049 2050 2052 2057 2058 2060 2064 2069 2070 2074 2075 2076 2078 2079 2084 2086 2089 2091 2092 2094 2096 2098 2105 2106 2109 2110 2111 2112 2116 2120 2121 2124 2126 2127 2128 2131 2132 2133 2136 2137 2138 2139 2142 2143 2145 2146 2147 2151 2154 2155 2158 2160 2161 2164 2166 2168 2171 2178 2180 2183 2184 2185 2189 2192 2196 2198 2199 2200 2202 2203 2204 2205 2206 2207 2209 2210 2212 2213 2216 2217 2219 2220 2224 2229 2232 2235 2236 2237 2238 2240 2242 2244 2249 2254 2259 2260 2261 2262 2264 2267 2271 2273 2274 2278 2279 2283 2284 2286 2289 2291 2294 2299 2302 2303 2304 2306 2309 2315 2316 2317 2321 2322 2323 2324 2325 2326 2328 2329 2332 2333 2334 2336 2337 2341 2342 2343 2345 2346 2347 2351 2353 2356 2357 2359 2360 2361 2363 2364 2369 2371 2373 2375 2377 2379 2380 2382 2384 2389 2391 2392 2394 2395 2397 2400 2404 2407 2408 2410 2413 2419 2420 2421 2423 2426 2427 2433 2435 2440 2441 2444 2447 2450 
40 3 62 63 81 86 91 114 134 135 136 185 232 269 290 352 392 427 484 510 542 573 586 658 661 697 705 709 712 713 748 766 776 791 816 840 862 874 895 933 969 996 997 1010 1104 1128 1137 1145 1146 1168 1179 1225 1231 1235 1309 1337 1397 1458 1466 1498 1533 1566 1584 1607 1613 1679 1717 1762 1776 1846 1883 1885 1890 1968 1990 1994 2003 2120 2149 2182 2223 2235 2274 2276 2282 2287 2352 2374 2432 2437 2438 
41 7 126 154 157 161 221 239 273 330 417 513 524 576 605 615 651 691 748 755 774 794 799 816 821 822 860 881 925 955 1033 1065 1066 1081 1102 1154 1156 1174 1221 1287 1317 1343 1349 1356 1372 1381 1444 1471 1477 1490 1491 1521 1535 1540 1572 1603 1616 1617 1621 1695 1834 1842 1852 1943 1969 2004 2017 2066 2075 2116 2141 2142 2162 2168 2183 2190 2216 2234 2237 2244 2301 2345 2346 2351 2435 2437 
42 8 16 59 73 95 129 155 156 190 200 216 314 317 322 333 345 371 375 390 433 439 440 445 473 477 490 495 516 571 576 590 591 595 635 645 657 661 667 698 715 722 724 734 755 773 775 790 793 795 796 801 805 806 829 874 888 907 922 940 949 952 974 990 1005 1006 1009 1016 1024 1036 1049 1060 1082 1091 1105 1150 1171 1180 1181 1192 1230 1246 1285 1288 1306 1313 1328 1357 1384 1395 1439 1451 1460 1461 1464 1470 1478 1485 1494 1514 1556 1577 1597 1626 1627 1691 1694 1696 1707 1738 1769 1782 1803 1818 1821 1826 1848 1887 1902 1912 1937 1947 1962 1970 1971 1972 2031 2044 2048 2069 2070 2079 2100 2121 2129 2143 2149 2163 2181 2200 2228 2232 2237 2248 2250 2255 2267 2278 2282 2303 2309 2338 2343 2359 2383 2415 2423 2441 2444 
43 5 28 120 123 125 134 183 202 249 311 315 356 380 449 490 507 510 553 572 573 598 613 617 632 643 691 721 736 742 801 842 865 944 989 1030 1035 1060 1134 1145 1161 1180 1211 1212 1294 1330 1345 1394 1410 1434 1436 1449 1460 1475 1481 1523 1525 1554 1632 1639 1644 1646 1689 1744 1749 1768 1779 1797 1814 1852 1857 1859 1862 1930 1963 2059 2100 2105 2191 2222 2253 2255 2274 2277 2329 2357 2414 2417 
44 50 69 73 81 92 104 120 139 162 175 192 210 224 259 263 273 280 305 307 321 332 335 350 369 454 481 535 543 558 565 588 592 594 595 596 604 635 643 672 694 697 700 712 755 768 798 803 805 864 866 869 890 899 908 969 981 991 996 1013 1015 1065 1068 1089 1096 1109 1110 1131 1133 1139 1157 1192 1200 1219 1241 1264 1284 1303 1373 1420 1449 1450 1452 1458 1467 1499 1510 1565 1568 1578 1584 1588 1643 1650 1656 1659 1667 1673 1685 1708 1721 1749 1750 1768 1778 1790 1810 1821 1848 1912 1925 1946 1989 1990 2049 2070 2076 2080 2099 2130 2148 2168 2169 2171 2182 2246 2252 2317 2327 2357 2359 2388 2421 2443 2446 2449 
45 69 128 162 214 261 862 898 1242 1288 1324 1627 1674 1797 2004 2084 2429 
46 81 176 197 236 286 289 312 380 411 433 473 675 684 733 817 870 903 936 958 1103 1165 1362 1381 1397 1432 1486 1488 1530 1641 1683 1837 1895 1919 1925 1953 1985 1991 2016 2064 2098 2140 2144 2157 2160 2180 2184 2206 2311 2409 
47 10 13 24 28 38 56 77 83 122 162 166 190 197 201 205 209 214 237 264 285 314 335 340 366 388 397 414 419 421 428 430 433 446 459 473 477 478 481 486 490 497 501 505 513 530 532 535 541 542 548 551 572 591 616 618 627 637 643 664 676 677 695 700 736 799 821 832 836 853 857 866 872 891 895 903 904 907 918 921 932 939 975 990 1018 1048 1078 1099 1115 1120 1123 1128 1135 1148 1152 1162 1163 1176 1180 1187 1198 1201 1206 1239 1251 1266 1269 1290 1294 1306 1315 1321 1330 1344 1345 1381 1384 1385 1405 1412 1425 1435 1440 1455 1463 1471 1482 1512 1519 1522 1524 1532 1545 1551 1565 1600 1623 1635 1637 1651 1655 1667 1668 1674 1683 1688 1695 1696 1705 1729 1745 1746 1772 1780 1787 1788 1795 1826 1832 1840 1856 1889 1894 1902 1912 1914 1917 1926 1947 1955 1957 1960 1972 1975 1993 1995 2004 2014 2027 2049 2058 2066 2072 2079 2084 2115 2116 2120 2125 2151 2176 2184 2199 2201 2204 2219 2234 2262 2278 2304 2310 2313 2326 2334 2341 2367 2389 2390 2406 2409 2410 2421 2437 2451 
48 5 7 11 16 19 23 28 35 38 39 41 42 49 57 65 73 75 80 84 102 104 108 113 131 134 136 142 155 163 165 171 173 174 191 202 228 240 251 287 298 306 316 317 320 329 337 360 363 365 374 386 401 408 411 420 430 442 449 450 451 455 466 469 477 478 481 482 488 502 509 516 517 521 525 529 537 540 541 543 556 564 565 567 570 577 596 643 652 654 661 668 679 681 683 690 694 708 718 725 734 736 745 753 759 772 788 796 797 800 833 857 863 865 873 878 889 895 899 921 924 926 929 936 946 954 958 976 980 991 998 1011 1012 1022 1031 1033 1091 1098 1101 1104 1119 1120 1135 1140 1142 1143 1160 1162 1164 1195 1199 1204 1215 1221 1234 1242 1246 1266 1268 1271 1312 1315 1327 1335 1344 1348 1353 1354 1355 1358 1360 1377 1424 1439 1443 1464 1465 1466 1502 1506 1511 1514 1540 1561 1579 1589 1604 1613 1622 1630 1634 1641 1656 1659 1660 1661 1675 1677 1683 1686 1687 1702 1703 1707 1714 1718 1734 1740 1741 1764 1772 1776 1779 1792 1822 1846 1852 1871 1874 1881 1882 1885 1908 1921 1938 1944 1946 1960 1967 1975 1977 1981 1982 1985 1987 1989 1992 1994 2008 2009 2017 2037 2046 2054 2056 2058 2060 2064 2070 2094 2095 2101 2106 2112 2123 2126 2140 2162 2163 2169 2181 2189 2197 2198 2202 2203 2218 2222 2228 2233 2238 2240 2249 2256 2266 2270 2271 2273 2284 2304 2305 2334 2345 2355 2361 2364 2375 2378 2398 2407 2444 
49 19 45 59 76 80 82 86 96 127 131 137 139 156 164 167 168 173 194 216 231 238 245 280 290 294 298 307 308 322 323 332 345 347 351 357 365 375 388 389 394 410 432 452 454 474 480 510 514 535 556 559 575 604 606 615 625 668 670 680 701 708 713 715 722 732 735 747 754 768 770 782 786 799 803 808 824 825 828 829 837 880 881 900 912 925 932 946 956 969 1007 1014 1019 1027 1028 1030 1042 1058 1059 1105 1107 1120 1128 1131 1133 1137 1138 1151 1165 1185 1205 1213 1219 1226 1232 1236 1238 1256 1268 1287 1292 1304 1318 1337 1341 1355 1370 1390 1398 1400 1403 1411 1440 1445 1446 1452 1476 1482 1500 1517 1522 1534 1546 1548 1552 1553 1554 1579 1597 1607 1622 1665 1670 1676 1681 1708 1717 1737 1742 1749 1752 1774 1776 1778 1780 1782 1790 1792 1810 1830 1843 1862 1868 1880 1903 1910 1913 1940 1951 1971 1974 1991 1997 2006 2009 2026 2035 2093 2097 2104 2113 2114 2117 2130 2131 2139 2168 2179 2182 2188 2194 2198 2200 2232 2251 2252 2254 2257 2276 2279 2286 2290 2305 2312 2314 2344 2354 2366 2374 2388 2395 2400 2415 2422 2438 
50 49 72 73 83 122 200 210 264 269 292 294 320 374 401 436 461 464 560 578 632 634 637 645 680 698 703 711 782 794 839 841 858 881 892 901 914 918 932 933 990 1041 1053 1056 1073 1083 1098 1177 1269 1289 1305 1397 1458 1466 1486 1508 1540 1541 1628 1633 1686 1737 1754 1771 1783 1814 1893 1930 1942 1967 1987 1989 2002 2019 2022 2058 2164 2167 2173 2218 2264 2275 2299 2312 2324 2338 2344 2379 2432 2448 
51 9 12 14 25 40 49 55 60 69 72 86 105 115 122 127 139 140 142 144 160 169 197 205 212 227 231 249 265 272 275 287 288 292 297 299 304 321 333 341 348 354 366 384 393 399 403 410 416 417 419 420 429 430 433 451 453 460 462 465 467 482 487 489 499 502 514 519 523 526 533 558 572 590 596 621 623 633 637 641 654 662 676 679 680 684 688 695 701 704 705 709 711 725 726 736 741 761 778 781 788 794 803 810 819 821 837 846 851 867 876 889 890 891 895 898 910 926 933 934 943 955 967 969 972 994 1002 1006 1017 1018 1021 1029 1037 1046 1058 1067 1069 1070 1081 1088 1095 1106 1107 1112 1113 1132 1133 1160 1161 1169 1172 1179 1181 1186 1189 1197 1199 1202 1204 1215 1219 1231 1244 1245 1257 1260 1261 1270 1276 1281 1288 1299 1306 1307 1311 1320 1324 1331 1341 1347 1358 1360 1362 1366 1372 1373 1380 1385 1390 1400 1403 1410 1421 1423 1434 1437 1438 1443 1447 1454 1459 1466 1468 1469 1470 1482 1486 1488 1490 1500 1510 1514 1529 1531 1533 1536 1543 1544 1563 1575 1599 1619 1635 1638 1639 1661 1674 1685 1712 1742 1747 1755 1766 1771 1772 1776 1780 1783 1796 1807 1814 1815 1832 1836 1842 1843 1856 1868 1870 1904 1910 1919 1924 1936 1945 1951 1953 1954 1956 1966 1969 1994 1995 2002 2003 2036 2039 2054 2061 2062 2080 2081 2090 2093 2097 2103 2126 2135 2139 2148 2157 2164 2170 2174 2190 2198 2201 2212 2237 2245 2250 2253 2258 2281 2283 2288 2299 2300 2305 2308 2333 2349 2354 2363 2381 2382 2384 2392 2402 2408 2413 2414 2423 2424 2442 2451 
52 3 5 8 25 27 28 47 49 56 60 81 88 120 122 127 134 151 154 156 180 193 202 205 206 233 249 257 264 275 282 286 305 309 328 333 338 354 369 380 382 401 415 418 434 436 449 453 461 467 488 501 503 507 514 516 540 550 551 558 568 595 600 619 637 644 651 658 659 667 673 674 686 703 705 713 735 755 763 766 770 789 803 804 807 808 813 815 819 825 834 839 846 848 868 876 898 901 904 926 928 930 933 954 955 963 970 984 994 1002 1005 1018 1050 1053 1060 1061 1068 1073 1080 1083 1085 1096 1104 1107 1112 1123 1131 1141 1151 1158 1161 1165 1174 1182 1183 1186 1190 1199 1200 1218 1219 1235 1243 1244 1245 1248 1251 1253 1261 1266 1273 1285 1289 1298 1305 1312 1320 1322 1324 1329 1335 1344 1348 1355 1356 1368 1373 1375 1378 1379 1388 1410 1415 1439 1451 1476 1480 1488 1490 1498 1573 1574 1589 1607 1609 1630 1634 1637 1638 1655 1679 1683 1687 1700 1703 1710 1717 1724 1740 1741 1744 1745 1751 1767 1778 1780 1788 1795 1797 1799 1800 1801 1804 1805 1813 1817 1823 1826 1830 1832 1843 1852 1858 1861 1874 1875 1894 1897 1901 1904 1916 1919 1927 1940 1949 1975 1979 1984 1986 1994 2003 2005 2007 2025 2036 2045 2046 2061 2065 2076 2088 2090 2104 2113 2118 2123 2135 2146 2155 2157 2160 2164 2179 2180 2182 2197 2200 2205 2227 2235 2236 2244 2250 2263 2279 2280 2281 2283 2287 2289 2301 2311 2320 2353 2356 2374 2383 2406 2421 2425 2449 
53 27 66 79 111 120 123 143 150 199 212 214 223 232 235 245 251 252 259 264 324 348 353 358 369 388 409 414 458 460 475 517 526 563 581 590 595 597 601 628 644 661 664 671 681 684 688 693 727 732 735 738 751 754 787 790 792 798 820 852 866 870 871 878 887 903 904 920 935 937 943 957 958 976 982 1012 1029 1032 1033 1034 1067 1077 1080 1085 1117 1130 1150 1167 1168 1171 1190 1194 1199 1213 1215 1239 1242 1249 1266 1287 1310 1311 1314 1327 1329 1366 1372 1384 1385 1424 1427 1434 1464 1483 1502 1553 1570 1573 1599 1602 1613 1621 1623 1642 1647 1655 1682 1697 1706 1742 1767 1775 1778 1795 1819 1824 1827 1835 1839 1859 1868 1881 1885 1893 1896 1897 1919 1920 1933 1936 1953 1961 1965 1970 1980 1991 2003 2026 2046 2063 2064 2068 2094 2099 2116 2117 2128 2134 2191 2231 2239 2257 2266 2352 2356 2359 2371 2390 2391 2405 2422 2433 2435 2446 2449 2450 
54 3 6 11 24 36 66 73 111 136 168 192 221 265 274 291 330 349 362 363 378 391 397 400 437 486 492 503 504 523 527 549 551 573 591 605 632 649 656 689 711 740 775 776 795 813 869 882 890 913 947 972 1015 1023 1031 1033 1114 1143 1158 1181 1189 1202 1216 1220 1246 1258 1313 1315 1331 1336 1339 1343 1355 1373 1377 1405 1414 1451 1474 1508 1525 1536 1567 1572 1583 1636 1642 1662 1729 1768 1777 1784 1834 1864 1916 1923 1943 1953 1957 2037 2049 2074 2102 2116 2124 2125 2128 2136 2140 2177 2199 2220 2222 2239 2267 2278 2299 2312 2315 2323 2334 2337 2356 2386 2390 2402 2406 2429 2437 
55 25 41 64 69 171 179 194 201 205 225 286 314 329 348 351 354 385 390 418 455 485 521 573 599 636 652 688 696 726 728 776 866 897 916 919 955 974 976 1014 1015 1054 1059 1101 1112 1214 1223 1278 1317 1318 1322 1330 1333 1386 1390 1393 1414 1449 1474 1482 1483 1523 1535 1565 1602 1625 1685 1716 1750 1891 2007 2009 2022 2184 2221 2264 2274 2295 2379 2380 2402 2404 2440 
56 1 3 16 42 57 62 79 113 118 122 129 143 202 229 283 314 380 384 402 436 456 460 489 500 607 611 620 653 705 717 735 776 783 787 790 794 801 807 839 866 875 891 896 905 913 932 948 949 969 970 982 1009 1030 1039 1046 1053 1068 1069 1081 1107 1113 1119 1127 1165 1188 1194 1265 1332 1335 1343 1381 1385 1386 1389 1415 1464 1510 1517 1536 1551 1568 1599 1630 1636 1641 1666 1673 1688 1691 1699 1724 1738 1746 1747 1761 1771 1777 1778 1800 1825 1838 1858 1865 1868 1872 1916 1925 1947 1961 1974 1985 1996 2003 2007 2008 2035 2039 2048 2049 2058 2060 2064 2066 2116 2135 2142 2148 2155 2175 2214 2233 2248 2254 2277 2286 2292 
57 0 3 8 18 19 22 25 28 32 35 38 39 42 43 46 58 80 83 88 102 105 111 120 121 123 137 152 154 157 159 160 163 169 173 174 181 183 195 201 206 210 211 227 233 243 261 275 282 287 288 295 296 298 307 315 317 319 346 352 356 365 367 373 375 382 384 385 388 389 395 398 403 408 410 413 419 430 434 436 440 449 461 471 472 477 482 485 497 501 506 523 524 525 526 541 545 549 571 574 577 578 580 585 586 606 607 616 617 634 637 638 642 645 656 657 664 668 671 681 694 695 697 703 707 709 717 719 725 726 738 741 749 751 762 764 765 770 774 775 781 802 810 837 839 841 849 852 854 858 862 866 869 876 886 888 890 892 897 901 904 914 920 924 933 936 941 945 946 965 968 974 978 989 998 1022 1028 1031 1038 1053 1055 1059 1060 1071 1082 1083 1093 1098 1100 1104 1105 1112 1118 1130 1134 1140 1147 1148 1152 1159 1161 1177 1185 1189 1197 1212 1223 1225 1240 1254 1257 1260 1270 1275 1286 1287 1295 1296 1318 1348 1353 1360 1364 1372 1377 1383 1384 1396 1398 1403 1404 1406 1414 1417 1424 1427 1429 1433 1437 1450 1462 1466 1471 1476 1477 1481 1488 1510 1521 1526 1541 1560 1577 1584 1591 1602 1604 1610 1613 1616 1622 1633 1661 1679 1701 1710 1712 1717 1722 1723 1726 1727 1728 1732 1734 1737 1739 1746 1747 1748 1757 1763 1769 1772 1775 1780 1787 1792 1797 1801 1805 1810 1813 1817 1867 1887 1900 1902 1909 1910 1912 1917 1920 1927 1930 1931 1934 1942 1957 1963 1966 1970 1978 1990 1991 1994 1995 2000 2017 2024 2028 2054 2056 2062 2064 2068 2077 2083 2084 2086 2093 2095 2104 2112 2118 2120 2133 2136 2146 2148 2156 2157 2164 2175 2176 2198 2208 2223 2230 2231 2236 2244 2253 2261 2265 2274 2275 2277 2284 2287 2299 2304 2320 2322 2324 2330 2347 2349 2350 2353 2367 2369 2370 2373 2379 2380 2383 2408 2410 2414 2416 2424 2425 2428 2432 2440 2444 2446 2449 
58 29 40 41 69 83 98 100 103 109 130 149 158 164 171 209 216 220 222 239 255 274 285 303 304 305 320 336 351 371 396 402 420 426 444 446 451 464 475 476 495 499 507 531 542 543 544 547 585 592 610 619 635 659 662 675 694 702 704 712 740 752 754 765 767 785 787 792 815 820 841 848 850 860 864 888 896 898 901 903 906 914 922 929 936 943 956 957 971 972 985 989 995 1001 1005 1006 1007 1010 1024 1029 1045 1064 1079 1088 1095 1097 1103 1104 1127 1135 1136 1143 1159 1175 1206 1207 1234 1252 1262 1277 1279 1302 1311 1326 1328 1330 1344 1360 1362 1382 1385 1388 1400 1405 1417 1419 1435 1438 1439 1445 1447 1456 1473 1493 1495 1501 1520 1521 1523 1533 1550 1554 1555 1576 1577 1586 1597 1601 1613 1634 1635 1638 1639 1643 1671 1691 1695 1698 1700 1702 1704 1705 1719 1723 1740 1758 1760 1769 1776 1782 1796 1803 1810 1817 1819 1820 1853 1854 1876 1890 1894 1899 1910 1916 1942 1943 1986 1990 1993 2008 2027 2029 2037 2052 2058 2069 2079 2104 2111 2116 2124 2164 2168 2173 2176 2196 2204 2216 2220 2225 2229 2239 2257 2264 2267 2271 2274 2295 2303 2312 2329 2330 2334 2353 2369 2371 2384 2400 2404 2426 2443 
59 29 214 227 347 366 396 508 617 631 676 697 701 724 751 860 921 1085 1157 1435 1451 1471 1539 1570 1585 1769 1923 1996 2092 2100 2232 2277 2393 
60 10 23 26 38 48 63 67 72 73 74 77 79 85 103 108 115 125 133 141 162 168 172 180 190 199 202 205 206 213 214 219 227 237 244 247 248 254 255 258 261 262 265 273 274 275 278 286 300 302 304 311 312 317 321 340 342 344 360 363 375 379 380 387 389 391 397 398 400 404 407 426 427 428 448 462 463 483 501 502 506 515 516 525 529 530 538 539 544 548 551 553 555 558 565 568 582 599 601 620 625 627 628 633 634 636 638 693 702 706 707 716 717 722 723 724 725 747 748 749 753 755 763 768 777 805 809 816 817 820 827 830 848 852 853 856 857 859 860 866 871 879 883 886 890 914 915 917 922 925 927 933 939 942 950 952 962 973 977 979 989 997 1000 1003 1010 1013 1017 1034 1043 1052 1072 1075 1092 1100 1114 1116 1117 1121 1129 1140 1141 1144 1149 1158 1162 1167 1176 1180 1182 1183 1190 1201 1207 1213 1216 1217 1220 1221 1230 1239 1240 1243 1250 1259 1279 1290 1291 1298 1312 1313 1315 1316 1317 1320 1328 1336 1344 1351 1353 1357 1374 1377 1378 1395 1402 1405 1408 1413 1418 1419 1422 1431 1437 1444 1453 1457 1471 1473 1476 1491 1499 1504 1505 1527 1532 1536 1537 1538 1541 1547 1566 1573 1583 1586 1590 1595 1605 1607 1609 1612 1617 1618 1619 1624 1630 1637 1640 1663 1665 1668 1669 1680 1695 1698 1701 1704 1709 1713 1729 1732 1740 1748 1757 1758 1762 1777 1807 1815 1817 1819 1829 1836 1838 1847 1861 1865 1868 1870 1875 1892 1895 1900 1914 1926 1935 1937 1944 1949 1952 1955 1962 1990 1995 2017 2028 2032 2037 2038 2052 2062 2064 2065 2073 2089 2096 2098 2105 2115 2125 2129 2131 2136 2137 2138 2140 2142 2144 2147 2155 2164 2183 2187 2192 2199 2205 2206 2210 2213 2217 2224 2225 2226 2235 2238 2244 2245 2246 2257 2262 2270 2274 2280 2284 2291 2295 2309 2312 2324 2325 2332 2334 2337 2346 2355 2364 2377 2384 2391 2392 2394 2397 2406 2408 2433 2435 2441 2443 
61 7 32 64 65 98 122 145 179 180 184 219 248 259 263 358 372 386 459 478 486 514 547 594 659 664 683 695 711 814 818 840 899 1088 1130 1148 1150 1191 1216 1241 1248 1256 1329 1365 1380 1383 1400 1405 1452 1460 1488 1529 1566 1593 1625 1685 1697 1700 1716 1781 1804 1823 1875 1883 1900 1923 1976 1981 1991 2078 2142 2165 2167 2174 2175 2204 2261 2272 2308 2321 2330 2335 2357 2390 2429 
62 637 1304 1394 1446 1481 1554 1716 1733 1943 2014 
63 5 45 65 161 178 206 232 302 332 354 464 544 653 700 729 776 837 894 985 1071 1096 1214 1323 1458 1772 1777 1805 1834 1872 1882 1934 1984 2021 2025 2105 2209 2228 2267 2312 2361 2370 2448 
64 29 33 47 54 78 90 99 121 131 145 146 148 151 152 167 181 184 189 201 204 206 225 236 240 244 250 286 323 336 345 352 364 369 377 383 405 406 409 411 414 422 427 440 444 450 466 497 537 561 570 579 591 594 604 614 624 640 662 665 669 670 672 680 685 739 771 800 804 829 838 848 867 882 888 896 908 938 951 974 982 987 1001 1010 1014 1023 1038 1203 1207 1211 1217 1239 1263 1266 1271 1277 1303 1305 1321 1322 1332 1346 1347 1367 1376 1380 1387 1392 1415 1463 1487 1489 1492 1499 1515 1516 1517 1546 1552 1578 1589 1602 1607 1609 1610 1614 1621 1643 1644 1648 1659 1692 1693 1706 1715 1727 1729 1733 1749 1759 1762 1768 1770 1816 1817 1820 1823 1850 1855 1859 1874 1881 1891 1895 1950 1953 1970 1972 1991 1999 2020 2041 2043 2085 2107 2121 2128 2149 2150 2159 2167 2194 2205 2221 2245 2266 2269 2285 2298 2314 2357 2398 2411 2429 
65 49 73 78 102 103 107 113 135 147 157 159 182 194 203 210 216 220 231 236 283 292 297 351 366 392 396 418 446 460 473 519 526 529 552 559 607 651 652 658 667 681 695 711 718 723 727 805 808 819 833 835 857 880 905 926 936 939 955 966 970 998 1018 1048 1069 1088 1098 1105 1116 1162 1170 1189 1197 1244 1360 1372 1378 1380 1433 1461 1472 1525 1531 1539 1540 1561 1563 1620 1625 1642 1671 1716 1721 1754 1772 1797 1817 1823 1829 1843 1859 1877 1883 1886 1948 1951 1964 1966 1970 1979 1986 1990 1991 1993 2001 2037 2051 2059 2072 2157 2190 2192 2235 2258 2280 2287 2301 2308 2317 2356 2384 2396 2404 2412 2448 
66 0 1 2 4 5 7 9 11 12 14 16 21 22 25 26 27 28 29 30 31 32 33 38 40 41 42 44 45 46 49 51 53 54 55 59 62 65 67 68 70 71 73 74 78 79 83 85 90 92 95 97 99 102 103 104 106 108 109 110 112 113 115 116 118 119 122 123 125 126 127 129 131 132 139 141 142 145 149 151 152 155 156 157 160 164 165 168 169 175 179 180 184 187 191 193 195 197 198 200 202 206 207 208 209 210 212 213 216 217 222 226 230 237 242 243 246 247 250 253 257 259 260 263 266 267 271 272 274 275 276 278 279 281 282 283 285 286 287 288 292 293 295 296 297 298 300 301 302 303 304 305 306 308 309 313 322 323 324 325 327 328 329 330 332 340 341 342 344 347 353 355 359 362 363 369 370 372 373 379 380 386 389 390 392 397 402 404 405 407 408 409 410 412 415 416 418 423 428 431 432 436 437 438 439 440 441 442 444 445 447 448 449 450 451 453 454 455 456 457 459 460 461 462 470 473 475 476 478 479 480 483 484 486 487 488 491 492 493 495 499 502 503 507 509 511 512 513 515 518 520 521 522 523 524 525 526 527 529 530 531 532 533 534 535 537 538 539 541 546 547 548 550 555 559 560 561 566 568 574 575 578 580 581 582 587 588 589 591 592 594 596 597 599 600 601 603 605 607 608 611 613 614 615 616 617 620 623 624 626 627 631 637 639 640 641 642 643 646 647 649 654 657 659 661 664 665 666 667 671 674 675 679 684 686 687 691 693 695 696 699 700 701 703 706 707 708 710 711 712 714 716 718 722 723 728 729 730 731 732 735 737 739 742 743 744 747 748 749 750 754 756 757 760 761 767 768 769 770 773 775 778 783 786 788 789 790 791 792 793 794 796 797 799 802 803 806 809 811 812 818 821 826 836 837 839 842 843 845 848 849 851 853 854 855 856 857 859 862 864 868 869 873 874 876 883 884 886 887 889 896 897 898 899 901 903 905 911 912 914 915 916 917 918 919 923 927 929 930 931 932 935 936 940 942 944 947 954 961 964 967 968 969 977 979 981 983 984 990 992 993 995 998 999 1000 1001 1003 1004 1006 1008 1013 1016 1021 1022 1027 1028 1029 1033 1034 1036 1037 1040 1042 1044 1045 1047 1048 1049 1051 1052 1054 1056 1057 1058 1059 1060 1061 1064 1065 1067 1068 1069 1072 1073 1074 1075 1076 1077 1078 1079 1082 1086 1088 1090 1098 1099 1104 1105 1106 1107 1108 1109 1112 1115 1118 1120 1122 1125 1127 1129 1132 1133 1135 1136 1138 1142 1143 1144 1148 1150 1152 1154 1155 1156 1159 1164 1165 1167 1168 1169 1170 1177 1178 1180 1183 1184 1187 1189 1190 1191 1192 1194 1196 1197 1199 1200 1204 1206 1208 1209 1211 1213 1216 1217 1220 1222 1226 1227 1231 1233 1234 1237 1242 1244 1250 1251 1253 1261 1263 1264 1265 1267 1268 1269 1270 1271 1273 1274 1276 1277 1280 1282 1283 1284 1285 1287 1288 1290 1291 1295 1296 1297 1299 1303 1307 1308 1309 1310 1314 1316 1317 1321 1322 1323 1325 1326 1327 1329 1331 1333 1338 1342 1343 1344 1347 1349 1350 1351 1352 1357 1358 1364 1365 1366 1370 1375 1379 1381 1382 1385 1388 1389 1390 1391 1396 1399 1400 1401 1402 1403 1405 1407 1411 1413 1418 1419 1421 1427 1430 1431 1432 1434 1436 1437 1440 1441 1443 1444 1450 1452 1457 1458 1459 1461 1469 1473 1475 1476 1479 1480 1482 1483 1484 1485 1488 1491 1495 1496 1497 1503 1504 1506 1507 1508 1510 1518 1519 1522 1523 1527 1528 1530 1533 1535 1536 1537 1538 1541 1542 1543 1544 1546 1547 1549 1551 1554 1556 1561 1562 1563 1566 1568 1569 1570 1571 1572 1573 1574 1575 1579 1581 1584 1585 1588 1592 1595 1596 1598 1600 1602 1603 1605 1606 1607 1608 1609 1610 1611 1612 1615 1616 1617 1618 1619 1620 1621 1624 1625 1626 1627 1629 1630 1635 1636 1637 1643 1645 1651 1652 1653 1655 1658 1660 1661 1662 1663 1664 1666 1669 1675 1680 1681 1682 1684 1688 1690 1691 1698 1699 1703 1705 1708 1709 1710 1712 1713 1714 1719 1722 1724 1725 1726 1731 1732 1734 1735 1737 1743 1746 1747 1748 1753 1755 1756 1760 1762 1763 1766 1770 1771 1775 1777 1779 1780 1781 1783 1785 1787 1789 1792 1793 1794 1795 1800 1804 1805 1809 1811 1812 1815 1820 1826 1827 1831 1834 1836 1838 1839 1841 1842 1843 1844 1845 1846 1847 1850 1851 1853 1856 1860 1864 1865 1866 1869 1870 1872 1878 1880 1882 1883 1886 1888 1889 1890 1891 1892 1893 1894 1899 1900 1905 1907 1910 1911 1915 1916 1918 1921 1923 1927 1928 1929 1931 1932 1934 1935 1938 1940 1942 1947 1949 1950 1951 1954 1956 1958 1960 1961 1963 1968 1969 1970 1971 1980 1982 1985 1986 1988 1990 1993 1995 1999 2000 2002 2004 2007 2008 2010 2011 2013 2015 2018 2021 2022 2024 2027 2030 2031 2032 2033 2034 2035 2036 2037 2038 2039 2046 2049 2050 2051 2052 2053 2054 2057 2058 2060 2063 2065 2066 2067 2072 2075 2077 2078 2079 2080 2081 2082 2085 2086 2087 2089 2090 2091 2093 2094 2096 2101 2103 2104 2105 2106 2109 2110 2111 2112 2113 2115 2117 2118 2120 2122 2123 2125 2127 2131 2132 2133 2134 2135 2136 2137 2138 2139 2141 2142 2143 2145 2146 2147 2151 2152 2153 2154 2155 2157 2161 2165 2168 2169 2170 2171 2174 2175 2178 2179 2180 2183 2186 2187 2189 2191 2193 2196 2199 2203 2206 2210 2213 2214 2217 2220 2224 2227 2234 2235 2238 2239 2241 2242 2243 2245 2248 2249 2250 2251 2253 2254 2257 2258 2260 2261 2262 2263 2265 2268 2269 2270 2271 2273 2275 2277 2279 2281 2284 2285 2289 2294 2296 2300 2301 2302 2304 2306 2308 2310 2315 2316 2317 2320 2321 2324 2325 2326 2327 2331 2332 2335 2336 2337 2339 2341 2344 2345 2346 2348 2351 2353 2356 2357 2358 2359 2360 2363 2367 2370 2371 2372 2373 2376 2380 2382 2383 2386 2387 2390 2391 2394 2396 2397 2401 2403 2404 2405 2408 2410 2414 2420 2422 2424 2426 2428 2430 2434 2435 2436 2439 2440 2441 2447 2448 2450 
67 44 57 73 103 191 195 228 278 304 309 342 349 366 449 494 567 581 628 680 708 710 717 792 814 830 969 983 1037 1053 1066 1100 1170 1213 1220 1229 1289 1298 1313 1357 1402 1405 1505 1529 1562 1580 1583 1704 1724 1729 1879 2003 2115 2131 2219 2220 2225 2280 2289 2309 2344 2416 2420 
68 11 27 45 46 85 197 201 213 219 299 592 599 632 655 708 841 880 894 1095 1137 1237 1241 1280 1380 1457 1463 1510 1602 1680 1841 1889 1928 1931 1981 2010 2150 2208 2321 2330 
69 47 53 85 118 279 298 358 377 392 435 466 487 595 609 713 819 852 891 912 916 937 1018 1035 1041 1054 1059 1061 1085 1132 1152 1156 1298 1330 1357 1368 1427 1455 1481 1512 1596 1620 1670 1671 1838 1851 1893 1908 1957 1992 2076 2149 2162 2170 2180 2222 2263 2293 2301 2310 2321 2326 2345 2400 2430 2435 
70 53 176 193 385 451 473 606 822 868 888 1069 1230 1372 1412 1639 1679 1818 1873 1962 1996 2082 2199 2214 2252 
71 5 25 33 39 42 46 48 49 52 56 59 66 73 78 81 82 84 95 97 98 99 103 109 110 112 133 138 140 142 148 156 157 167 178 180 182 193 198 201 210 214 216 241 246 247 264 266 267 269 273 275 277 279 280 292 294 295 296 319 320 327 330 331 332 339 340 347 348 358 359 361 365 382 389 390 396 399 404 410 416 418 419 420 428 429 438 440 442 457 459 476 485 489 490 495 499 508 510 522 523 526 532 535 541 543 548 564 568 571 581 585 589 590 598 609 610 611 623 631 635 638 639 641 643 644 646 651 652 662 665 667 677 678 694 698 703 704 706 708 722 723 730 733 734 739 747 748 749 755 763 764 765 769 770 771 774 775 778 785 787 790 792 793 794 799 809 820 824 833 843 851 854 857 859 864 867 868 869 872 877 883 887 889 898 902 916 930 938 939 941 946 953 957 968 969 970 971 996 1000 1003 1005 1019 1028 1030 1036 1039 1045 1050 1052 1053 1059 1064 1065 1068 1069 1075 1076 1077 1081 1087 1095 1099 1103 1105 1107 1113 1121 1122 1131 1133 1135 1141 1143 1147 1148 1151 1157 1158 1160 1161 1164 1170 1181 1186 1191 1195 1197 1200 1201 1204 1217 1233 1238 1247 1252 1253 1260 1263 1264 1265 1267 1270 1275 1278 1280 1285 1287 1289 1294 1303 1304 1306 1316 1318 1324 1326 1330 1332 1333 1334 1345 1347 1351 1359 1366 1374 1378 1379 1389 1392 1393 1404 1405 1406 1409 1411 1414 1417 1425 1430 1432 1433 1438 1439 1444 1455 1456 1466 1473 1476 1478 1480 1483 1488 1495 1521 1523 1531 1540 1552 1555 1557 1558 1563 1565 1567 1580 1585 1588 1592 1597 1598 1599 1600 1604 1605 1609 1614 1622 1624 1631 1637 1639 1642 1643 1644 1649 1650 1656 1662 1668 1673 1674 1687 1688 1691 1699 1704 1708 1722 1723 1724 1725 1727 1731 1735 1743 1747 1753 1758 1763 1766 1767 1768 1773 1783 1784 1803 1817 1833 1851 1853 1870 1879 1888 1890 1891 1895 1896 1905 1907 1923 1928 1936 1943 1956 1966 1969 1971 1991 2006 2009 2010 2013 2017 2029 2031 2038 2041 2046 2052 2056 2058 2066 2067 2069 2072 2073 2077 2080 2092 2093 2106 2108 2123 2127 2129 2154 2155 2167 2168 2173 2178 2182 2183 2185 2190 2194 2196 2203 2204 2220 2224 2227 2232 2237 2238 2244 2245 2247 2250 2252 2256 2258 2264 2273 2284 2287 2289 2290 2301 2302 2304 2305 2308 2313 2314 2344 2357 2358 2361 2381 2386 2399 2401 2411 2416 2418 2426 2428 2442 2448 2451 
72 43 315 322 380 459 496 972 1084 1172 1318 1351 1595 1758 2012 2216 2259 
73 8 17 21 22 23 25 26 30 36 38 42 43 44 45 49 52 56 57 60 62 63 66 68 70 73 74 77 85 87 96 97 104 108 109 110 111 116 120 121 126 129 132 134 140 141 144 147 153 157 158 163 170 171 174 175 194 197 198 199 204 206 208 212 221 222 223 224 227 235 242 244 245 247 249 250 255 258 264 269 288 292 297 298 300 301 302 303 306 308 309 311 312 313 315 316 320 321 332 338 340 344 349 351 359 366 367 368 369 370 371 372 373 376 377 379 381 382 384 385 391 398 399 402 403 404 407 410 412 413 416 419 420 425 426 435 438 439 440 441 444 445 447 448 453 457 459 461 471 472 477 478 479 480 483 485 486 488 489 492 494 497 505 508 509 510 511 512 513 515 519 523 530 532 533 534 535 538 540 545 548 551 559 560 564 565 566 568 571 576 577 588 593 600 601 602 603 606 611 614 618 619 624 629 631 640 643 646 647 652 664 666 667 669 673 675 679 681 683 693 694 695 698 699 704 706 713 717 718 721 722 724 727 728 731 733 737 740 744 749 754 758 760 764 765 767 768 770 775 777 779 782 785 788 791 792 796 802 806 809 813 815 830 831 833 834 835 836 837 846 847 848 855 856 867 868 871 883 884 895 900 904 905 910 921 928 932 935 936 942 945 949 955 961 962 968 969 970 972 974 977 978 979 983 989 992 993 994 995 996 999 1000 1002 1003 1005 1008 1012 1022 1023 1024 1028 1032 1033 1034 1042 1043 1045 1050 1052 1055 1056 1057 1060 1062 1067 1072 1074 1078 1079 1082 1088 1092 1099 1105 1120 1121 1124 1125 1126 1128 1129 1133 1134 1139 1141 1144 1148 1152 1156 1163 1167 1168 1173 1176 1177 1187 1189 1194 1195 1199 1202 1204 1208 1210 1222 1228 1239 1243 1249 1250 1253 1256 1257 1258 1264 1267 1268 1269 1270 1274 1278 1281 1283 1285 1286 1289 1291 1292 1300 1309 1311 1315 1317 1318 1320 1321 1324 1325 1333 1338 1339 1340 1356 1357 1359 1364 1365 1366 1371 1373 1375 1377 1381 1383 1384 1391 1393 1395 1398 1403 1404 1408 1409 1413 1414 1417 1422 1428 1430 1434 1438 1440 1443 1449 1457 1460 1465 1468 1471 1472 1479 1482 1483 1484 1486 1497 1501 1502 1506 1508 1513 1518 1522 1523 1524 1527 1528 1530 1531 1532 1533 1534 1537 1538 1543 1545 1546 1549 1551 1558 1561 1565 1569 1570 1573 1580 1590 1595 1596 1597 1599 1600 1602 1603 1605 1612 1613 1617 1618 1621 1625 1629 1632 1635 1636 1639 1640 1643 1645 1646 1647 1656 1663 1665 1666 1672 1674 1675 1680 1682 1685 1687 1700 1706 1707 1709 1712 1714 1717 1719 1722 1723 1726 1727 1734 1744 1746 1747 1748 1751 1755 1760 1763 1764 1771 1777 1783 1785 1786 1787 1788 1789 1791 1793 1794 1796 1800 1801 1807 1809 1811 1817 1821 1826 1829 1830 1834 1835 1836 1840 1844 1845 1847 1854 1858 1864 1871 1872 1881 1887 1890 1892 1893 1895 1897 1898 1902 1905 1906 1907 1908 1909 1910 1918 1919 1920 1923 1924 1925 1927 1930 1932 1935 1936 1939 1948 1955 1960 1963 1979 1980 1981 1985 1992 1993 1994 1996 1997 2000 2005 2008 2012 2013 2014 2018 2019 2024 2031 2044 2045 2049 2050 2053 2063 2064 2065 2072 2080 2082 2083 2089 2096 2097 2098 2099 2103 2110 2112 2115 2116 2119 2122 2125 2126 2129 2132 2133 2134 2137 2138 2140 2144 2146 2147 2148 2155 2157 2158 2170 2174 2177 2180 2182 2185 2191 2193 2197 2207 2208 2210 2213 2217 2224 2231 2233 2234 2235 2237 2238 2244 2246 2252 2255 2263 2265 2266 2282 2286 2287 2289 2291 2301 2305 2306 2308 2311 2315 2320 2321 2325 2326 2327 2329 2332 2333 2335 2336 2339 2343 2344 2346 2351 2355 2358 2360 2374 2375 2384 2389 2390 2391 2394 2395 2397 2403 2405 2406 2408 2410 2412 2413 2418 2429 2441 2444 2450 2451 
74 64 109 110 185 225 232 277 306 323 345 359 366 376 405 426 427 430 575 592 629 725 831 850 922 1012 1051 1141 1160 1195 1199 1204 1210 1212 1261 1264 1411 1416 1435 1484 1502 1518 1524 1528 1548 1566 1591 1603 1650 1678 1703 1711 1725 1748 1768 1792 1817 1883 1928 1934 1941 1983 2017 2101 2113 2181 2283 2383 2406 2411 2423 
75 51 64 393 419 519 565 622 782 816 1030 1218 1271 1373 1447 1531 1548 1591 2006 2060 2084 2100 2282 2330 
76 25 169 184 350 429 433 517 557 576 601 624 671 741 880 926 927 997 1018 1053 1248 1333 1570 1573 1602 1715 1719 1826 1996 2136 2183 2212 2220 
77 46 80 171 232 263 265 290 347 365 495 602 635 651 798 806 813 846 866 906 925 970 1085 1163 1232 1284 1295 1445 1451 1466 1470 1588 1616 1622 1634 1658 1746 1774 1824 1975 2162 2168 2182 2259 2261 2355 2428 
78 80 165 177 231 285 347 358 367 435 570 808 829 833 908 925 946 948 998 1009 1019 1055 1087 1091 1206 1216 1252 1257 1294 1376 1456 1481 1490 1494 1563 1642 1676 1738 1752 1759 1837 1839 1851 1882 1970 1976 2003 2135 2181 2245 2338 
79 42 47 128 249 257 282 295 304 325 330 361 385 418 542 545 696 712 732 736 751 755 819 844 953 980 994 1165 1200 1219 1220 1232 1302 1374 1375 1468 1495 1557 1591 1792 1864 1891 1925 1928 2088 2170 2172 2212 2259 2327 2354 2375 2384 2442 2445 
80 7 8 16 20 21 25 34 37 45 46 50 51 54 62 67 75 94 101 104 105 109 120 145 148 155 165 183 188 196 220 222 223 234 235 240 243 249 251 256 264 268 284 285 287 294 303 304 311 324 328 339 342 349 376 397 408 409 420 429 433 458 481 489 496 498 516 523 527 532 534 539 540 542 557 570 572 575 579 581 582 589 599 618 619 620 625 633 636 650 662 664 672 694 707 713 714 725 726 738 746 758 759 773 779 798 804 813 815 816 818 823 833 838 853 855 858 869 878 880 909 923 933 941 943 947 950 954 980 985 991 996 997 998 1006 1012 1013 1020 1023 1049 1062 1066 1083 1101 1109 1115 1117 1119 1125 1126 1137 1155 1158 1159 1163 1166 1170 1174 1192 1213 1215 1256 1259 1269 1272 1275 1293 1302 1321 1327 1335 1354 1366 1368 1378 1381 1386 1388 1390 1395 1420 1427 1431 1439 1446 1454 1465 1472 1474 1475 1479 1499 1500 1511 1515 1520 1539 1540 1550 1556 1559 1584 1604 1608 1614 1638 1657 1667 1672 1681 1683 1696 1702 1706 1713 1715 1728 1732 1733 1735 1736 1737 1740 1760 1768 1772 1779 1781 1806 1807 1827 1840 1856 1861 1865 1872 1874 1876 1888 1894 1905 1908 1917 1928 1930 1931 1932 1946 1962 1984 1989 1997 2003 2011 2016 2019 2035 2042 2044 2046 2047 2052 2073 2086 2094 2112 2117 2129 2134 2135 2141 2143 2154 2163 2171 2172 2178 2182 2184 2195 2197 2198 2201 2203 2205 2208 2212 2216 2218 2230 2239 2249 2251 2258 2266 2271 2284 2296 2314 2323 2327 2340 2343 2345 2349 2355 2357 2364 2376 2378 2413 2414 2419 2423 2424 2440 2441 
81 1 2 4 6 7 8 9 12 19 21 24 25 26 27 29 30 31 32 36 38 39 40 51 52 53 59 62 63 68 69 70 72 76 78 79 80 87 88 90 91 96 97 99 101 104 106 108 109 111 115 116 118 119 120 121 123 126 127 128 129 131 132 134 137 139 140 142 147 149 150 152 153 154 155 156 159 161 167 168 169 170 171 173 175 176 181 183 184 185 186 188 189 193 194 197 198 199 202 203 204 207 208 211 212 214 221 223 226 227 228 230 232 233 234 235 237 242 243 245 246 248 252 256 259 260 261 263 266 267 268 274 276 279 283 289 291 294 297 299 300 301 305 310 311 313 315 316 318 322 323 324 326 329 331 333 334 335 336 338 339 345 347 348 349 352 353 357 359 361 363 364 367 368 369 370 371 372 373 374 375 381 384 385 386 388 389 391 399 401 403 405 409 412 413 414 415 416 417 421 425 427 428 430 431 434 435 438 439 440 442 447 448 450 451 452 454 456 457 458 461 463 464 467 469 472 475 479 480 481 484 488 491 498 499 500 503 504 509 510 511 512 514 515 518 520 521 527 528 531 534 538 540 544 545 546 548 550 551 552 553 554 555 557 558 561 566 567 569 573 574 575 578 581 582 584 586 587 588 590 591 592 593 594 597 598 599 600 602 603 605 606 607 608 609 611 613 617 618 619 620 621 622 623 626 629 631 633 637 639 640 641 643 646 648 649 651 658 661 663 665 666 671 672 674 676 679 680 682 687 693 699 700 703 704 705 707 708 709 711 712 714 717 718 721 722 726 728 729 731 732 735 737 738 741 742 743 744 746 750 753 756 757 758 759 760 761 763 767 770 772 780 782 786 787 788 791 796 797 798 799 801 802 806 807 810 811 812 813 816 817 818 823 824 826 827 831 834 837 838 839 840 844 845 847 848 849 850 853 854 855 861 862 863 865 868 870 873 875 876 877 878 880 881 884 885 887 889 894 898 901 905 910 911 913 917 918 920 923 924 927 931 933 934 935 937 938 940 942 945 947 949 954 955 957 958 960 961 962 963 964 966 967 969 974 975 979 980 981 985 988 992 993 994 995 996 998 1000 1008 1011 1018 1020 1021 1025 1027 1031 1032 1033 1034 1035 1040 1041 1044 1048 1049 1052 1056 1058 1061 1062 1066 1067 1068 1070 1071 1074 1076 1078 1081 1083 1086 1091 1096 1097 1098 1106 1107 1111 1114 1115 1121 1125 1128 1129 1133 1136 1137 1141 1142 1143 1144 1148 1150 1151 1152 1154 1155 1156 1160 1162 1165 1166 1175 1177 1178 1179 1180 1181 1182 1183 1184 1188 1190 1191 1192 1195 1198 1199 1200 1201 1208 1209 1211 1214 1217 1219 1221 1222 1223 1226 1227 1228 1229 1233 1235 1237 1240 1242 1245 1246 1248 1251 1252 1261 1264 1265 1266 1269 1272 1273 1275 1277 1278 1282 1285 1287 1288 1290 1293 1299 1304 1305 1307 1308 1309 1314 1316 1317 1319 1320 1325 1326 1327 1330 1331 1338 1340 1342 1343 1346 1347 1348 1351 1352 1354 1355 1356 1358 1362 1366 1372 1377 1378 1380 1383 1384 1385 1387 1391 1393 1395 1396 1398 1399 1401 1403 1406 1407 1409 1413 1416 1418 1420 1421 1423 1424 1427 1428 1429 1430 1431 1433 1434 1437 1439 1440 1443 1450 1453 1456 1457 1459 1462 1463 1465 1468 1469 1470 1472 1479 1480 1486 1489 1491 1495 1498 1499 1500 1501 1504 1505 1506 1508 1511 1518 1522 1524 1525 1528 1529 1531 1533 1535 1536 1539 1542 1543 1544 1545 1546 1547 1549 1550 1552 1553 1557 1558 1562 1571 1572 1574 1575 1578 1580 1581 1583 1586 1590 1591 1592 1593 1596 1603 1605 1609 1610 1611 1614 1616 1618 1619 1620 1623 1626 1627 1631 1641 1642 1645 1646 1647 1650 1653 1654 1655 1660 1663 1664 1667 1675 1683 1684 1686 1688 1690 1694 1696 1697 1699 1701 1702 1703 1705 1706 1707 1711 1712 1716 1717 1719 1722 1723 1725 1726 1730 1734 1735 1739 1740 1741 1742 1743 1748 1751 1752 1753 1754 1755 1756 1757 1762 1763 1766 1767 1779 1780 1785 1786 1788 1793 1794 1795 1797 1798 1799 1800 1802 1806 1808 1809 1811 1812 1814 1815 1816 1821 1823 1824 1826 1827 1828 1830 1831 1833 1835 1836 1839 1840 1842 1845 1846 1847 1848 1849 1850 1852 1856 1857 1859 1860 1861 1864 1865 1866 1867 1868 1869 1872 1873 1874 1878 1879 1881 1884 1885 1886 1889 1893 1896 1897 1898 1901 1904 1905 1907 1909 1911 1912 1914 1917 1918 1919 1922 1925 1926 1927 1928 1931 1932 1935 1936 1938 1942 1945 1946 1948 1949 1950 1953 1954 1956 1957 1958 1960 1961 1962 1963 1964 1966 1968 1970 1973 1974 1975 1979 1980 1981 1983 1984 1985 1986 1987 1989 1990 1992 1995 1996 1997 2000 2001 2003 2004 2005 2008 2011 2018 2019 2021 2024 2026 2029 2030 2033 2034 2036 2039 2040 2042 2047 2049 2051 2053 2062 2063 2065 2066 2067 2068 2069 2076 2077 2079 2083 2084 2085 2087 2090 2091 2096 2099 2101 2111 2112 2113 2115 2117 2119 2122 2124 2125 2127 2136 2141 2142 2145 2146 2147 2148 2150 2152 2153 2156 2159 2160 2161 2162 2163 2164 2165 2166 2167 2168 2169 2173 2175 2178 2180 2187 2188 2192 2193 2195 2201 2205 2210 2212 2213 2215 2219 2222 2225 2226 2227 2230 2231 2233 2234 2236 2237 2239 2242 2243 2244 2245 2248 2250 2252 2254 2257 2258 2261 2265 2266 2267 2268 2269 2272 2274 2277 2279 2280 2286 2287 2289 2294 2296 2297 2300 2304 2306 2309 2311 2312 2315 2320 2323 2325 2326 2327 2328 2335 2340 2342 2344 2345 2348 2351 2353 2356 2358 2359 2360 2364 2367 2371 2374 2376 2378 2379 2381 2382 2383 2387 2388 2391 2395 2400 2403 2405 2411 2412 2414 2416 2418 2421 2422 2425 2428 2430 2433 2434 2436 2437 2444 2445 2447 2449 2450 
82 7 10 47 80 159 172 191 211 213 228 234 261 311 353 389 451 465 468 488 505 549 554 583 611 681 690 714 725 787 798 813 816 827 883 921 944 987 1080 1086 1116 1132 1142 1171 1177 1182 1183 1186 1221 1249 1260 1297 1317 1348 1354 1366 1368 1386 1421 1424 1511 1531 1560 1580 1602 1609 1644 1682 1725 1736 1748 1751 1778 1814 1890 1899 1934 1936 1948 1965 1987 2016 2039 2044 2061 2140 2214 2255 2279 2280 2313 2354 
83 14 96 100 108 117 207 221 254 284 289 316 338 388 429 446 457 459 486 488 505 597 634 671 679 698 699 755 758 841 854 866 871 885 895 911 916 968 1022 1045 1050 1100 1116 1150 1178 1201 1212 1231 1237 1302 1354 1488 1499 1517 1547 1588 1608 1686 1695 1713 1719 1824 1837 1900 1930 1934 1992 2011 2013 2019 2077 2132 2146 2223 2246 2252 2258 2438 2445 2447 
84 12 41 47 90 98 99 123 171 178 195 219 244 247 273 278 281 301 303 320 339 349 366 392 424 441 475 498 513 605 607 636 644 653 655 658 698 714 717 752 763 770 778 788 790 817 854 884 887 900 917 922 955 960 965 971 1007 1014 1033 1035 1051 1069 1073 1077 1114 1159 1169 1174 1184 1199 1240 1261 1287 1322 1325 1331 1375 1388 1435 1436 1448 1457 1463 1477 1496 1519 1533 1588 1602 1623 1630 1634 1650 1658 1660 1682 1698 1700 1704 1716 1724 1777 1784 1803 1816 1853 1854 1872 1916 1942 1963 1969 1980 1990 1997 2010 2035 2056 2060 2084 2086 2109 2110 2170 2220 2231 2259 2261 2274 2281 2303 2327 2341 2354 2358 2396 2409 2420 2428 2443 
85 16 43 50 51 63 71 80 107 133 149 154 166 173 174 227 239 240 241 287 327 335 353 357 367 385 388 403 405 446 450 456 465 472 508 509 513 553 563 573 578 591 611 619 631 647 652 653 656 670 673 676 689 690 700 713 722 774 790 805 834 841 850 851 858 869 883 901 910 933 960 963 974 1027 1031 1053 1093 1119 1120 1130 1139 1192 1197 1206 1212 1214 1231 1243 1263 1294 1295 1322 1348 1358 1373 1394 1447 1495 1508 1522 1533 1609 1632 1672 1673 1681 1704 1731 1750 1751 1760 1765 1769 1790 1820 1835 1840 1873 1891 1896 1902 1909 1917 1928 1957 1960 1963 1964 1967 1994 1996 2024 2045 2064 2078 2079 2086 2103 2136 2152 2183 2218 2232 2234 2246 2250 2256 2266 2284 2286 2291 2309 2326 2373 2389 2405 2420 2446 
86 269 680 721 787 795 836 860 960 1012 1212 1255 1325 1431 1482 1755 1895 1910 2003 2215 2370 2450 
87 154 287 303 443 444 447 1506 1507 1772 1982 2299 2305 2345 2445 
88 0 91 187 251 271 662 703 798 906 910 1303 1470 1537 1556 1661 1850 1874 1926 2094 2099 2246 2326 
89 49 50 64 69 88 102 112 113 115 137 139 159 192 209 269 305 312 317 331 336 353 394 444 467 497 524 578 593 598 619 708 732 759 762 817 839 868 869 870 897 901 971 989 1053 1055 1080 1107 1109 1175 1184 1186 1194 1212 1219 1256 1258 1293 1324 1331 1345 1403 1437 1452 1479 1483 1495 1505 1510 1513 1544 1553 1566 1596 1639 1677 1703 1705 1707 1715 1758 1769 1781 1792 1826 1888 1894 1901 1916 1921 1942 1962 2034 2069 2081 2090 2125 2174 2179 2180 2188 2209 2227 2254 2299 2309 2327 2395 2400 2402 2440 2451 
90 11 18 28 42 71 88 113 179 191 201 203 204 206 209 210 254 302 319 330 360 367 392 405 466 469 471 497 561 581 586 617 656 710 874 890 988 1006 1015 1081 1182 1266 1305 1330 1368 1400 1418 1495 1507 1510 1526 1656 1696 1732 1735 1737 1741 1776 1797 1826 1838 1964 1968 2157 2190 2240 2247 2278 2292 2380 2430 2432 2437 2440 
91 5 6 38 42 47 71 73 96 99 100 119 137 157 159 164 176 177 178 190 192 203 209 216 236 239 279 280 287 339 351 358 363 366 380 418 424 427 434 435 439 444 463 469 473 481 487 519 529 542 543 554 565 575 594 610 613 614 625 631 647 653 655 677 679 694 695 708 723 733 738 766 773 774 801 855 861 863 866 869 871 880 885 896 920 929 937 938 943 946 956 958 966 968 976 985 991 1001 1006 1007 1009 1018 1026 1037 1039 1050 1073 1080 1085 1086 1097 1101 1105 1137 1190 1201 1202 1217 1233 1239 1262 1286 1292 1293 1298 1302 1315 1343 1349 1356 1370 1386 1394 1405 1410 1443 1447 1449 1453 1479 1481 1494 1518 1529 1533 1535 1536 1553 1554 1562 1596 1622 1656 1668 1679 1702 1720 1723 1737 1738 1744 1767 1776 1804 1810 1816 1822 1837 1894 1926 1936 1944 1947 1965 2009 2011 2014 2029 2037 2055 2060 2069 2081 2082 2088 2092 2121 2129 2140 2142 2149 2196 2201 2202 2226 2230 2231 2256 2258 2265 2268 2282 2286 2304 2330 2350 2392 2402 2404 2409 2450 
92 41 47 59 65 71 84 93 98 109 113 180 183 264 277 280 304 310 317 319 330 342 348 391 455 471 476 487 492 493 551 562 584 589 601 676 704 732 739 748 752 754 763 778 796 814 850 854 864 865 881 909 936 939 971 994 1018 1037 1068 1069 1071 1073 1080 1099 1102 1103 1137 1166 1202 1216 1219 1225 1229 1230 1274 1275 1280 1328 1368 1401 1434 1444 1449 1471 1473 1493 1523 1524 1550 1589 1590 1624 1631 1638 1649 1662 1698 1710 1725 1729 1731 1781 1782 1791 1801 1803 1893 1899 1903 1923 1924 1976 1982 1990 1991 2009 2017 2025 2028 2037 2075 2098 2103 2104 2109 2164 2196 2204 2205 2220 2225 2226 2256 2258 2261 2323 2377 2384 2390 2426 2432 2440 
93 22 46 50 95 162 222 234 261 287 292 302 309 310 343 368 373 405 409 429 431 469 470 486 524 541 545 555 572 585 602 615 619 628 664 688 697 725 730 752 791 849 928 944 1033 1068 1071 1079 1082 1100 1104 1115 1128 1129 1140 1147 1157 1174 1182 1193 1213 1216 1218 1240 1248 1257 1261 1266 1295 1305 1310 1314 1330 1345 1356 1366 1375 1398 1406 1443 1509 1531 1566 1591 1596 1611 1623 1632 1637 1651 1700 1729 1736 1754 1784 1789 1818 1832 1841 1863 1875 1889 1897 1917 1936 1943 1952 1960 1974 1976 1994 2009 2024 2029 2037 2058 2059 2071 2173 2202 2204 2216 2228 2278 2308 2312 2321 2338 2379 2380 2436 2437 2449 
94 13 57 75 78 84 95 117 133 134 160 176 188 221 222 272 279 280 292 306 365 374 392 404 409 424 435 447 450 472 477 488 501 502 517 551 557 565 573 576 597 604 615 617 640 645 655 661 669 671 672 681 682 702 715 741 773 786 787 796 800 807 823 829 879 883 911 921 943 960 969 976 990 1053 1059 1066 1083 1085 1091 1097 1106 1119 1150 1171 1178 1184 1185 1186 1189 1194 1239 1253 1255 1286 1294 1302 1303 1312 1317 1322 1341 1343 1354 1360 1368 1378 1381 1419 1457 1468 1471 1497 1513 1514 1530 1531 1618 1675 1702 1703 1715 1716 1717 1741 1784 1837 1871 1874 1876 1886 1919 1934 1936 1944 1961 1994 2044 2054 2095 2163 2183 2184 2218 2230 2254 2277 2278 2304 2328 2341 2353 2364 2376 2383 2390 2393 2399 2414 2419 2424 
95 74 310 466 1009 1091 1268 1324 1494 1683 1738 1943 2027 2029 2068 2082 2124 2181 
96 3 83 121 189 197 239 297 307 309 315 363 400 427 458 558 576 663 664 707 718 723 783 788 801 819 821 836 848 912 918 949 955 958 1046 1118 1179 1185 1215 1241 1318 1345 1380 1410 1414 1505 1508 1518 1599 1602 1607 1609 1675 1685 1695 1697 1736 1741 1762 1801 1803 2001 2038 2045 2061 2072 2078 2132 2184 2190 2215 2247 2252 2271 2330 2420 2431 
97 2 3 4 5 8 10 11 14 17 18 26 27 31 32 34 36 41 42 43 45 48 49 51 55 56 57 59 62 67 68 74 77 84 88 92 95 98 101 104 106 110 111 118 120 121 130 132 136 137 138 141 143 152 156 158 159 164 174 175 178 179 181 183 189 191 192 194 198 199 203 206 212 216 222 230 235 237 242 244 245 264 268 274 275 277 281 282 286 294 300 303 304 306 308 310 312 313 314 315 324 329 331 332 340 344 351 357 370 373 374 379 380 387 397 398 399 400 403 410 413 420 428 432 437 442 444 448 449 459 465 467 468 475 476 478 479 480 485 489 490 493 494 496 502 503 507 511 513 516 518 521 522 530 532 536 542 545 547 552 554 564 567 569 570 571 572 573 576 578 580 588 598 600 602 606 608 614 615 616 624 627 628 629 631 632 638 639 646 653 654 659 663 664 666 667 668 669 675 678 683 686 689 693 695 698 701 711 712 715 716 717 720 721 722 733 734 736 743 744 748 749 754 758 760 762 764 777 779 786 793 799 801 802 805 806 809 812 814 826 832 837 840 843 845 847 849 850 852 855 856 860 861 864 869 870 872 873 874 879 882 887 888 900 902 907 909 916 926 930 932 942 945 946 948 949 950 952 953 955 961 962 964 965 970 971 972 977 980 987 992 994 1000 1003 1011 1017 1020 1025 1026 1030 1033 1039 1042 1044 1045 1048 1050 1052 1055 1058 1062 1063 1064 1072 1073 1076 1084 1092 1093 1096 1097 1099 1102 1103 1111 1116 1118 1121 1124 1128 1130 1135 1137 1139 1140 1144 1168 1169 1172 1175 1177 1187 1188 1197 1198 1199 1202 1205 1211 1214 1222 1226 1238 1241 1243 1246 1252 1255 1258 1259 1267 1268 1269 1270 1271 1274 1277 1283 1284 1289 1291 1292 1295 1297 1300 1304 1307 1310 1311 1316 1318 1319 1321 1324 1326 1330 1334 1337 1338 1339 1340 1344 1345 1350 1352 1356 1359 1361 1364 1373 1378 1379 1381 1384 1389 1390 1391 1393 1401 1404 1406 1408 1409 1413 1422 1434 1441 1444 1447 1451 1453 1454 1457 1461 1465 1466 1468 1470 1473 1474 1476 1480 1490 1491 1493 1497 1503 1504 1505 1519 1523 1524 1525 1530 1534 1538 1545 1546 1549 1551 1557 1561 1562 1567 1570 1571 1574 1575 1576 1580 1587 1588 1591 1595 1597 1599 1601 1605 1609 1612 1613 1617 1619 1621 1624 1628 1629 1630 1631 1636 1637 1639 1640 1643 1645 1649 1658 1660 1666 1680 1681 1685 1688 1690 1696 1697 1700 1703 1705 1709 1710 1712 1721 1722 1723 1725 1726 1727 1735 1736 1747 1748 1749 1758 1764 1765 1766 1770 1773 1781 1782 1785 1786 1787 1788 1794 1796 1801 1804 1807 1808 1811 1815 1817 1818 1824 1826 1830 1831 1834 1838 1839 1843 1847 1848 1849 1850 1853 1860 1864 1877 1878 1884 1889 1892 1895 1899 1906 1910 1922 1923 1926 1929 1930 1940 1941 1946 1952 1959 1967 1974 1979 1984 1986 1991 1993 1995 1998 2000 2005 2013 2014 2019 2021 2022 2024 2025 2033 2035 2036 2038 2045 2048 2050 2053 2056 2062 2069 2074 2077 2078 2083 2084 2088 2089 2096 2097 2098 2099 2102 2104 2106 2108 2110 2111 2113 2116 2118 2122 2126 2135 2136 2137 2138 2140 2141 2143 2147 2151 2153 2156 2158 2163 2164 2165 2170 2172 2177 2178 2179 2180 2183 2185 2188 2189 2191 2192 2213 2216 2217 2219 2225 2226 2227 2229 2230 2233 2234 2236 2237 2238 2241 2243 2244 2245 2249 2261 2262 2269 2273 2276 2283 2287 2289 2295 2299 2303 2306 2308 2309 2311 2312 2316 2321 2325 2332 2334 2335 2336 2338 2342 2345 2346 2351 2356 2360 2364 2374 2377 2385 2387 2389 2390 2392 2394 2395 2397 2401 2421 2428 2435 2437 2440 2441 2443 2448 2449 
98 11 42 74 97 113 122 123 137 139 142 143 153 168 172 203 206 209 243 275 283 288 302 305 334 348 386 398 427 456 475 497 547 553 574 584 637 686 696 700 703 751 755 800 817 897 904 905 919 1001 1020 1058 1065 1069 1104 1137 1152 1165 1173 1183 1201 1249 1253 1327 1335 1361 1380 1381 1408 1424 1436 1460 1518 1523 1535 1573 1595 1641 1655 1677 1688 1699 1733 1760 1766 1794 1800 1820 1827 1872 1888 1901 1927 1958 1974 1975 1976 1986 1991 1998 2025 2084 2088 2090 2105 2110 2135 2144 2148 2152 2215 2229 2246 2248 2255 2304 2400 2412 2422 2430 
99 0 2 4 6 8 9 10 11 12 13 14 17 18 21 22 24 25 26 28 29 30 31 32 33 34 36 37 41 43 44 48 49 52 53 57 59 60 61 62 64 66 67 69 70 71 72 74 75 77 78 79 81 84 85 86 87 88 89 91 92 93 97 98 100 101 104 105 106 108 109 110 111 112 113 116 118 119 120 122 123 125 126 129 130 132 133 134 138 139 140 141 143 144 147 149 150 151 152 153 154 157 158 159 161 162 168 169 170 172 173 180 181 182 186 196 197 198 199 200 203 204 206 207 208 210 211 212 213 214 215 216 217 218 219 220 222 223 224 226 227 228 230 231 233 234 235 237 240 241 242 243 244 245 246 247 248 249 252 253 254 255 257 258 260 261 262 265 266 267 268 269 271 272 273 274 275 276 277 278 281 282 283 284 285 286 287 288 291 292 293 294 295 296 297 299 300 302 303 305 308 309 311 312 313 317 318 319 320 321 324 325 327 328 329 334 335 337 338 340 341 342 343 344 345 347 348 350 351 353 354 355 356 357 358 359 360 361 362 366 367 368 370 371 372 373 374 375 377 378 379 380 382 384 386 387 390 391 393 395 396 398 400 401 402 404 407 408 409 410 412 413 414 415 416 417 418 420 421 423 425 426 428 430 431 433 435 437 438 439 440 442 443 444 445 446 447 448 452 453 457 458 461 462 463 464 465 466 467 468 470 471 472 474 476 478 479 483 484 486 487 489 491 492 493 494 495 496 499 501 502 504 505 506 507 508 509 510 511 512 513 515 518 519 520 521 522 523 525 526 527 528 529 530 531 532 533 534 536 537 538 544 546 547 548 550 551 552 553 554 555 556 558 559 560 562 563 565 567 571 573 574 576 578 580 582 583 584 585 586 587 589 592 595 596 597 598 599 600 601 602 603 605 607 608 610 611 614 615 616 618 620 621 623 624 625 626 627 628 633 634 635 636 637 639 640 641 643 644 646 647 648 650 651 652 654 659 660 663 665 666 667 668 670 673 674 675 676 678 679 684 686 689 691 692 693 695 696 698 699 701 702 703 704 705 706 708 709 710 712 714 716 717 718 719 720 721 722 723 724 726 727 728 729 730 731 732 733 734 735 737 738 740 742 743 744 746 749 750 752 753 756 757 758 759 760 763 764 765 766 767 769 773 774 775 777 778 779 785 786 787 788 789 791 792 793 794 797 799 802 803 805 807 809 810 812 813 814 817 818 819 820 821 823 826 827 829 830 831 832 833 834 835 836 838 840 844 845 846 847 849 850 851 852 853 854 855 856 857 859 860 862 863 864 865 867 871 872 873 874 876 879 881 882 883 884 885 886 887 888 889 890 893 894 895 896 898 900 901 902 904 905 906 911 912 914 915 916 917 918 919 920 921 922 923 924 925 926 927 929 930 932 935 938 939 942 944 947 949 952 953 955 958 960 961 962 963 964 965 966 967 969 970 971 972 973 974 977 978 979 983 984 986 987 988 992 993 994 997 999 1002 1003 1004 1005 1007 1008 1011 1012 1013 1015 1017 1018 1020 1021 1022 1026 1027 1028 1029 1032 1033 1034 1035 1036 1037 1038 1039 1040 1042 1043 1044 1045 1046 1047 1048 1049 1051 1052 1053 1054 1055 1056 1057 1058 1059 1061 1062 1063 1064 1066 1072 1073 1074 1075 1076 1078 1079 1080 1081 1082 1083 1084 1085 1086 1087 1090 1092 1093 1094 1095 1096 1097 1098 1102 1103 1104 1105 1106 1108 1109 1111 1113 1114 1115 1116 1117 1118 1120 1121 1122 1123 1124 1125 1127 1129 1130 1131 1133 1134 1136 1137 1138 1139 1140 1143 1144 1145 1147 1149 1152 1154 1155 1160 1161 1162 1166 1167 1169 1172 1173 1174 1176 1177 1178 1179 1180 1183 1185 1186 1187 1188 1189 1190 1191 1192 1194 1195 1196 1197 1198 1199 1200 1201 1204 1208 1209 1210 1212 1213 1214 1216 1219 1220 1221 1231 1232 1240 1242 1243 1246 1247 1249 1250 1251 1253 1254 1255 1256 1257 1258 1259 1260 1261 1264 1265 1266 1267 1268 1269 1272 1275 1276 1277 1278 1279 1280 1281 1282 1283 1284 1286 1288 1289 1290 1291 1292 1293 1296 1298 1299 1300 1304 1306 1307 1308 1309 1310 1312 1313 1315 1316 1317 1319 1321 1324 1325 1326 1329 1331 1333 1334 1336 1338 1339 1340 1341 1342 1344 1345 1350 1351 1352 1353 1354 1355 1356 1357 1359 1361 1362 1364 1365 1368 1370 1371 1373 1375 1378 1379 1381 1382 1383 1390 1391 1395 1396 1398 1399 1400 1401 1402 1404 1406 1407 1408 1409 1412 1413 1414 1417 1418 1419 1421 1422 1424 1425 1428 1429 1430 1431 1433 1434 1435 1436 1437 1438 1440 1441 1443 1444 1448 1453 1454 1455 1457 1458 1459 1462 1465 1467 1468 1469 1470 1472 1473 1474 1475 1477 1478 1479 1480 1481 1484 1485 1486 1488 1490 1491 1493 1496 1497 1498 1500 1501 1502 1503 1504 1505 1506 1508 1511 1512 1513 1518 1519 1522 1523 1524 1525 1526 1527 1528 1529 1530 1532 1533 1534 1536 1537 1538 1539 1541 1542 1543 1544 1545 1546 1547 1549 1550 1551 1552 1553 1558 1561 1565 1566 1567 1568 1569 1570 1571 1572 1573 1574 1575 1576 1578 1579 1580 1581 1582 1583 1586 1588 1590 1592 1593 1595 1596 1597 1601 1602 1603 1605 1606 1608 1609 1612 1613 1614 1615 1616 1617 1618 1619 1620 1621 1623 1624 1625 1626 1627 1628 1629 1631 1633 1634 1635 1636 1640 1641 1642 1645 1646 1647 1651 1652 1653 1655 1656 1658 1659 1660 1661 1662 1663 1664 1665 1666 1669 1670 1677 1678 1680 1681 1684 1685 1686 1687 1688 1690 1691 1695 1696 1697 1698 1699 1701 1702 1703 1704 1705 1706 1707 1709 1711 1713 1714 1715 1716 1718 1720 1721 1722 1724 1725 1726 1728 1731 1733 1734 1735 1736 1737 1741 1742 1743 1745 1746 1747 1751 1753 1755 1760 1763 1764 1765 1766 1767 1770 1771 1772 1775 1777 1780 1781 1784 1785 1786 1787 1788 1789 1791 1792 1793 1794 1795 1796 1799 1800 1801 1803 1804 1805 1807 1809 1811 1812 1813 1815 1817 1819 1820 1821 1822 1823 1824 1830 1831 1832 1833 1834 1836 1837 1839 1840 1842 1843 1844 1845 1846 1847 1849 1850 1852 1853 1854 1855 1858 1859 1860 1861 1864 1865 1866 1867 1868 1869 1870 1871 1872 1874 1875 1878 1879 1881 1882 1885 1888 1889 1890 1891 1892 1893 1897 1898 1899 1900 1901 1904 1905 1906 1907 1908 1910 1911 1912 1913 1914 1916 1917 1918 1919 1920 1921 1923 1924 1925 1926 1928 1929 1932 1933 1935 1937 1938 1940 1941 1944 1945 1946 1948 1949 1950 1952 1953 1954 1955 1958 1959 1960 1961 1962 1964 1965 1968 1970 1973 1974 1976 1977 1978 1979 1980 1981 1982 1983 1984 1985 1986 1987 1989 1993 1995 1996 1997 2000 2001 2002 2004 2005 2007 2008 2011 2012 2013 2014 2015 2016 2018 2019 2021 2024 2025 2026 2029 2030 2031 2032 2033 2035 2036 2037 2038 2039 2040 2042 2044 2045 2047 2049 2050 2051 2052 2053 2054 2057 2059 2060 2062 2063 2064 2065 2066 2067 2068 2069 2070 2072 2073 2074 2075 2078 2083 2084 2086 2087 2088 2089 2090 2091 2092 2093 2096 2097 2098 2102 2103 2104 2105 2106 2108 2109 2110 2111 2112 2113 2115 2116 2118 2120 2121 2122 2123 2125 2126 2127 2128 2131 2132 2133 2136 2137 2138 2139 2140 2142 2143 2144 2145 2146 2147 2148 2150 2152 2153 2154 2155 2156 2157 2158 2160 2161 2164 2166 2170 2172 2173 2174 2176 2177 2178 2180 2181 2182 2183 2185 2186 2187 2189 2190 2191 2193 2196 2202 2203 2204 2205 2207 2208 2209 2210 2212 2213 2214 2216 2217 2218 2219 2220 2223 2224 2225 2226 2228 2229 2230 2232 2234 2235 2236 2237 2238 2239 2241 2242 2243 2246 2248 2249 2251 2252 2253 2255 2257 2259 2260 2261 2262 2263 2266 2267 2273 2275 2278 2279 2280 2281 2283 2285 2286 2287 2289 2291 2293 2294 2295 2296 2297 2299 2300 2301 2302 2303 2304 2305 2306 2308 2309 2311 2312 2313 2314 2315 2316 2317 2320 2323 2324 2325 2326 2327 2329 2330 2331 2332 2333 2334 2335 2336 2337 2339 2340 2341 2344 2346 2347 2348 2349 2351 2352 2353 2356 2358 2359 2360 2361 2363 2364 2366 2367 2370 2371 2372 2373 2374 2376 2377 2378 2379 2380 2381 2382 2384 2385 2386 2387 2390 2391 2392 2393 2394 2395 2397 2400 2401 2403 2404 2405 2406 2407 2408 2410 2411 2412 2413 2414 2416 2418 2419 2420 2421 2422 2423 2424 2425 2426 2427 2430 2431 2432 2433 2434 2435 2436 2437 2439 2440 2441 2442 2444 2447 2450 
