0 4 25 36 39 57 66 88 99 
1 7 12 23 24 56 66 81 
2 9 24 36 66 81 97 99 
3 29 40 52 54 56 57 96 97 
4 16 24 66 81 97 99 
5 43 48 52 63 66 71 91 97 
6 12 17 20 36 54 81 91 99 
7 16 24 25 37 39 41 48 61 66 80 81 82 
8 36 42 52 57 73 80 81 97 99 
9 24 36 37 51 66 81 99 
10 18 39 47 60 82 97 99 
11 13 39 48 54 66 68 90 97 98 99 
12 25 51 66 81 84 99 
13 4 13 18 39 47 94 99 
14 13 20 36 39 51 66 83 97 99 
15 22 
16 34 36 39 42 48 56 66 80 85 
17 24 25 36 39 73 97 99 
18 13 39 57 90 97 99 
19 17 36 48 49 57 81 
20 20 23 24 80 
21 39 66 73 80 81 99 
22 21 25 36 37 57 66 73 93 99 
23 16 22 48 60 73 
24 2 9 36 37 47 54 81 99 
25 13 16 51 52 55 57 66 71 73 76 80 81 99 
26 24 39 60 66 73 81 97 99 
27 24 52 53 66 68 81 97 
28 4 13 31 43 47 48 52 57 66 90 99 
29 25 36 39 58 59 64 66 81 99 
30 24 25 66 73 81 99 
31 24 39 66 81 97 99 
32 12 13 24 39 57 61 66 81 97 99 
33 12 17 20 22 23 24 32 36 64 66 71 99 
34 2 7 36 80 97 99 
35 4 13 36 48 57 
36 12 35 39 54 73 81 97 99 
37 39 80 99 
38 18 35 47 48 57 60 66 73 81 91 
39 4 7 13 17 19 48 57 71 81 
40 17 18 35 51 58 66 81 
41 39 48 55 58 66 84 92 97 99 
42 48 56 57 66 71 73 79 90 91 97 98 
43 13 29 36 39 57 72 73 85 97 99 
44 16 18 39 66 67 73 99 
45 2 19 36 39 49 63 66 68 73 80 97 
46 13 16 20 57 66 68 71 77 80 93 
47 12 23 32 39 52 64 69 79 82 84 91 92 
48 0 18 24 25 37 39 60 71 97 99 
49 24 37 48 50 51 52 65 66 71 73 89 97 99 
50 18 20 36 37 44 80 85 89 93 
51 13 23 24 37 66 75 80 81 85 97 
52 20 24 37 38 39 71 73 81 99 
53 2 23 24 66 69 70 81 99 
54 12 20 64 66 80 
55 13 23 24 39 51 66 97 
56 2 13 39 47 52 71 73 97 
57 34 35 37 48 56 67 73 94 97 99 
58 6 9 20 23 36 39 57 
59 24 39 42 49 66 71 81 92 97 99 
60 21 24 36 51 52 73 99 
61 4 20 23 33 39 99 
62 13 24 40 56 66 73 80 81 97 99 
63 2 32 40 60 73 81 85 
64 3 16 25 28 39 55 61 74 75 89 99 
65 10 48 61 63 66 92 
66 35 53 54 71 73 99 
67 39 60 66 80 97 99 
68 4 24 66 73 81 97 
69 24 44 45 51 55 58 81 89 99 
70 13 24 39 66 73 81 99 
71 32 36 37 39 66 85 90 91 92 99 
72 3 24 50 51 60 81 99 
73 42 44 48 50 54 60 65 66 67 71 73 91 
74 1 19 37 39 60 66 73 95 97 98 99 
75 23 36 39 48 80 94 99 
76 12 20 23 24 36 49 81 
77 23 24 39 47 60 73 97 99 
78 23 24 64 65 66 71 81 94 99 
79 9 13 16 53 56 60 66 81 99 
80 2 12 48 49 57 77 78 81 82 85 
81 36 40 44 46 52 71 99 
82 9 12 20 23 24 49 71 
83 4 9 12 47 50 57 58 66 96 
84 13 19 23 36 48 71 92 94 97 99 
85 23 25 32 36 39 60 66 68 69 73 99 
86 4 8 18 25 39 40 49 51 99 
87 24 73 81 99 
88 16 23 37 39 52 57 81 89 90 97 99 
89 9 23 24 36 38 39 99 
90 12 13 16 23 36 64 66 81 84 
91 40 81 88 99 
92 8 9 12 23 24 35 36 44 66 97 99 
93 3 15 39 92 99 
94 80 
95 4 13 16 23 24 42 66 71 93 94 97 
96 19 21 29 37 49 73 81 83 91 
97 13 16 36 39 66 71 73 81 98 99 
98 16 37 39 58 61 71 84 92 97 99 
99 13 19 37 64 66 71 81 84 91 
100 4 13 17 20 36 39 58 83 91 99 
101 4 8 13 23 36 37 39 80 81 97 99 
102 12 13 17 19 39 48 57 65 66 89 
103 16 29 39 58 60 65 66 67 71 
104 24 39 44 48 66 73 80 81 97 99 
105 17 39 51 57 80 99 
106 19 36 39 66 81 97 99 
107 6 20 36 65 85 
108 37 39 48 60 66 73 81 83 99 
109 16 24 25 33 58 66 71 73 74 80 81 92 99 
110 4 9 13 24 39 66 71 73 74 97 99 
111 6 9 13 18 39 53 54 57 73 81 97 99 
112 13 18 23 25 66 71 89 99 
113 13 16 19 36 39 48 56 65 66 89 90 92 98 99 
114 19 24 40 
115 23 32 37 51 60 66 81 89 
116 13 24 39 66 73 81 99 
117 12 15 83 94 
118 13 36 39 56 66 69 81 97 99 
119 4 12 20 36 66 81 91 99 
120 17 36 43 44 52 53 57 73 80 81 97 99 
121 19 20 36 39 57 64 73 81 96 97 
122 4 13 20 36 47 50 51 52 56 61 66 98 99 
123 1 13 24 43 53 57 66 81 84 98 99 
124 7 20 39 
125 4 13 18 43 60 66 99 
126 18 39 41 66 73 81 99 
127 12 13 16 20 24 49 51 52 66 81 
128 2 16 45 79 81 
129 24 42 56 66 73 81 99 
130 36 39 58 97 99 
131 13 23 39 48 49 64 66 81 
132 13 24 39 66 73 81 97 99 
133 18 24 25 39 60 71 85 94 99 
134 2 4 16 24 32 40 43 48 52 73 81 94 99 
135 6 40 65 
136 13 16 24 25 29 33 40 48 54 97 
137 17 23 49 57 81 89 91 97 98 
138 8 12 23 36 71 97 99 
139 0 13 36 38 44 49 51 66 81 89 98 99 
140 24 25 51 71 73 81 99 
141 24 25 37 39 60 66 73 97 99 
142 7 13 38 48 51 66 71 81 98 
143 39 53 56 97 98 99 
144 4 18 26 37 39 51 73 99 
145 13 17 23 36 61 64 66 80 
146 13 36 64 
147 4 13 36 39 65 73 81 99 
148 26 36 38 64 71 80 
149 23 24 25 34 39 58 66 81 85 99 
150 7 12 16 34 36 37 39 53 81 99 
151 12 23 24 39 52 64 66 99 
152 23 25 39 57 64 66 81 97 99 
153 2 24 73 81 98 99 
154 13 36 41 52 57 81 85 87 99 
155 42 48 66 80 81 
156 4 13 21 28 36 42 49 52 66 71 81 97 
157 13 17 20 36 39 41 57 65 66 71 73 91 99 
158 39 58 73 97 99 
159 17 21 35 57 65 81 82 89 91 97 99 
160 16 24 51 57 66 94 
161 13 25 29 32 37 41 63 81 99 
162 24 37 39 44 45 47 60 93 99 
163 12 13 19 36 48 57 73 
164 9 21 36 39 49 58 66 91 97 
165 13 16 17 21 25 36 48 66 78 80 
166 13 37 39 47 85 
167 13 20 22 23 36 49 64 71 81 
168 24 49 54 60 66 81 98 99 
169 36 39 51 57 66 76 81 99 
170 16 19 24 39 73 81 99 
171 2 4 13 29 48 55 58 73 77 81 84 
172 1 18 37 60 82 98 99 
173 4 12 13 23 48 49 57 81 85 99 
174 4 12 13 17 18 48 57 73 85 97 
175 16 38 44 66 73 81 97 
176 4 7 20 21 36 46 70 81 91 94 
177 7 12 18 20 23 25 78 91 
178 13 23 24 35 36 63 71 84 91 97 
179 4 17 34 55 61 66 90 97 
180 39 52 60 61 66 71 92 99 
181 17 24 36 39 57 64 81 97 99 
182 13 35 37 39 65 71 99 
183 4 12 36 43 57 80 81 92 97 
184 4 13 21 61 64 66 76 81 
185 9 21 28 37 40 74 81 
186 17 23 36 39 81 99 
187 13 24 36 39 66 88 
188 25 34 80 81 94 
189 9 12 13 23 25 36 37 39 64 81 96 97 
190 13 16 19 20 24 36 39 42 47 60 91 
191 2 4 13 16 18 48 66 67 82 90 97 
192 24 36 37 44 54 89 91 97 
193 17 21 32 34 52 66 70 71 81 
194 23 25 39 49 55 65 73 81 97 
195 9 24 25 36 37 39 57 66 67 84 
196 19 80 99 
197 12 18 46 47 51 66 68 73 81 96 99 
198 24 66 71 73 81 97 99 
199 12 16 20 25 53 60 73 81 97 99 
200 13 18 36 42 50 66 99 
201 16 21 25 39 47 55 57 64 68 71 90 
202 24 39 43 48 52 56 60 66 81 
203 24 25 65 81 90 91 97 98 99 
204 12 18 21 23 39 64 73 81 90 99 
205 2 4 25 47 51 52 55 60 
206 11 14 20 39 52 57 60 63 64 66 73 90 97 98 99 
207 13 24 36 66 81 83 99 
208 2 12 21 36 66 73 81 99 
209 4 17 18 19 47 58 66 89 90 91 98 
210 2 37 39 44 50 57 65 66 71 90 99 
211 4 13 17 57 81 82 99 
212 37 51 53 66 73 81 97 99 
213 13 16 18 24 37 39 60 66 68 82 99 
214 7 20 35 37 39 45 47 53 59 60 71 81 99 
215 24 99 
216 1 34 39 42 49 58 65 66 71 91 97 99 
217 1 2 13 39 66 99 
218 13 25 36 39 99 
219 25 37 39 60 61 68 84 99 
220 36 38 39 58 65 80 99 
221 1 12 18 24 25 29 41 54 73 81 83 94 
222 1 4 17 58 66 73 80 93 94 97 99 
223 24 39 53 73 80 81 99 
224 4 12 17 20 36 39 44 73 99 
225 24 25 39 55 64 74 
226 13 24 66 81 99 
227 24 37 51 57 59 60 73 81 85 99 
228 16 29 39 48 67 81 82 99 
229 12 56 
230 23 24 66 81 97 99 
231 3 17 18 37 39 49 51 65 78 99 
232 2 6 22 40 53 63 74 77 81 
233 1 2 13 37 39 52 57 81 99 
234 4 13 16 25 36 39 80 81 82 93 99 
235 2 17 25 32 53 73 80 81 97 99 
236 20 23 33 46 64 65 91 
237 24 25 37 39 47 60 66 81 97 99 
238 2 4 16 37 49 
239 25 41 58 85 91 96 
240 12 23 36 48 64 80 85 99 
241 16 24 25 71 85 99 
242 24 25 66 73 81 97 99 
243 9 13 25 57 66 80 81 98 99 
244 24 29 37 39 60 64 73 84 97 99 
245 9 12 20 23 36 37 38 49 53 73 81 97 99 
246 4 13 23 36 38 66 71 81 99 
247 25 39 60 66 71 73 84 99 
248 17 18 24 60 61 81 99 
249 13 24 43 51 52 73 79 80 99 
250 7 23 24 38 39 64 66 73 
251 38 39 48 53 80 88 
252 12 17 21 23 39 53 81 99 
253 17 24 36 39 66 99 
254 13 16 18 20 36 39 60 83 90 99 
255 19 21 36 37 58 60 73 99 
256 14 37 39 80 81 
257 13 20 52 66 79 99 
258 20 39 60 73 99 
259 12 16 23 25 44 53 61 66 81 
260 24 39 66 81 99 
261 13 16 17 23 45 57 60 81 82 93 99 
262 37 60 99 
263 2 34 36 44 61 66 77 81 
264 12 39 47 50 52 53 71 73 80 92 97 
265 4 13 18 51 54 60 77 99 
266 22 24 39 66 71 81 99 
267 13 24 39 66 71 81 99 
268 36 39 80 81 97 99 
269 18 23 28 39 40 50 71 73 86 89 99 
270 17 
271 17 36 66 88 99 
272 2 4 13 36 39 51 66 94 99 
273 7 39 41 44 60 71 84 99 
274 13 36 37 39 54 58 60 66 81 97 99 
275 13 24 39 51 52 57 60 66 71 97 98 99 
276 24 66 81 99 
277 24 39 71 74 92 97 99 
278 16 39 60 66 67 84 99 
279 36 38 66 69 71 81 91 94 
280 4 13 20 44 49 71 91 92 94 
281 4 12 13 34 39 66 84 97 99 
282 39 52 57 66 79 97 99 
283 13 16 18 20 21 23 25 36 56 65 66 81 98 99 
284 24 80 83 99 
285 12 20 23 34 36 39 47 58 66 78 80 99 
286 16 29 46 52 55 60 64 66 97 99 
287 48 51 57 66 80 85 87 91 93 99 
288 13 51 57 66 73 98 99 
289 7 12 15 20 25 26 35 39 46 81 83 
290 12 21 40 49 77 
291 9 19 23 32 35 37 54 81 99 
292 13 39 50 51 65 66 71 73 93 94 99 
293 2 13 16 17 36 66 99 
294 38 49 50 71 80 81 97 99 
295 2 13 57 66 71 79 99 
296 13 57 66 71 99 
297 13 36 39 51 65 66 73 81 96 99 
298 3 13 48 49 57 66 69 73 
299 12 21 23 24 25 39 51 68 81 99 
300 18 37 39 60 66 73 81 97 99 
301 9 13 16 17 20 29 37 39 66 73 81 84 
302 4 16 37 60 63 66 73 90 93 98 99 
303 13 16 25 39 58 66 73 80 84 87 97 99 
304 13 16 32 37 51 58 60 66 67 79 80 92 97 
305 9 12 13 36 39 44 52 58 66 81 89 98 99 
306 9 16 17 24 38 48 66 73 74 94 97 
307 4 20 23 44 49 57 96 
308 24 36 39 49 66 73 97 99 
309 16 19 52 66 67 73 93 96 99 
310 13 37 81 92 93 95 97 
311 24 32 37 43 60 73 80 81 82 99 
312 39 46 60 73 89 97 99 
313 19 24 66 73 81 97 99 
314 9 13 24 35 39 42 47 55 56 97 
315 12 18 19 43 57 72 73 81 96 97 
316 9 48 73 81 83 
317 13 17 19 36 39 42 48 57 60 89 92 99 
318 7 12 81 99 
319 2 18 25 39 57 71 90 92 99 
320 7 24 39 48 50 58 71 73 84 99 
321 2 11 12 36 37 39 44 51 60 73 99 
322 16 22 25 36 42 49 66 72 81 
323 13 20 24 36 38 49 64 66 74 81 
324 20 22 24 36 53 66 80 81 97 99 
325 4 13 17 36 39 66 79 99 
326 4 12 13 16 20 36 38 81 
327 1 17 18 36 37 66 71 85 99 
328 12 23 37 52 66 80 99 
329 25 48 55 66 81 97 99 
330 2 9 31 36 41 54 66 71 79 90 92 
331 12 18 19 36 39 71 81 89 97 
332 12 16 17 19 21 23 44 49 63 66 71 73 97 
333 0 4 36 39 42 51 52 81 
334 20 22 23 39 81 98 99 
335 18 36 39 44 47 81 85 99 
336 4 13 17 23 36 58 64 81 89 
337 36 39 48 99 
338 17 24 25 36 38 39 52 73 81 83 99 
339 8 9 15 20 23 71 80 81 84 91 
340 24 36 37 47 60 66 71 73 97 99 
341 4 13 17 36 39 51 66 99 
342 36 38 39 60 66 67 80 92 99 
343 13 21 24 25 39 93 99 
344 16 18 25 39 60 66 73 97 99 
345 4 7 23 24 25 39 42 49 64 74 81 99 
346 2 18 32 57 
347 2 10 24 35 49 59 66 71 77 78 81 99 
348 51 53 55 71 81 92 98 99 
349 16 21 24 54 67 73 80 81 84 
350 13 25 39 44 76 99 
351 37 49 55 58 65 73 91 97 99 
352 12 18 23 38 40 57 64 81 
353 21 35 37 39 53 66 81 82 85 89 99 
354 1 18 34 37 39 51 52 55 63 99 
355 21 37 39 66 99 
356 18 25 36 37 43 57 99 
357 0 13 19 23 24 36 49 81 85 97 99 
358 12 19 26 37 53 61 69 71 78 91 99 
359 16 38 66 71 73 74 81 99 
360 4 48 60 90 99 
361 2 9 13 21 36 39 71 79 81 99 
362 13 37 39 54 66 99 
363 4 48 54 60 66 81 91 96 
364 9 23 35 36 38 64 81 
365 4 39 48 49 57 71 77 94 
366 35 47 51 59 65 67 73 74 84 91 99 
367 4 21 25 39 57 73 78 81 85 90 99 
368 16 25 39 73 81 93 99 
369 8 9 32 37 44 52 53 64 66 73 81 
370 13 24 25 37 39 66 73 81 97 99 
371 12 24 42 58 73 81 99 
372 12 24 25 61 66 73 81 99 
373 36 39 57 66 73 81 93 97 99 
374 4 7 13 36 48 50 81 94 97 99 
375 4 17 20 25 42 49 57 60 81 99 
376 11 20 23 73 74 80 
377 23 25 36 64 69 73 99 
378 13 39 54 99 
379 16 25 37 39 60 66 73 97 99 
380 12 13 43 46 52 56 60 66 72 91 97 99 
381 2 9 17 24 25 73 81 
382 18 24 37 52 57 71 73 99 
383 12 17 36 64 
384 4 15 16 17 24 51 56 57 73 81 99 
385 1 17 21 37 55 57 70 73 79 81 85 
386 23 24 36 39 48 61 66 81 98 99 
387 16 23 39 60 97 99 
388 4 20 21 47 49 53 57 81 83 85 
389 2 13 24 39 49 57 60 66 71 81 82 
390 20 25 37 42 55 66 71 99 
391 18 32 36 54 60 73 81 92 99 
392 3 19 25 31 33 40 65 66 69 84 90 94 
393 4 12 13 17 18 37 51 75 99 
394 9 19 20 21 23 25 49 89 
395 13 36 39 57 99 
396 17 18 25 58 59 65 71 99 
397 4 16 31 47 54 60 66 80 97 
398 24 36 57 60 73 97 98 99 
399 2 37 51 71 73 81 97 
400 36 54 60 96 97 99 
401 24 39 48 50 52 81 99 
402 35 56 58 66 73 99 
403 4 11 13 39 51 57 73 81 85 97 
404 25 60 66 71 73 94 99 
405 12 19 21 23 25 36 39 64 66 74 81 85 90 93 
406 22 64 
407 16 25 37 39 60 66 73 99 
408 13 17 36 48 57 66 80 99 
409 25 36 39 53 64 66 80 81 93 94 99 
410 7 35 49 51 57 66 71 73 97 99 
411 9 12 20 23 46 48 64 
412 24 39 66 73 81 99 
413 23 24 57 73 81 97 99 
414 26 39 47 53 64 81 99 
415 13 52 66 81 99 
416 18 23 24 51 66 71 73 81 99 
417 13 16 25 39 41 51 81 99 
418 13 32 39 52 55 65 66 71 79 91 99 
419 2 30 39 47 51 57 71 73 75 
420 13 36 39 48 51 58 71 73 80 97 99 
421 2 37 39 47 81 99 
422 4 13 17 21 23 64 
423 4 36 66 99 
424 13 16 17 39 84 91 94 
425 17 24 36 73 81 99 
426 24 36 39 58 60 73 74 99 
427 19 22 40 60 64 74 81 91 96 98 
428 37 39 47 60 66 71 81 97 99 
429 25 38 51 71 76 80 83 93 
430 4 25 36 39 47 48 51 57 74 81 99 
431 20 24 29 66 81 93 99 
432 4 12 20 49 66 97 
433 25 42 46 47 51 76 80 99 
434 2 12 18 20 39 52 57 81 91 
435 13 19 24 35 39 69 73 78 81 91 94 99 
436 4 13 36 37 50 52 56 57 66 
437 16 37 39 54 66 97 99 
438 4 7 17 66 71 73 81 99 
439 1 2 25 39 42 66 73 81 91 99 
440 13 24 25 39 42 57 64 66 71 73 81 99 
441 4 13 25 37 39 66 73 84 
442 6 16 24 39 48 66 71 81 97 99 
443 12 23 24 87 99 
444 13 23 36 58 64 66 73 87 89 91 97 99 
445 16 24 37 39 42 66 73 99 
446 20 24 30 39 47 58 65 83 85 99 
447 2 12 17 66 73 81 87 94 99 
448 16 37 39 60 66 73 81 97 99 
449 3 11 16 18 33 43 48 52 57 66 67 97 
450 2 18 48 64 66 81 85 94 
451 2 4 13 36 48 51 58 66 70 81 82 
452 4 13 20 36 39 49 81 99 
453 13 16 29 37 51 52 66 73 99 
454 12 23 24 36 44 49 66 81 
455 4 13 17 20 28 39 48 55 66 92 
456 13 25 36 56 66 81 85 98 
457 19 36 39 66 71 73 81 83 99 
458 4 16 17 19 53 80 81 96 99 
459 1 12 20 35 47 61 66 71 72 73 83 97 
460 12 24 25 51 53 56 65 66 
461 25 36 39 50 52 57 66 73 81 99 
462 13 36 51 60 66 99 
463 2 16 25 37 60 81 91 99 
464 18 23 24 25 50 58 63 81 99 
465 2 13 20 23 36 37 38 51 82 85 97 99 
466 4 19 36 39 48 64 69 90 95 99 
467 17 35 36 39 51 52 81 89 97 99 
468 34 39 82 97 99 
469 19 24 25 48 81 90 91 93 
470 25 39 66 93 99 
471 4 13 19 20 57 73 90 92 99 
472 0 4 12 36 57 73 81 85 94 99 
473 37 39 42 46 47 65 66 70 91 
474 13 17 19 36 49 99 
475 2 24 25 53 58 66 81 84 97 98 
476 13 36 58 66 71 92 97 99 
477 29 37 39 42 47 48 57 73 94 
478 7 20 38 47 48 61 66 73 97 99 
479 12 17 25 36 39 66 73 81 97 99 
480 24 39 49 66 73 81 97 
481 19 20 36 39 44 47 48 80 81 91 
482 4 13 25 36 39 48 51 57 
483 25 37 39 60 66 73 99 
484 16 19 20 35 36 37 39 40 66 81 99 
485 9 15 18 23 24 55 57 71 73 97 
486 4 13 47 54 61 66 73 83 93 99 
487 13 36 39 51 66 69 91 92 99 
488 17 19 25 37 39 48 52 66 73 81 82 83 94 
489 9 12 13 18 51 56 71 73 80 97 99 
490 20 32 35 39 42 43 47 71 97 
491 24 39 66 81 99 
492 13 19 21 25 54 66 73 92 99 
493 24 66 92 97 99 
494 18 19 25 37 39 67 73 97 99 
495 12 38 42 58 66 71 77 99 
496 12 13 18 23 72 80 97 99 
497 13 39 47 57 64 73 89 90 98 
498 25 80 81 84 
499 24 39 51 58 66 71 81 99 
500 12 20 23 36 56 81 
501 18 24 25 37 38 39 47 52 57 60 94 99 
502 24 25 36 48 51 60 66 94 97 99 
503 12 23 36 37 52 54 66 81 97 
504 19 25 36 39 54 81 99 
505 4 13 17 20 36 39 47 73 82 83 99 
506 13 36 37 39 57 60 99 
507 23 24 43 52 58 66 97 99 
508 4 18 29 33 36 59 71 73 85 99 
509 17 34 48 66 73 81 85 99 
510 4 13 25 39 40 43 49 71 73 81 99 
511 24 39 66 73 81 97 99 
512 13 16 19 24 36 37 66 73 81 99 
513 2 17 37 41 47 66 73 84 85 97 99 
514 24 49 51 52 61 81 
515 25 39 60 66 73 81 99 
516 15 36 42 48 52 60 80 97 
517 23 48 53 76 94 
518 24 39 66 81 97 99 
519 13 15 25 51 65 73 75 91 99 
520 2 12 13 17 39 66 81 99 
521 12 14 48 55 66 81 97 99 
522 13 24 66 71 97 99 
523 12 23 37 51 54 57 66 71 73 80 99 
524 4 13 39 41 57 66 89 93 
525 2 16 48 57 60 66 99 
526 17 19 31 38 51 53 57 65 66 71 99 
527 18 19 34 39 54 66 80 81 99 
528 19 36 39 81 99 
529 4 13 17 21 37 39 48 60 65 66 91 99 
530 16 18 36 37 39 47 60 66 73 97 99 
531 20 39 58 66 81 99 
532 17 47 66 71 73 80 97 99 
533 13 17 51 66 73 99 
534 13 25 31 36 39 66 73 80 81 99 
535 2 29 36 44 47 49 66 71 73 
536 13 17 36 39 97 99 
537 25 37 48 64 66 99 
538 18 25 37 39 60 66 73 81 99 
539 2 16 17 24 36 39 60 66 80 
540 20 25 36 39 48 52 73 80 81 
541 13 16 32 39 47 48 57 66 71 93 
542 6 39 40 47 58 79 80 91 97 
543 4 8 12 13 36 44 48 58 71 91 
544 12 16 19 25 36 39 58 60 63 81 99 
545 16 19 29 32 57 73 79 81 93 97 
546 13 24 39 66 81 99 
547 13 25 58 61 66 97 98 99 
548 24 36 37 47 60 66 71 73 81 99 
549 3 13 54 57 82 
550 52 66 81 99 
551 4 39 47 52 54 60 73 81 92 94 99 
552 24 39 65 81 97 99 
553 8 34 37 39 43 60 81 85 98 99 
554 4 13 25 37 81 82 91 97 99 
555 8 13 60 66 81 93 99 
556 4 17 19 48 49 99 
557 13 21 24 25 32 76 80 81 94 
558 16 21 24 37 44 51 52 60 81 96 99 
559 1 16 24 25 37 39 49 65 66 73 99 
560 39 50 66 73 99 
561 7 9 12 23 25 36 39 64 66 81 90 
562 4 13 36 39 92 99 
563 0 8 16 18 19 22 37 39 53 85 99 
564 18 24 25 39 48 71 73 97 
565 4 17 24 36 44 48 60 73 75 91 94 99 
566 12 21 24 66 73 81 
567 4 13 36 39 48 67 81 97 99 
568 7 8 12 13 24 37 52 60 66 71 73 
569 24 81 97 
570 23 38 48 64 78 80 97 
571 24 42 57 71 73 97 99 
572 4 12 13 20 43 47 51 80 93 97 
573 36 40 43 54 55 81 85 94 97 99 
574 13 21 57 66 81 98 99 
575 12 17 19 35 49 66 74 80 81 91 
576 36 41 42 73 76 94 96 97 99 
577 12 23 28 37 48 57 73 
578 4 29 50 57 66 81 85 89 97 99 
579 12 20 23 64 80 
580 12 13 21 25 37 57 66 97 99 
581 2 12 16 53 66 67 71 80 81 90 
582 13 18 19 36 39 60 66 80 81 99 
583 24 39 82 99 
584 13 24 39 81 92 98 99 
585 4 13 18 57 58 71 93 99 
586 2 4 19 40 57 81 90 99 
587 20 39 66 81 99 
588 21 24 39 44 66 73 81 97 
589 7 12 37 66 71 80 92 99 
590 8 20 21 26 42 51 53 71 81 
591 15 19 33 42 47 54 64 66 81 85 
592 24 44 58 66 68 74 81 99 
593 16 31 35 37 39 73 81 89 
594 13 16 20 24 25 44 61 64 66 81 91 
595 32 36 42 44 52 53 69 99 
596 13 23 24 44 48 51 66 99 
597 39 53 66 81 83 94 99 
598 16 19 24 29 37 39 43 71 81 89 97 99 
599 2 25 37 39 55 60 66 68 80 81 99 
600 6 13 18 24 25 52 66 73 81 97 99 
601 16 19 35 39 53 60 66 73 76 92 99 
602 23 24 36 39 73 77 81 93 97 99 
603 13 24 66 73 81 99 
604 12 23 32 38 44 49 64 94 
605 41 54 66 81 84 99 
606 15 21 24 39 49 57 70 73 81 97 
607 2 13 56 57 65 66 81 84 99 
608 13 39 66 81 97 99 
609 13 20 36 69 71 81 
610 2 13 36 58 71 91 99 
611 25 31 39 56 66 71 73 81 82 85 99 
612 24 
613 17 19 24 43 66 81 91 
614 5 18 24 25 39 64 66 73 91 97 99 
615 12 24 41 49 66 93 94 97 99 
616 13 23 36 39 47 57 66 97 99 
617 17 19 43 57 59 66 81 90 94 
618 17 39 47 73 80 81 99 
619 21 34 39 52 58 73 80 81 85 89 93 
620 12 25 39 56 60 66 80 81 99 
621 13 36 37 39 51 81 99 
622 22 23 75 81 
623 13 36 39 51 66 71 81 99 
624 25 39 64 66 73 76 97 99 
625 16 17 49 60 80 91 99 
626 24 66 81 99 
627 17 25 36 37 39 47 60 66 97 99 
628 16 20 24 36 37 39 53 60 67 93 97 99 
629 23 24 73 74 81 97 
630 16 17 20 22 32 
631 21 59 66 71 73 81 85 91 97 
632 2 4 25 43 50 54 68 97 
633 13 18 25 51 60 80 81 99 
634 2 3 4 25 37 39 50 57 60 83 99 
635 20 36 39 42 44 58 71 77 99 
636 7 34 55 60 80 84 99 
637 18 47 50 51 52 57 62 66 81 98 99 
638 7 57 60 71 97 
639 18 36 66 71 81 97 99 
640 13 23 64 66 73 81 94 99 
641 1 8 20 24 36 39 51 66 71 81 99 
642 20 21 36 39 57 66 
643 16 39 43 44 47 48 66 71 73 81 99 
644 7 20 25 29 39 52 53 71 84 99 
645 2 13 36 39 42 50 57 94 
646 39 66 71 73 81 97 99 
647 25 28 32 37 66 73 85 91 99 
648 7 13 23 36 38 81 99 
649 18 19 54 66 81 
650 16 80 99 
651 24 41 52 65 71 77 81 99 
652 16 37 39 48 55 65 71 73 85 99 
653 4 13 16 26 37 56 63 84 85 91 97 
654 13 17 36 39 48 51 66 97 99 
655 6 9 20 23 36 68 84 91 94 
656 36 39 54 57 85 90 
657 2 12 13 15 20 32 42 57 66 
658 36 40 52 65 81 84 
659 1 36 37 52 58 61 66 97 99 
660 24 25 36 39 99 
661 19 23 40 42 48 53 66 81 94 
662 0 25 36 39 51 58 64 71 80 88 
663 12 36 81 96 97 99 
664 9 18 24 47 53 57 61 66 73 80 93 96 97 
665 19 39 64 66 71 81 99 
666 39 66 73 81 97 99 
667 13 24 36 37 42 52 65 66 71 73 97 99 
668 4 13 20 39 48 49 57 97 99 
669 12 20 23 39 64 73 94 97 
670 20 23 36 49 64 85 99 
671 13 25 53 57 66 76 81 83 94 
672 12 13 24 36 44 64 80 81 94 
673 2 13 18 20 24 36 39 52 73 85 99 
674 24 39 52 66 81 99 
675 4 25 37 38 39 46 58 66 73 97 99 
676 2 24 34 47 51 59 81 85 92 99 
677 12 20 22 23 47 71 91 
678 19 39 71 97 99 
679 13 20 36 39 48 51 66 73 81 83 91 99 
680 12 13 21 25 49 50 51 64 67 81 86 
681 2 25 39 48 53 57 65 73 82 94 
682 20 23 34 39 81 94 
683 39 48 61 73 97 
684 6 31 39 46 51 53 66 99 
685 13 36 64 
686 4 13 24 36 37 52 66 97 98 99 
687 13 16 17 24 29 39 66 81 
688 0 18 20 25 39 51 53 55 93 
689 13 18 19 36 39 54 85 97 99 
690 2 4 12 16 39 48 82 85 
691 7 12 17 20 41 43 66 99 
692 4 13 17 36 99 
693 37 39 53 60 66 73 81 97 99 
694 4 7 17 20 21 36 39 44 48 57 58 71 73 80 91 
695 13 39 47 51 57 61 65 66 73 91 97 99 
696 4 18 25 55 66 79 98 99 
697 12 40 44 57 59 93 
698 0 39 42 50 71 73 83 84 97 99 
699 2 16 39 66 73 81 83 99 
700 24 25 44 47 63 66 81 85 98 
701 13 18 25 49 51 59 66 97 99 
702 12 13 34 36 39 58 60 94 99 
703 13 23 24 37 39 50 52 57 66 71 81 88 98 99 
704 7 18 29 39 51 58 71 73 81 92 99 
705 18 19 20 37 39 40 51 52 56 81 99 
706 18 37 60 66 71 73 99 
707 16 36 57 60 66 80 81 96 
708 4 32 48 49 66 67 68 71 81 89 91 99 
709 4 25 28 39 40 51 57 81 99 
710 13 16 17 19 38 66 67 90 99 
711 13 17 29 36 50 51 54 61 65 66 81 97 
712 13 24 40 44 58 66 79 81 97 99 
713 10 18 25 40 49 52 69 73 80 85 
714 16 39 66 80 81 82 84 99 
715 0 16 24 36 42 49 94 97 
716 16 37 39 60 66 97 99 
717 24 32 56 57 60 67 73 81 84 97 99 
718 4 36 48 65 66 73 81 96 99 
719 4 13 36 57 99 
720 13 36 39 97 99 
721 24 43 73 81 86 97 99 
722 13 16 42 49 60 66 71 73 81 85 97 99 
723 13 21 24 37 39 60 65 66 71 91 96 99 
724 20 32 37 39 42 59 60 73 99 
725 0 13 18 36 39 48 51 57 60 74 80 82 93 
726 4 13 17 36 51 55 57 80 81 99 
727 18 53 65 73 99 
728 19 24 39 55 66 73 81 99 
729 24 36 63 66 81 99 
730 4 13 39 66 71 93 99 
731 13 24 66 73 81 99 
732 12 25 39 49 53 66 79 81 89 92 99 
733 24 25 37 46 71 73 91 97 99 
734 13 35 36 42 48 71 97 99 
735 13 24 49 52 53 56 66 81 99 
736 2 6 20 34 36 37 39 43 47 48 51 79 97 
737 13 24 39 66 73 81 99 
738 12 19 36 37 53 57 80 81 91 99 
739 1 2 16 21 25 39 64 66 71 92 
740 13 36 39 54 58 73 99 
741 4 13 19 32 36 39 51 57 76 81 94 
742 17 19 24 33 36 43 66 81 99 
743 24 39 66 81 97 99 
744 24 36 39 66 73 81 97 99 
745 4 17 48 
746 34 80 81 99 
747 9 23 25 26 39 49 60 66 71 
748 9 19 25 32 40 41 60 66 71 92 97 
749 16 25 57 60 66 71 73 97 99 
750 24 39 66 81 99 
751 0 2 13 53 57 59 79 98 
752 13 36 39 58 84 92 93 99 
753 13 37 39 48 60 81 99 
754 12 13 21 37 39 49 53 58 66 73 92 97 
755 13 19 20 24 41 42 44 52 60 71 79 83 98 
756 19 24 37 39 66 81 99 
757 24 39 66 81 99 
758 2 8 20 36 37 73 80 81 83 97 99 
759 4 13 16 36 48 80 81 89 99 
760 37 66 73 81 97 99 
761 25 39 51 66 81 
762 12 18 20 25 32 36 57 89 97 
763 16 19 20 39 52 60 71 81 84 92 99 
764 16 19 24 32 39 57 71 73 97 99 
765 0 13 36 37 38 39 57 58 71 73 99 
766 0 18 39 40 52 91 99 
767 25 37 39 58 66 73 81 99 
768 18 23 36 39 44 49 60 66 73 
769 13 39 66 71 99 
770 24 25 49 52 57 66 71 73 81 84 
771 13 23 36 64 71 
772 4 12 17 36 38 39 48 81 
773 39 42 66 80 91 94 99 
774 7 19 21 39 41 57 71 85 91 99 
775 4 13 18 19 39 42 54 57 66 71 73 99 
776 3 33 36 40 54 55 56 63 
777 18 37 39 60 73 97 99 
778 25 36 39 51 66 71 84 92 99 
779 13 24 36 39 73 80 97 99 
780 24 81 
781 2 4 13 25 36 51 57 
782 4 19 23 24 25 33 39 49 50 73 75 81 
783 24 37 39 56 66 96 
784 24 
785 17 18 25 36 39 58 71 73 99 
786 24 37 49 66 81 94 97 99 
787 15 24 53 56 58 71 81 82 86 94 99 
788 3 13 39 48 51 66 73 81 84 96 99 
789 13 23 24 39 52 66 99 
790 1 16 39 42 53 56 66 71 84 85 
791 13 21 24 35 37 40 66 73 81 93 99 
792 1 8 9 23 53 58 66 67 71 73 99 
793 9 19 20 22 23 36 42 66 71 97 99 
794 4 12 13 24 38 39 41 50 51 56 66 71 99 
795 18 29 36 37 38 42 54 86 
796 25 36 42 48 66 73 81 92 94 
797 24 48 66 81 99 
798 7 37 39 44 53 77 80 81 82 88 
799 24 39 41 47 49 66 71 81 97 99 
800 4 13 23 25 36 39 48 64 94 98 
801 24 37 39 42 43 56 81 91 96 97 
802 18 25 39 57 66 73 81 97 99 
803 13 24 36 37 44 49 51 52 66 99 
804 12 20 23 52 64 80 
805 4 17 42 44 60 65 85 97 99 
806 18 24 42 66 73 77 81 97 
807 13 52 56 81 94 99 
808 9 23 26 49 52 65 78 
809 25 37 39 60 66 71 73 97 99 
810 13 24 39 51 57 81 99 
811 2 13 16 17 36 66 81 
812 8 9 19 20 22 32 36 66 81 97 99 
813 39 52 54 73 77 80 81 82 99 
814 4 16 61 67 92 97 99 
815 52 58 73 80 
816 4 12 36 39 40 41 60 75 80 81 82 
817 9 12 18 24 25 46 60 81 84 89 98 99 
818 8 9 12 19 23 36 37 61 66 80 81 99 
819 18 26 28 37 51 52 65 69 79 96 99 
820 24 25 53 58 60 71 99 
821 13 25 32 39 41 47 51 66 96 99 
822 1 7 25 37 41 70 
823 7 13 36 39 80 81 94 99 
824 23 24 36 38 39 49 71 81 
825 0 22 23 49 52 
826 13 24 66 81 97 99 
827 35 36 39 60 81 82 99 
828 1 4 9 12 20 23 24 26 36 49 
829 12 13 23 24 36 39 42 49 64 78 94 99 
830 13 16 19 60 67 73 99 
831 24 73 74 81 99 
832 13 36 39 47 97 99 
833 23 24 39 48 65 71 73 78 80 99 
834 13 17 21 29 36 52 73 81 85 99 
835 4 21 25 37 65 73 99 
836 4 19 28 39 47 66 73 86 96 99 
837 4 23 24 28 49 51 57 63 66 73 81 97 
838 23 64 80 81 99 
839 3 36 50 52 56 57 66 81 89 
840 23 24 40 61 81 97 99 
841 1 20 39 50 57 58 68 83 85 
842 4 6 23 25 39 43 66 
843 17 21 24 39 66 71 97 
844 12 16 23 24 28 32 79 81 99 
845 23 24 66 81 97 99 
846 4 13 17 36 39 51 52 73 77 99 
847 4 9 13 36 73 81 97 99 
848 4 24 37 39 52 58 60 64 66 73 81 96 
849 0 17 57 66 81 93 97 99 
850 1 9 15 21 24 36 58 74 81 85 92 97 99 
851 4 13 18 36 39 51 66 71 85 99 
852 4 17 53 57 60 69 97 99 
853 1 12 16 47 60 66 80 81 99 
854 20 57 66 71 81 83 84 92 99 
855 2 9 25 37 66 73 80 81 91 97 99 
856 18 37 39 60 66 73 97 99 
857 12 20 36 37 39 47 48 60 65 66 71 99 
858 4 13 36 50 57 80 85 
859 13 24 39 60 66 71 99 
860 15 16 18 23 39 41 58 59 60 86 97 99 
861 12 20 22 23 25 81 91 97 
862 4 7 12 17 20 21 40 45 57 66 81 99 
863 4 23 36 39 48 81 91 99 
864 13 23 36 44 58 66 71 92 97 99 
865 4 19 23 25 36 43 48 81 92 99 
866 33 36 44 47 53 55 56 57 60 77 83 91 
867 13 18 24 25 36 39 51 64 71 73 99 
868 29 31 52 66 70 71 73 81 89 
869 7 44 54 57 66 71 80 85 89 91 97 
870 19 24 39 46 53 81 89 97 
871 2 4 12 17 25 36 53 60 73 83 91 99 
872 7 8 20 37 47 71 97 99 
873 13 48 66 81 97 99 
874 11 12 37 39 40 42 66 90 97 99 
875 12 23 36 56 81 
876 21 39 51 52 57 66 81 99 
877 4 13 36 71 81 
878 0 4 13 17 36 48 53 80 81 
879 3 19 37 39 60 94 97 99 
880 23 37 49 65 68 76 80 81 91 
881 17 31 37 41 49 50 81 92 99 
882 20 23 24 39 54 64 97 99 
883 12 24 25 60 66 71 73 82 85 94 99 
884 17 24 36 39 66 73 81 84 99 
885 4 12 18 24 39 81 83 91 99 
886 2 13 21 24 35 57 60 66 99 
887 15 53 66 71 81 84 97 99 
888 12 23 30 37 39 42 57 58 64 70 97 99 
889 24 48 51 66 71 81 99 
890 13 21 36 44 51 54 57 60 90 99 
891 25 39 47 51 56 69 
892 4 13 17 36 50 57 
893 13 36 99 
894 4 18 23 25 29 39 63 68 81 99 
895 4 13 17 36 40 47 48 51 73 83 99 
896 13 19 20 37 56 58 64 66 91 99 
897 13 16 25 36 39 55 57 66 89 98 
898 24 39 45 51 52 58 66 71 81 99 
899 12 13 20 44 48 61 66 
900 20 37 49 73 84 97 99 
901 12 13 16 25 39 50 52 57 58 66 81 85 89 99 
902 17 25 36 37 38 39 71 97 99 
903 2 12 23 25 39 46 47 53 58 66 
904 25 47 52 53 57 73 98 99 
905 16 29 56 65 66 73 81 98 99 
906 4 13 17 36 39 58 77 88 99 
907 4 13 34 36 42 47 97 
908 12 20 23 31 38 44 64 78 
909 4 12 23 38 80 92 97 
910 0 25 38 39 51 73 81 85 88 
911 2 8 16 25 66 81 83 94 99 
912 13 19 37 49 66 69 96 99 
913 7 12 54 56 81 
914 4 16 17 19 50 57 58 60 66 99 
915 12 23 60 66 99 
916 25 31 37 39 55 66 69 71 83 97 99 
917 9 13 23 39 60 66 81 84 99 
918 16 23 39 47 50 66 81 96 99 
919 7 17 18 36 55 66 98 99 
920 4 13 17 36 39 53 57 81 91 99 
921 9 16 47 48 59 73 82 94 99 
922 16 24 39 42 58 60 74 84 99 
923 2 20 23 24 32 66 80 81 99 
924 4 13 17 24 48 57 81 99 
925 2 8 9 36 39 41 49 60 77 78 99 
926 13 18 37 39 48 51 52 65 76 97 99 
927 9 19 20 36 39 60 66 76 81 99 
928 34 39 52 73 93 
929 12 13 25 37 39 48 58 66 91 99 
930 7 20 21 38 52 66 71 97 99 
931 24 66 81 
932 0 1 29 47 49 50 56 66 73 97 99 
933 8 13 36 39 40 50 51 52 57 60 80 81 85 
934 23 24 25 32 39 51 81 
935 24 25 53 66 73 81 99 
936 46 48 57 58 65 66 73 92 
937 4 15 17 25 36 37 53 69 81 91 
938 15 23 64 71 81 91 99 
939 13 47 60 65 71 92 99 
940 4 13 36 39 42 66 81 
941 12 13 36 57 71 80 
942 37 39 60 66 73 81 97 99 
943 4 13 32 51 53 58 80 91 94 
944 7 12 43 66 82 93 99 
945 12 23 36 57 73 81 97 
946 14 17 24 39 48 49 57 71 78 91 97 
947 20 23 36 39 54 66 80 81 99 
948 4 23 36 56 78 97 
949 24 39 42 56 73 81 96 97 99 
950 13 60 80 97 
951 9 12 20 23 64 
952 6 18 39 42 60 97 99 
953 24 39 71 79 97 99 
954 13 36 39 48 52 66 80 81 
955 20 41 51 52 55 65 73 81 84 96 97 99 
956 5 13 23 36 49 58 91 
957 25 34 39 53 58 71 81 
958 12 19 24 46 48 53 81 91 96 99 
959 17 36 
960 4 11 81 84 85 86 94 99 
961 24 39 66 73 81 97 99 
962 13 60 73 81 97 99 
963 13 17 25 36 52 81 85 99 
964 21 24 66 81 97 99 
965 9 23 24 57 84 97 99 
966 16 24 32 65 81 91 99 
967 7 13 17 37 39 51 66 81 99 
968 4 18 23 25 39 57 66 71 73 83 91 
969 0 23 29 39 40 44 49 51 56 66 67 71 73 81 94 99 
970 9 13 18 24 52 56 65 71 73 77 97 99 
971 19 20 36 39 58 71 84 89 92 97 99 
972 36 37 51 54 58 72 73 97 99 
973 35 37 39 60 99 
974 24 25 42 55 57 64 73 81 85 99 
975 24 47 81 
976 4 12 13 39 48 53 55 91 94 
977 25 37 39 60 66 73 97 99 
978 1 12 13 34 57 73 99 
979 16 39 60 66 73 81 99 
980 6 7 12 34 36 48 79 80 81 97 
981 22 36 44 66 81 
982 12 20 53 56 64 
983 16 18 36 39 66 67 73 99 
984 4 12 13 18 20 24 39 52 66 99 
985 4 12 20 24 36 58 63 80 81 91 
986 2 13 18 36 99 
987 2 12 13 20 23 36 39 64 82 97 99 
988 13 25 37 81 90 99 
989 13 16 25 32 35 36 43 57 58 60 73 89 
990 19 25 36 39 42 47 50 66 94 
991 23 25 39 44 48 80 91 
992 16 39 66 73 81 97 99 
993 13 24 39 66 73 81 99 
994 12 35 51 52 73 79 81 92 97 99 
995 20 24 36 39 58 66 73 81 
996 12 13 18 37 38 39 40 44 71 73 80 81 
997 9 12 23 40 60 76 80 99 
998 36 38 48 57 65 66 78 80 81 
999 13 36 37 39 66 73 99 
1000 39 60 66 71 73 81 97 
1001 20 23 36 39 58 64 66 91 98 
1002 9 24 51 52 73 99 
1003 9 12 16 22 24 60 66 71 73 97 99 
1004 24 39 66 99 
1005 13 24 35 39 42 52 58 71 73 99 
1006 25 36 39 42 51 58 66 80 90 91 
1007 4 13 20 39 49 58 84 91 99 
1008 24 39 66 73 81 99 
1009 4 17 18 42 56 78 91 95 
1010 36 40 58 60 64 
1011 4 13 39 48 81 97 99 
1012 12 18 25 48 53 73 74 80 86 99 
1013 36 39 44 60 66 80 99 
1014 12 13 14 36 49 55 64 84 
1015 4 13 44 54 55 90 99 
1016 12 20 36 38 42 66 
1017 0 36 38 39 51 60 97 99 
1018 2 13 25 47 51 52 65 69 76 81 91 92 99 
1019 4 12 20 23 25 36 39 49 71 78 
1020 13 24 39 80 81 97 98 99 
1021 24 39 51 66 81 99 
1022 4 16 19 25 36 37 48 57 66 73 83 99 
1023 23 36 38 54 64 73 80 
1024 34 37 39 42 58 73 
1025 12 23 24 81 97 
1026 12 13 17 36 38 91 97 99 
1027 13 25 36 39 49 66 81 85 99 
1028 4 20 21 49 57 66 71 73 99 
1029 2 19 23 35 39 51 53 58 66 99 
1030 9 12 39 43 49 56 71 75 97 
1031 21 24 36 39 48 54 57 81 85 
1032 4 7 18 23 37 53 73 81 99 
1033 24 25 36 41 48 53 54 66 73 81 84 93 97 99 
1034 3 18 24 36 53 60 66 73 81 99 
1035 13 18 23 24 43 69 81 84 99 
1036 15 24 37 39 42 66 71 99 
1037 16 17 20 36 51 66 67 91 92 99 
1038 2 7 12 14 23 36 37 57 64 99 
1039 24 31 56 71 91 97 99 
1040 13 24 39 66 81 99 
1041 4 7 12 18 21 25 37 50 69 81 
1042 16 25 36 39 49 66 73 97 99 
1043 3 11 12 13 22 60 73 99 
1044 13 24 39 66 81 97 99 
1045 20 29 36 58 66 71 73 83 97 99 
1046 25 35 36 37 51 56 96 99 
1047 13 20 24 36 66 99 
1048 23 24 39 47 65 66 81 97 99 
1049 19 24 25 36 37 39 42 66 80 81 99 
1050 3 33 52 71 73 83 91 97 
1051 13 16 24 36 66 74 84 99 
1052 16 18 25 26 39 60 66 71 73 81 97 99 
1053 13 39 50 52 56 57 67 71 76 85 89 94 99 
1054 4 20 23 25 35 36 37 55 66 69 99 
1055 1 25 29 37 39 57 73 78 89 97 99 
1056 24 39 50 66 73 81 99 
1057 16 17 20 25 37 66 73 99 
1058 13 23 36 49 51 66 81 97 98 99 
1059 24 25 39 49 55 57 66 69 71 94 99 
1060 7 13 42 43 52 57 66 73 
1061 18 25 36 39 52 66 69 81 99 
1062 9 36 39 73 80 81 97 99 
1063 13 36 39 97 99 
1064 6 36 39 58 66 71 97 99 
1065 2 12 41 44 66 71 98 
1066 2 13 16 24 25 41 67 80 81 94 99 
1067 4 12 20 32 36 51 53 66 73 81 
1068 19 36 44 52 56 66 71 81 92 93 
1069 9 51 56 65 66 70 71 84 92 98 
1070 24 51 81 
1071 4 16 19 36 39 57 63 81 92 93 
1072 22 37 39 60 66 73 97 99 
1073 16 21 50 52 66 84 91 92 97 99 
1074 24 39 66 73 81 99 
1075 16 18 37 39 60 66 71 99 
1076 24 39 66 71 81 97 99 
1077 8 13 24 53 66 71 84 
1078 18 20 25 39 47 66 73 81 99 
1079 4 8 18 58 66 73 93 99 
1080 4 13 16 52 53 82 89 91 92 99 
1081 13 18 37 39 41 51 56 71 81 90 99 
1082 13 39 42 57 66 73 93 99 
1083 32 37 50 52 57 80 81 94 99 
1084 4 23 36 72 97 99 
1085 25 39 52 53 59 69 77 91 94 99 
1086 13 25 39 66 81 82 91 99 
1087 7 8 20 26 36 38 39 71 78 99 
1088 2 21 37 51 58 61 65 66 73 
1089 4 9 12 21 23 44 
1090 4 13 20 36 38 39 66 99 
1091 4 12 13 17 36 39 42 48 78 81 94 95 
1092 37 39 60 73 97 99 
1093 4 13 36 38 39 57 85 97 99 
1094 13 39 99 
1095 1 36 39 51 58 68 71 99 
1096 13 18 25 36 39 44 52 63 81 97 99 
1097 2 16 35 39 58 81 91 94 97 99 
1098 13 36 48 50 57 65 66 81 99 
1099 25 34 39 47 66 71 73 92 97 
1100 1 2 32 39 57 60 67 83 93 
1101 3 4 9 48 55 80 91 
1102 13 39 41 92 97 99 
1103 13 36 39 46 58 71 92 97 99 
1104 4 18 39 40 48 52 57 58 66 93 98 99 
1105 2 29 32 39 42 49 57 65 66 71 73 91 99 
1106 18 25 26 27 39 51 66 81 94 99 
1107 0 5 19 21 49 51 52 56 66 71 81 89 
1108 16 37 39 66 99 
1109 12 24 44 66 80 89 99 
1110 18 24 34 36 39 44 
1111 17 36 39 81 97 99 
1112 0 19 20 36 51 52 55 57 66 
1113 12 13 36 37 51 56 71 99 
1114 2 4 13 16 39 54 60 81 84 99 
1115 12 17 33 39 47 66 80 81 93 99 
1116 0 13 24 30 60 65 82 83 97 99 
1117 53 60 80 99 
1118 9 23 24 36 39 57 66 96 97 99 
1119 18 39 48 56 80 85 94 
1120 4 21 26 36 39 47 48 49 66 73 85 99 
1121 24 37 39 60 71 73 81 97 99 
1122 13 39 66 71 99 
1123 4 13 17 37 39 47 52 99 
1124 11 16 23 73 97 99 
1125 13 23 24 36 39 66 73 80 81 99 
1126 73 80 
1127 12 36 39 56 58 66 99 
1128 24 39 40 47 49 73 81 93 97 
1129 16 39 60 66 73 81 93 99 
1130 3 24 39 53 57 61 85 97 99 
1131 13 18 36 38 44 49 52 71 99 
1132 13 36 39 51 66 69 82 
1133 13 20 36 44 49 51 66 71 73 81 99 
1134 4 7 13 20 36 43 57 73 99 
1135 39 47 48 58 66 71 97 
1136 13 24 36 39 58 66 81 99 
1137 4 23 36 40 49 68 80 81 91 92 97 98 99 
1138 20 36 37 39 49 66 99 
1139 39 44 73 85 97 99 
1140 25 36 39 48 57 60 93 97 99 
1141 7 13 24 36 52 60 71 73 74 81 
1142 4 12 25 48 66 81 82 
1143 4 13 17 21 36 48 54 58 66 71 81 99 
1144 37 39 60 66 73 81 97 99 
1145 0 2 4 12 17 36 37 40 43 99 
1146 24 40 
1147 13 20 21 23 25 36 39 57 71 93 99 
1148 13 15 16 24 47 57 61 66 71 73 81 
1149 2 7 23 24 25 39 60 99 
1150 1 37 42 53 61 66 81 83 94 
1151 16 21 27 39 49 52 71 81 
1152 2 4 7 12 24 47 57 66 69 73 81 98 99 
1153 20 33 
1154 24 25 41 66 81 99 
1155 24 36 66 80 81 99 
1156 4 6 12 17 23 41 66 69 73 81 
1157 4 21 24 38 44 59 71 93 
1158 12 18 36 39 52 54 60 71 80 
1159 2 16 20 25 57 58 66 80 84 
1160 13 19 26 48 51 71 74 81 99 
1161 2 17 43 51 52 57 71 99 
1162 24 25 39 47 48 60 65 81 99 
1163 1 17 36 39 47 73 77 80 
1164 4 17 20 22 23 36 48 66 71 
1165 13 20 46 49 52 56 66 79 81 98 
1166 4 7 13 23 24 36 80 81 92 99 
1167 21 53 60 66 73 99 
1168 2 13 20 24 40 53 66 73 97 
1169 7 9 21 24 51 66 84 97 99 
1170 18 19 65 66 67 71 80 
1171 0 1 2 7 42 53 82 94 
1172 2 4 13 17 23 36 37 51 72 97 99 
1173 13 24 25 36 39 73 98 99 
1174 9 41 52 80 84 93 99 
1175 12 20 58 81 89 97 
1176 17 24 37 47 60 73 99 
1177 4 19 25 37 39 50 57 66 73 81 82 97 99 
1178 66 81 83 94 99 
1179 2 3 13 18 36 40 51 81 96 99 
1180 12 16 18 24 42 43 47 60 66 81 99 
1181 14 16 21 24 25 26 39 42 51 54 71 81 
1182 12 13 16 24 37 52 60 81 82 90 93 
1183 9 16 19 24 37 52 60 66 81 82 98 99 
1184 13 25 66 81 84 89 94 
1185 4 17 19 21 36 49 57 94 96 99 
1186 4 17 19 25 36 37 51 52 71 82 89 94 99 
1187 2 18 36 37 39 47 66 73 97 99 
1188 18 24 35 39 56 81 97 99 
1189 3 25 51 54 57 65 66 73 94 99 
1190 16 32 52 53 60 66 81 91 99 
1191 13 17 24 61 66 71 81 99 
1192 19 39 42 44 66 80 81 85 99 
1193 4 17 29 93 
1194 8 18 29 36 37 53 56 66 73 89 94 99 
1195 13 36 37 39 48 71 73 74 81 99 
1196 66 99 
1197 24 35 51 57 65 66 71 85 97 99 
1198 24 25 35 47 81 97 99 
1199 4 13 36 48 51 52 53 66 73 74 81 84 97 99 
1200 13 16 44 52 66 71 79 81 99 
1201 8 12 13 37 39 47 60 71 81 83 91 98 99 
1202 4 13 20 39 51 54 73 91 92 97 
1203 13 19 36 64 
1204 13 24 39 48 51 66 71 73 74 99 
1205 9 49 97 
1206 7 9 18 25 37 47 58 66 78 85 
1207 12 23 58 60 64 
1208 24 39 66 73 81 99 
1209 24 66 81 99 
1210 13 24 25 39 73 74 99 
1211 21 23 36 43 64 66 81 97 
1212 9 43 57 74 83 85 86 89 99 
1213 15 16 21 24 49 53 60 66 67 80 93 99 
1214 4 19 36 39 55 63 81 85 97 99 
1215 4 13 26 36 39 48 51 53 80 96 
1216 20 54 60 61 66 78 92 93 99 
1217 12 23 36 39 60 64 66 71 81 91 
1218 1 8 12 23 31 37 52 75 93 
1219 20 36 44 49 51 52 79 81 89 92 99 
1220 16 17 18 39 54 60 66 67 79 99 
1221 2 24 41 48 60 81 82 99 
1222 4 7 17 18 66 73 81 97 
1223 2 4 13 55 57 81 
1224 12 20 
1225 9 20 24 39 40 57 92 
1226 9 20 22 36 49 66 81 97 
1227 2 16 25 39 66 81 
1228 4 13 19 20 24 29 35 36 73 81 
1229 12 16 39 67 81 92 
1230 24 39 42 60 70 92 
1231 4 39 40 51 66 83 85 99 
1232 20 25 29 36 39 49 77 79 99 
1233 4 11 16 18 20 36 66 71 81 91 
1234 7 16 24 34 36 48 58 66 
1235 7 25 29 36 37 38 39 40 52 81 
1236 21 24 49 
1237 12 20 36 66 68 81 83 
1238 2 9 13 23 26 49 71 97 
1239 2 18 33 39 47 53 60 64 73 91 94 
1240 13 16 19 36 39 57 60 81 84 93 99 
1241 4 8 12 23 36 44 61 68 96 97 
1242 0 13 36 39 45 48 53 66 81 99 
1243 29 39 52 60 73 85 97 99 
1244 13 31 36 51 52 65 66 
1245 14 24 25 26 36 51 52 81 
1246 36 37 39 42 48 54 81 97 99 
1247 7 71 99 
1248 24 25 39 52 61 76 81 93 
1249 1 7 16 53 73 82 98 99 
1250 18 25 37 39 60 66 73 99 
1251 13 39 47 52 66 81 99 
1252 8 32 37 58 71 78 81 97 
1253 13 16 27 39 52 66 71 73 94 98 99 
1254 31 57 99 
1255 0 37 39 86 94 97 99 
1256 4 35 37 39 49 61 73 80 89 99 
1257 4 12 34 37 51 57 73 78 93 99 
1258 0 13 17 39 54 73 89 97 99 
1259 20 25 37 39 60 80 97 99 
1260 13 21 25 29 36 39 51 57 71 82 99 
1261 13 19 39 51 52 66 74 81 84 93 99 
1262 13 20 23 36 39 58 91 
1263 3 4 13 37 64 66 71 85 
1264 13 24 44 66 71 73 74 81 99 
1265 20 24 56 66 71 81 99 
1266 20 32 47 48 52 53 64 81 90 93 99 
1267 20 37 66 71 73 97 99 
1268 16 19 36 39 48 49 66 73 95 97 99 
1269 4 17 37 39 47 50 66 73 80 81 97 99 
1270 2 13 24 39 51 57 66 71 73 97 
1271 12 16 20 23 36 48 64 66 75 97 
1272 12 16 80 81 99 
1273 19 24 25 52 66 81 
1274 12 20 24 25 36 66 73 92 97 
1275 2 13 16 20 25 36 39 57 71 80 81 92 99 
1276 4 13 25 51 66 99 
1277 13 23 25 58 64 66 81 97 99 
1278 1 4 23 25 36 37 39 55 71 73 81 99 
1279 8 24 39 58 60 99 
1280 4 20 23 29 32 36 39 66 68 71 92 99 
1281 0 4 36 38 39 51 73 99 
1282 13 24 36 39 66 81 99 
1283 20 39 66 73 97 99 
1284 24 37 39 44 66 77 97 99 
1285 25 39 42 52 66 71 73 81 
1286 4 13 29 36 39 57 73 91 94 99 
1287 4 15 17 24 25 37 41 49 53 57 66 71 81 84 
1288 25 36 39 42 45 51 66 81 99 
1289 13 39 50 52 67 71 73 97 99 
1290 2 7 47 60 66 81 99 
1291 37 39 60 66 73 97 99 
1292 17 37 49 73 91 97 99 
1293 19 25 36 39 80 81 89 91 99 
1294 8 24 26 43 47 71 78 85 94 
1295 12 13 17 39 57 66 77 85 93 97 
1296 13 25 36 38 39 57 66 99 
1297 4 13 16 17 24 36 39 66 82 97 
1298 2 16 20 39 52 60 67 69 91 99 
1299 24 39 51 66 81 99 
1300 8 25 35 36 37 39 73 97 99 
1301 24 
1302 5 20 58 79 80 83 91 94 
1303 11 20 25 44 64 66 71 88 94 
1304 4 13 17 36 38 49 62 71 81 97 99 
1305 4 12 23 50 52 64 81 90 93 
1306 24 37 39 42 47 51 71 99 
1307 37 39 51 66 81 97 99 
1308 23 24 66 81 99 
1309 4 13 18 20 36 40 66 73 81 99 
1310 4 13 17 19 25 36 39 53 66 93 97 99 
1311 13 17 29 36 51 53 58 73 97 
1312 20 36 39 48 52 60 94 99 
1313 16 18 32 37 42 54 60 67 99 
1314 0 12 36 37 53 66 81 93 
1315 2 7 13 16 47 48 54 60 73 91 99 
1316 13 18 24 25 39 60 66 71 81 97 99 
1317 18 19 36 41 55 60 66 73 81 82 94 99 
1318 20 23 49 55 57 71 72 73 96 97 
1319 12 20 23 36 39 81 97 99 
1320 13 17 18 19 22 36 51 52 60 73 81 
1321 13 36 38 47 64 66 73 80 97 99 
1322 12 25 36 52 55 64 66 84 85 94 
1323 14 18 19 29 39 63 66 
1324 3 13 24 36 45 51 52 71 73 89 95 97 99 
1325 24 39 66 73 81 84 86 99 
1326 15 24 37 39 58 66 71 81 97 99 
1327 21 48 53 66 80 81 98 
1328 4 20 36 39 42 58 60 92 
1329 52 53 61 66 99 
1330 13 36 43 47 55 58 69 71 81 90 93 97 
1331 4 13 38 51 54 66 81 84 89 99 
1332 12 20 23 33 36 56 64 71 
1333 9 24 55 66 71 73 76 99 
1334 23 24 71 97 99 
1335 4 13 18 20 38 39 48 52 56 80 98 
1336 13 16 54 60 99 
1337 21 40 49 97 
1338 24 39 66 73 81 97 99 
1339 13 14 29 36 54 73 97 99 
1340 18 19 36 37 39 73 81 97 99 
1341 12 24 49 51 94 99 
1342 13 24 66 81 99 
1343 7 8 12 41 54 56 66 81 91 94 
1344 2 25 32 37 39 47 48 52 58 60 66 97 99 
1345 24 37 43 47 71 89 93 96 97 99 
1346 9 20 23 64 81 
1347 23 36 39 51 64 66 71 81 
1348 11 17 39 48 52 57 81 82 85 
1349 4 13 18 21 24 41 66 91 
1350 0 13 36 39 66 97 99 
1351 21 33 60 66 71 72 81 99 
1352 13 24 39 66 81 97 99 
1353 13 18 36 39 48 57 60 99 
1354 7 13 25 48 80 81 82 83 94 99 
1355 25 39 48 49 52 54 81 99 
1356 1 23 25 39 41 52 73 81 91 93 97 99 
1357 16 25 37 39 42 60 66 67 69 73 99 
1358 4 25 48 51 66 81 85 
1359 24 71 73 97 99 
1360 4 33 48 51 57 58 65 94 
1361 20 23 24 36 39 97 98 99 
1362 3 25 36 39 46 51 58 81 99 
1363 24 
1364 4 7 20 36 37 39 57 66 73 97 99 
1365 7 35 61 66 73 99 
1366 4 12 17 23 24 25 51 53 66 71 73 80 81 82 93 
1367 6 7 12 20 22 23 64 
1368 2 16 19 25 35 36 39 52 69 80 82 90 92 94 99 
1369 9 36 39 
1370 12 23 24 39 49 66 91 99 
1371 4 17 36 39 73 99 
1372 20 23 35 39 41 51 53 57 65 70 81 
1373 19 22 44 51 52 54 73 75 85 97 99 
1374 7 17 19 20 36 39 60 71 79 
1375 13 52 66 73 79 84 93 99 
1376 12 23 36 64 78 
1377 4 13 19 48 54 57 60 73 81 
1378 39 52 60 65 71 80 81 94 97 99 
1379 4 13 36 39 52 66 71 97 99 
1380 23 24 39 51 61 64 65 68 81 96 98 
1381 16 38 41 46 47 56 66 73 80 94 97 98 99 
1382 13 19 20 24 36 58 66 99 
1383 16 23 24 39 57 61 73 81 99 
1384 20 24 25 39 42 47 53 57 73 81 97 
1385 0 13 34 36 37 39 47 51 53 56 58 66 81 
1386 9 12 55 56 80 82 91 
1387 12 18 19 23 64 81 
1388 12 16 52 58 66 80 84 
1389 8 16 20 25 36 56 66 71 97 
1390 17 36 49 51 55 66 80 97 99 
1391 12 13 18 66 73 81 97 99 
1392 12 23 64 71 
1393 4 6 7 21 24 37 55 71 73 81 97 
1394 17 39 43 62 85 91 
1395 6 35 39 42 60 73 80 81 99 
1396 24 39 57 66 81 99 
1397 13 21 38 40 46 50 
1398 49 57 73 81 93 99 
1399 25 39 66 81 99 
1400 13 17 25 36 39 49 51 58 61 66 90 99 
1401 24 36 39 66 81 92 97 99 
1402 16 18 25 37 60 66 67 99 
1403 5 49 51 57 66 73 81 89 
1404 24 26 36 39 57 71 73 97 99 
1405 39 47 54 58 60 61 66 67 71 91 
1406 12 18 21 23 39 57 71 81 93 97 99 
1407 19 35 66 81 99 
1408 16 23 24 35 60 73 97 98 99 
1409 24 25 71 73 81 97 99 
1410 22 36 43 51 52 91 96 
1411 12 24 36 49 66 71 74 
1412 2 4 13 37 47 70 99 
1413 16 37 39 60 66 73 81 97 99 
1414 24 35 54 55 57 71 73 96 99 
1415 9 12 20 23 52 56 64 
1416 24 74 81 
1417 17 18 39 57 58 71 73 99 
1418 18 37 60 66 81 90 99 
1419 37 39 58 60 66 94 99 
1420 12 13 24 36 44 80 81 
1421 22 24 37 39 51 66 81 82 99 
1422 37 39 60 73 97 99 
1423 4 12 17 25 51 81 
1424 13 48 53 57 81 82 98 99 
1425 1 13 16 37 39 47 71 99 
1426 24 
1427 4 13 53 57 66 69 80 81 
1428 18 24 73 81 99 
1429 19 23 36 38 57 81 99 
1430 4 7 24 66 71 73 81 99 
1431 6 16 60 66 80 81 86 99 
1432 20 46 66 71 
1433 0 39 57 65 71 81 99 
1434 16 25 39 43 51 53 66 73 81 92 97 99 
1435 4 16 39 47 58 59 74 84 99 
1436 4 17 39 43 66 84 98 99 
1437 24 39 51 57 60 66 81 89 99 
1438 4 7 17 20 36 39 51 58 71 73 99 
1439 18 39 42 48 52 58 71 80 81 
1440 4 23 35 36 39 47 49 66 73 81 99 
1441 39 66 97 99 
1442 20 
1443 17 38 48 51 66 73 81 91 93 99 
1444 37 39 41 60 66 71 92 97 99 
1445 17 20 36 39 49 58 77 
1446 2 7 36 38 49 62 80 
1447 4 20 36 39 51 58 75 85 91 97 
1448 4 12 20 36 39 84 99 
1449 18 25 43 44 55 73 91 92 
1450 4 13 21 23 36 44 57 66 81 
1451 12 42 52 54 59 77 97 
1452 4 12 13 44 49 61 66 89 
1453 37 60 81 91 97 99 
1454 7 25 39 51 80 97 99 
1455 39 47 69 71 99 
1456 6 12 23 58 71 78 81 
1457 1 25 60 66 68 73 81 84 94 97 99 
1458 13 36 40 44 50 63 66 99 
1459 2 12 19 20 39 51 66 81 99 
1460 1 39 42 43 61 73 98 
1461 12 20 36 38 42 65 66 97 
1462 4 17 18 36 37 57 81 99 
1463 18 20 34 39 47 64 68 81 84 
1464 13 20 25 42 48 53 56 
1465 2 9 23 39 48 73 80 81 97 99 
1466 2 4 12 20 36 40 48 50 51 57 71 77 97 
1467 2 16 25 28 44 99 
1468 13 39 51 73 79 81 94 97 99 
1469 2 13 16 17 19 51 66 81 99 
1470 17 36 39 42 51 77 81 88 97 99 
1471 17 25 36 41 47 57 59 60 73 92 94 
1472 9 12 18 19 24 65 73 80 81 99 
1473 16 39 58 60 66 71 92 97 99 
1474 4 13 36 39 54 55 80 97 99 
1475 16 24 37 39 43 66 80 99 
1476 24 36 39 49 52 57 60 66 71 97 
1477 4 13 36 39 41 57 84 99 
1478 24 39 42 71 99 
1479 16 18 37 66 73 80 81 89 91 99 
1480 12 23 25 37 52 66 71 81 97 99 
1481 12 25 39 43 57 62 69 78 91 99 
1482 2 18 24 47 49 51 55 66 73 86 
1483 1 20 24 32 36 39 53 55 66 71 73 89 
1484 24 66 73 74 99 
1485 4 20 25 39 42 66 99 
1486 13 37 39 46 50 51 73 81 99 
1487 20 23 64 
1488 19 37 46 51 52 57 61 66 71 83 99 
1489 12 17 23 36 39 64 81 
1490 4 9 20 24 37 41 51 52 78 97 99 
1491 37 39 41 60 66 81 97 99 
1492 9 12 19 22 23 36 64 
1493 13 36 39 58 92 97 99 
1494 4 17 18 42 78 91 95 
1495 9 18 36 58 66 71 79 81 85 89 90 
1496 9 16 24 66 84 99 
1497 18 39 66 73 94 97 99 
1498 13 16 24 36 38 40 52 81 99 
1499 13 36 44 60 64 80 81 83 
1500 4 6 18 19 25 39 49 51 80 81 99 
1501 16 23 24 25 36 39 58 73 81 99 
1502 13 17 24 36 38 39 48 53 73 74 99 
1503 2 13 36 38 39 66 97 99 
1504 18 25 37 39 60 66 81 97 99 
1505 18 24 37 60 67 81 89 96 97 99 
1506 2 16 23 25 29 48 66 73 81 87 99 
1507 12 16 17 66 87 90 
1508 13 23 39 50 54 66 73 81 85 96 99 
1509 4 13 20 24 25 36 39 93 
1510 1 2 8 16 44 51 56 57 66 68 89 90 
1511 4 13 17 36 39 48 80 81 82 99 
1512 2 7 25 36 39 47 69 99 
1513 18 37 39 73 89 94 99 
1514 13 36 39 42 48 51 94 
1515 7 9 23 64 80 
1516 22 23 64 
1517 12 23 36 49 56 64 83 
1518 8 26 29 66 73 74 81 91 96 98 99 
1519 8 13 24 31 36 47 66 84 97 99 
1520 39 58 80 
1521 7 36 41 57 58 71 
1522 2 13 19 39 47 49 66 73 81 85 99 
1523 15 24 43 55 58 66 71 73 92 97 98 99 
1524 13 36 39 47 73 74 81 92 97 99 
1525 4 15 20 43 54 65 81 97 99 
1526 4 20 57 90 99 
1527 39 60 66 73 99 
1528 24 66 73 74 81 99 
1529 13 29 36 51 61 67 81 91 99 
1530 13 19 20 24 37 46 66 73 94 97 99 
1531 12 20 23 32 51 65 71 73 75 81 82 93 94 
1532 2 6 7 21 25 47 60 73 99 
1533 13 36 40 51 58 66 73 81 84 85 91 99 
1534 24 36 39 49 73 97 99 
1535 41 55 66 81 91 98 
1536 16 25 37 39 51 54 56 60 66 81 91 99 
1537 13 18 19 36 60 66 73 88 99 
1538 16 25 37 39 60 66 73 97 99 
1539 18 25 39 59 65 80 81 99 
1540 7 26 41 48 50 65 71 80 
1541 9 23 24 39 50 57 60 66 99 
1542 24 39 66 81 99 
1543 24 51 66 73 81 99 
1544 25 39 51 66 81 89 99 
1545 2 13 29 37 39 47 73 81 97 99 
1546 20 24 25 37 49 64 66 73 81 97 99 
1547 18 37 39 60 66 81 83 99 
1548 20 22 23 24 36 37 49 74 75 
1549 24 66 73 81 97 99 
1550 2 13 32 36 39 58 80 81 92 99 
1551 35 47 56 66 73 97 99 
1552 9 20 23 36 39 49 64 71 81 99 
1553 9 24 49 53 81 89 91 99 
1554 16 23 25 43 49 58 62 66 91 
1555 20 22 25 39 58 71 
1556 4 13 20 36 39 42 66 80 88 
1557 13 23 36 37 71 79 81 97 
1558 13 24 38 71 73 81 99 
1559 80 
1560 3 13 36 57 82 
1561 16 36 39 48 65 66 73 97 99 
1562 37 66 67 81 91 97 
1563 4 13 17 36 51 65 66 71 78 
1564 24 
1565 25 38 44 47 55 71 73 99 
1566 4 15 19 24 37 40 60 61 66 74 89 93 99 
1567 24 39 54 71 97 99 
1568 4 18 19 24 37 44 56 66 99 
1569 13 25 36 39 66 73 99 
1570 13 19 25 39 53 59 66 73 76 97 99 
1571 4 13 16 36 39 66 81 97 99 
1572 24 39 41 54 66 81 99 
1573 24 52 53 60 66 73 76 98 99 
1574 24 37 39 52 66 81 97 99 
1575 13 17 24 36 51 66 81 97 99 
1576 16 18 36 39 58 97 99 
1577 4 9 25 34 36 37 39 42 57 58 
1578 9 13 20 24 36 44 64 81 99 
1579 13 21 23 25 36 39 48 49 66 99 
1580 9 16 24 36 67 71 73 81 82 97 99 
1581 13 36 38 39 66 81 99 
1582 4 13 39 99 
1583 8 13 17 23 32 54 60 67 81 99 
1584 16 40 44 57 66 80 
1585 8 9 23 24 59 66 71 
1586 25 39 58 60 81 99 
1587 9 20 23 24 97 
1588 12 36 39 44 66 71 77 83 84 97 99 
1589 9 20 22 23 36 48 52 64 92 
1590 18 37 60 73 81 92 99 
1591 8 32 38 57 74 75 79 81 93 97 
1592 16 21 25 39 66 71 81 99 
1593 23 26 29 39 61 81 99 
1594 24 
1595 4 24 31 39 60 66 72 73 97 98 99 
1596 13 16 36 37 66 69 73 81 89 91 93 99 
1597 9 12 20 24 42 49 58 71 73 97 99 
1598 9 20 23 36 66 71 
1599 7 8 19 24 26 36 51 53 56 71 73 96 97 
1600 2 4 12 20 47 66 71 73 
1601 20 36 37 39 58 97 99 
1602 18 53 55 57 64 66 68 73 76 82 84 96 99 
1603 16 23 24 41 66 73 74 81 99 
1604 4 13 17 24 48 57 71 80 
1605 24 37 60 66 71 73 81 97 99 
1606 13 16 24 39 66 99 
1607 23 24 36 39 40 49 52 60 64 66 96 
1608 13 19 25 32 66 80 83 99 
1609 11 24 52 60 64 66 71 81 82 85 96 97 99 
1610 9 23 24 25 57 64 66 81 
1611 2 17 66 81 93 
1612 16 18 24 60 66 73 97 99 
1613 0 25 29 37 40 48 53 57 58 73 97 99 
1614 18 23 36 39 64 71 80 81 99 
1615 4 13 39 66 99 
1616 19 36 37 41 57 66 77 81 99 
1617 23 39 41 60 66 73 97 99 
1618 6 16 17 24 39 60 66 73 81 94 99 
1619 13 24 39 51 60 66 81 97 99 
1620 17 36 65 66 69 81 99 
1621 36 39 41 53 64 66 73 97 99 
1622 4 7 13 17 36 48 49 57 71 77 91 
1623 12 20 47 53 81 84 93 99 
1624 16 19 37 39 60 66 71 92 97 99 
1625 18 21 55 61 65 66 73 99 
1626 1 12 39 42 66 81 99 
1627 20 22 25 36 42 45 66 81 99 
1628 1 12 37 50 97 99 
1629 12 13 16 23 25 66 73 97 99 
1630 13 37 48 52 56 60 66 84 97 
1631 13 24 36 39 71 81 92 97 99 
1632 4 15 17 39 43 73 85 93 
1633 39 50 57 99 
1634 16 25 39 48 52 58 77 84 99 
1635 0 9 13 25 36 39 47 51 58 66 73 99 
1636 24 29 54 56 66 73 97 99 
1637 13 24 37 47 52 60 66 71 93 97 
1638 36 39 51 52 58 80 92 
1639 17 21 43 51 58 70 71 73 89 97 
1640 16 34 37 60 73 97 99 
1641 12 13 24 46 48 56 81 98 99 
1642 4 18 25 39 53 54 65 71 78 81 99 
1643 18 19 36 44 58 64 66 71 73 97 
1644 12 20 32 36 43 64 71 82 
1645 24 66 73 81 97 99 
1646 12 13 20 39 43 73 81 99 
1647 12 13 20 23 24 53 73 81 99 
1648 23 24 39 64 
1649 17 36 71 92 97 
1650 12 20 22 23 24 36 44 71 74 81 84 
1651 4 13 24 36 47 66 93 99 
1652 13 21 23 24 25 39 66 99 
1653 24 39 66 81 99 
1654 9 24 38 39 81 
1655 39 47 52 53 66 81 98 99 
1656 4 44 48 71 73 90 91 99 
1657 24 80 
1658 9 13 39 66 77 84 97 99 
1659 2 13 19 21 44 48 64 99 
1660 9 16 18 23 39 48 66 81 84 97 99 
1661 4 13 25 37 39 48 51 57 66 88 99 
1662 4 13 20 36 54 66 71 92 99 
1663 16 37 60 66 73 81 99 
1664 24 39 66 81 99 
1665 16 23 25 34 49 60 73 99 
1666 9 21 22 39 56 66 73 97 99 
1667 23 37 39 44 47 80 81 
1668 16 24 29 33 37 39 47 60 71 91 
1669 25 37 39 60 66 99 
1670 12 25 39 49 69 99 
1671 4 25 36 39 58 65 69 
1672 2 25 73 80 85 
1673 12 13 20 44 56 71 85 
1674 13 32 36 45 47 51 71 73 
1675 13 24 48 66 73 81 94 96 
1676 4 12 20 23 24 36 49 78 
1677 9 24 25 33 37 48 89 98 99 
1678 4 24 25 37 74 99 
1679 9 12 20 23 25 37 39 40 52 57 70 91 
1680 18 37 39 60 66 68 73 97 99 
1681 17 35 36 39 49 66 80 85 97 99 
1682 9 25 37 39 53 66 73 82 84 
1683 12 23 39 46 47 48 52 80 81 95 
1684 24 66 81 99 
1685 21 25 39 44 51 55 61 73 96 97 99 
1686 13 20 21 24 48 50 81 83 99 
1687 22 39 48 52 71 73 99 
1688 20 39 47 56 66 71 81 97 98 99 
1689 4 7 43 
1690 24 39 66 81 97 99 
1691 15 25 36 42 56 58 66 71 99 
1692 9 23 36 64 
1693 9 12 23 64 
1694 12 25 36 39 42 81 
1695 18 25 39 41 47 58 60 83 96 99 
1696 13 36 37 39 42 47 80 81 90 97 99 
1697 13 17 23 24 34 36 39 53 61 81 96 97 99 
1698 13 25 36 39 58 60 66 84 92 99 
1699 13 20 56 66 71 81 98 99 
1700 18 52 58 61 73 84 93 97 
1701 13 16 20 24 39 57 60 81 99 
1702 25 29 36 39 48 58 80 81 91 94 99 
1703 24 48 52 66 74 81 89 94 97 99 
1704 16 39 58 60 67 71 84 85 99 
1705 19 32 39 47 58 66 81 89 97 99 
1706 12 13 23 32 37 53 64 73 80 81 99 
1707 39 42 48 73 81 89 99 
1708 13 18 20 25 36 44 49 66 71 
1709 16 37 39 60 66 73 97 99 
1710 12 16 31 36 52 57 66 92 97 
1711 24 74 81 99 
1712 0 39 51 57 66 73 81 97 
1713 2 16 60 66 80 83 99 
1714 4 13 16 25 36 39 48 66 73 99 
1715 13 25 64 76 80 89 94 99 
1716 0 2 13 55 61 62 65 81 84 94 99 
1717 25 33 34 39 40 49 52 57 73 81 94 
1718 6 25 34 39 48 99 
1719 36 39 58 66 73 76 81 83 
1720 16 25 37 39 91 99 
1721 2 16 39 44 65 97 99 
1722 13 24 35 36 57 66 71 73 81 97 99 
1723 13 16 36 39 57 58 71 73 81 91 97 
1724 13 18 19 24 31 39 52 56 66 67 71 84 99 
1725 16 24 26 66 71 74 81 82 92 97 99 
1726 24 37 39 57 66 73 81 97 99 
1727 8 9 21 23 38 57 64 71 73 97 
1728 2 25 39 57 80 99 
1729 9 37 47 54 60 64 67 92 93 
1730 13 36 38 39 81 
1731 13 25 36 38 39 66 71 85 92 99 
1732 2 13 21 24 57 60 66 80 90 
1733 12 13 62 64 80 98 99 
1734 13 25 36 39 48 57 66 73 81 99 
1735 2 4 13 16 32 66 71 80 81 90 97 99 
1736 36 39 80 82 93 96 97 99 
1737 12 13 24 35 49 50 57 66 80 90 91 99 
1738 4 17 18 42 56 78 91 95 
1739 24 57 81 
1740 24 25 32 36 39 48 52 58 60 80 81 
1741 16 17 19 39 48 52 81 90 94 96 99 
1742 23 25 37 49 51 53 81 99 
1743 20 21 24 25 36 37 66 71 81 99 
1744 16 24 32 35 39 43 52 73 91 
1745 16 36 39 47 52 99 
1746 16 23 39 47 56 57 66 73 77 99 
1747 19 37 51 56 57 66 71 73 97 99 
1748 25 28 37 39 57 60 66 73 74 81 82 97 
1749 12 19 23 43 44 49 64 97 
1750 20 22 44 55 85 
1751 12 52 73 81 82 85 99 
1752 12 20 32 49 78 81 
1753 13 18 39 66 71 81 99 
1754 4 12 13 17 18 31 50 65 81 93 
1755 13 18 36 51 66 73 81 86 99 
1756 13 20 25 32 38 39 66 81 
1757 24 39 57 60 81 
1758 39 58 60 71 72 89 97 
1759 9 20 23 64 78 
1760 2 23 24 37 39 58 66 73 80 85 98 99 
1761 12 56 
1762 13 19 23 24 39 40 60 64 66 81 96 
1763 2 4 25 26 37 57 66 71 73 81 99 
1764 4 17 20 31 36 39 48 73 97 99 
1765 1 4 13 24 36 39 85 97 99 
1766 8 51 66 71 81 97 98 99 
1767 13 16 23 39 52 53 71 81 91 99 
1768 4 12 13 36 43 44 54 64 71 74 80 
1769 2 19 36 42 57 58 59 85 89 
1770 9 12 20 23 36 64 66 97 99 
1771 24 50 51 56 66 73 99 
1772 4 12 13 19 24 47 48 51 57 63 65 80 87 99 
1773 20 22 25 71 97 
1774 20 24 49 77 
1775 1 4 13 17 36 53 57 66 99 
1776 4 36 40 48 49 51 58 90 91 
1777 20 23 25 39 54 56 60 63 66 73 84 99 
1778 4 12 16 32 35 37 44 49 52 53 56 82 
1779 18 43 48 66 80 81 
1780 3 13 24 47 49 51 52 57 66 81 99 
1781 13 36 61 66 80 89 92 97 99 
1782 12 13 20 36 39 42 49 58 92 97 
1783 9 37 38 50 51 66 71 73 
1784 13 35 54 71 84 93 94 99 
1785 24 39 66 73 81 97 99 
1786 4 35 37 39 73 81 97 99 
1787 13 18 19 47 57 66 73 97 99 
1788 13 24 47 52 73 81 97 99 
1789 8 37 39 66 73 93 99 
1790 13 17 34 36 39 44 49 85 
1791 4 16 24 39 73 92 99 
1792 19 24 48 49 57 66 74 79 89 99 
1793 16 25 66 73 81 99 
1794 24 66 73 81 97 98 99 
1795 2 16 39 47 52 53 66 81 99 
1796 0 36 39 51 58 73 97 99 
1797 7 9 15 18 43 45 52 57 65 81 90 
1798 12 13 20 23 39 81 
1799 4 12 25 36 37 38 39 52 81 99 
1800 13 24 37 39 52 56 66 73 81 98 99 
1801 13 19 36 52 57 73 92 96 97 99 
1802 12 23 36 81 
1803 9 28 36 39 42 58 71 84 92 96 99 
1804 4 17 36 52 61 66 91 97 99 
1805 7 13 29 37 52 57 63 66 99 
1806 36 80 81 
1807 9 17 19 51 60 73 80 97 99 
1808 24 39 81 97 
1809 13 24 39 66 73 81 99 
1810 4 17 20 44 49 57 58 91 
1811 39 66 73 81 97 99 
1812 13 24 66 81 99 
1813 13 24 39 52 57 99 
1814 4 13 19 31 36 43 50 51 81 82 
1815 18 21 24 39 51 60 66 81 97 99 
1816 20 64 81 84 91 
1817 19 25 39 52 57 58 60 64 65 71 73 74 97 99 
1818 1 13 20 36 39 42 70 93 97 
1819 24 36 39 53 58 60 99 
1820 13 16 58 64 66 85 98 99 
1821 3 13 25 31 36 39 42 44 73 81 99 
1822 4 13 17 36 39 48 91 99 
1823 13 23 25 36 52 61 64 65 81 99 
1824 16 25 36 38 39 53 77 81 83 97 99 
1825 12 56 
1826 37 42 47 52 66 73 76 81 89 90 97 
1827 1 2 7 13 20 29 34 39 53 66 80 81 98 
1828 9 12 13 28 81 
1829 12 19 25 30 39 60 65 73 
1830 20 36 39 49 52 73 81 97 99 
1831 13 24 39 66 81 97 99 
1832 23 24 31 47 51 52 93 99 
1833 7 16 35 71 81 99 
1834 37 39 41 54 63 66 73 97 99 
1835 13 20 39 53 73 81 85 
1836 4 16 37 39 51 60 66 73 81 99 
1837 39 46 78 83 91 94 99 
1838 13 24 56 60 66 69 90 97 
1839 13 21 37 53 66 78 81 97 99 
1840 2 21 25 37 47 73 80 81 85 99 
1841 13 37 66 68 93 
1842 37 39 41 51 66 81 99 
1843 18 39 49 51 52 65 66 97 99 
1844 13 24 39 66 73 99 
1845 24 39 66 73 81 99 
1846 4 13 36 39 40 48 66 81 99 
1847 16 18 39 60 66 73 81 97 99 
1848 12 18 20 36 39 42 44 81 97 
1849 13 19 24 37 81 97 99 
1850 4 9 36 38 39 64 66 81 88 97 99 
1851 7 13 25 29 33 35 36 66 69 71 78 
1852 13 16 25 36 39 41 43 48 52 81 99 
1853 16 37 39 58 66 71 84 97 99 
1854 18 37 38 39 58 73 84 99 
1855 12 13 23 36 64 99 
1856 2 20 39 47 51 66 80 81 
1857 2 13 16 18 21 36 39 43 81 
1858 24 52 56 73 99 
1859 15 16 20 23 25 36 43 53 64 65 81 99 
1860 13 24 36 39 66 81 97 99 
1861 16 20 36 39 52 60 80 81 99 
1862 4 7 43 49 
1863 13 93 
1864 54 66 73 79 81 97 99 
1865 13 16 18 37 39 56 60 66 80 81 99 
1866 24 66 81 99 
1867 4 13 17 36 39 57 81 99 
1868 13 24 49 51 53 56 60 81 99 
1869 24 39 66 81 99 
1870 13 24 39 51 60 66 71 99 
1871 2 4 13 17 39 48 73 94 99 
1872 24 37 56 63 66 73 80 81 84 98 99 
1873 4 13 18 70 81 85 
1874 13 17 36 48 52 64 80 81 88 94 99 
1875 16 25 37 39 52 60 61 93 99 
1876 2 58 80 94 
1877 12 20 36 38 65 97 
1878 13 23 24 66 81 97 99 
1879 17 20 36 39 67 71 81 99 
1880 4 16 20 32 35 36 39 49 66 
1881 4 13 23 48 53 64 73 81 99 
1882 4 12 17 37 48 63 66 78 99 
1883 12 19 24 40 61 65 66 74 
1884 9 12 23 24 81 97 
1885 17 25 40 48 53 81 99 
1886 12 13 16 17 19 36 65 66 81 94 
1887 18 25 36 37 39 42 57 73 
1888 7 8 26 36 38 39 66 71 80 89 98 99 
1889 9 12 38 39 47 66 68 81 93 97 99 
1890 2 39 40 58 66 71 73 82 99 
1891 16 23 29 38 39 55 64 66 71 79 85 99 
1892 18 37 39 60 66 73 97 99 
1893 6 16 23 24 37 39 50 53 66 69 73 81 92 99 
1894 22 27 39 47 52 58 66 80 89 91 
1895 23 32 46 60 64 71 73 86 97 
1896 7 16 19 21 53 71 81 85 
1897 13 39 52 53 73 81 93 99 
1898 24 39 73 81 99 
1899 9 13 39 58 66 82 92 97 99 
1900 4 20 24 39 57 60 61 66 83 99 
1901 13 16 24 37 52 81 89 98 99 
1902 20 21 36 39 42 47 57 73 85 
1903 4 17 20 36 49 92 
1904 13 23 24 51 52 81 99 
1905 23 39 66 71 73 80 81 99 
1906 18 24 39 73 97 99 
1907 24 39 66 71 73 81 99 
1908 22 36 48 69 73 80 99 
1909 9 21 25 57 73 81 85 
1910 16 18 23 24 37 49 51 57 58 66 73 86 97 99 
1911 13 24 66 81 99 
1912 4 7 21 32 36 42 44 47 57 81 99 
1913 4 13 17 20 25 39 49 99 
1914 7 20 24 39 47 60 81 99 
1915 20 33 66 
1916 9 13 16 39 52 54 56 58 66 84 89 99 
1917 25 37 38 39 47 57 80 81 85 93 99 
1918 13 24 39 66 73 81 99 
1919 16 18 23 46 51 52 53 73 81 94 99 
1920 2 12 32 53 57 73 99 
1921 13 25 39 48 66 89 99 
1922 9 23 81 97 
1923 4 16 17 24 54 59 61 66 71 73 92 97 99 
1924 13 19 25 39 51 73 92 99 
1925 13 25 37 39 44 46 56 73 79 81 99 
1926 25 36 37 39 47 60 81 88 91 97 99 
1927 24 37 52 57 66 73 81 98 
1928 9 16 20 66 68 71 74 79 80 81 85 99 
1929 1 4 23 33 36 39 66 97 99 
1930 18 20 37 38 43 50 57 73 80 83 97 
1931 12 20 23 57 66 68 80 81 
1932 16 21 66 73 80 81 99 
1933 12 21 23 24 53 99 
1934 57 63 66 74 82 83 94 
1935 25 39 60 66 73 81 99 
1936 4 51 53 71 73 81 82 91 93 94 
1937 4 16 18 20 25 33 36 39 42 60 99 
1938 1 16 17 24 25 37 38 48 66 81 99 
1939 12 19 22 23 26 38 73 
1940 20 23 36 37 39 49 52 66 97 99 
1941 13 25 39 74 97 99 
1942 34 39 50 57 58 66 81 84 89 
1943 4 7 13 19 36 41 54 58 62 71 93 95 
1944 4 13 36 48 60 91 94 99 
1945 36 39 51 81 99 
1946 12 23 34 38 44 48 80 81 97 99 
1947 23 36 37 39 42 47 56 66 91 
1948 12 17 18 25 39 65 73 81 82 99 
1949 16 52 60 66 81 99 
1950 13 16 23 24 36 64 66 81 99 
1951 13 24 25 31 49 51 65 66 
1952 13 36 39 60 93 97 99 
1953 9 18 36 37 46 51 53 54 64 81 99 
1954 2 13 24 51 66 81 99 
1955 4 13 34 37 47 60 73 99 
1956 13 19 25 39 51 66 71 81 
1957 4 20 25 39 47 54 57 69 81 85 
1958 4 12 17 20 36 66 81 98 99 
1959 13 24 36 39 97 99 
1960 23 24 25 47 48 66 73 81 85 93 99 
1961 1 13 16 19 24 39 53 56 66 81 94 99 
1962 1 38 39 42 60 70 80 81 89 99 
1963 4 29 36 39 43 57 66 73 81 84 85 
1964 1 8 18 37 65 81 85 90 99 
1965 13 20 25 36 53 82 91 99 
1966 0 13 24 51 57 65 71 81 
1967 4 13 17 19 36 39 48 50 85 97 
1968 12 20 24 35 36 40 66 81 90 99 
1969 13 16 24 29 41 51 66 71 84 
1970 20 42 53 57 64 65 66 78 81 99 
1971 12 20 37 39 42 49 66 71 
1972 4 13 20 24 36 42 47 64 
1973 22 81 99 
1974 17 37 49 56 81 93 97 98 99 
1975 7 16 18 25 36 47 48 52 77 81 98 
1976 4 61 78 92 93 98 99 
1977 13 36 48 99 
1978 4 13 17 36 39 57 99 
1979 24 39 52 65 73 81 97 99 
1980 0 13 25 53 66 73 81 84 99 
1981 12 17 48 61 68 73 81 99 
1982 9 23 24 25 32 36 39 48 66 87 92 99 
1983 13 17 23 24 36 39 74 81 99 
1984 16 38 39 52 63 80 81 97 99 
1985 13 24 36 46 48 56 66 73 81 99 
1986 13 36 39 52 58 65 66 81 97 98 99 
1987 13 25 48 50 81 82 99 
1988 8 13 16 25 36 39 66 
1989 25 36 38 39 44 48 50 80 81 99 
1990 12 16 39 40 44 57 58 60 65 66 81 84 92 
1991 20 46 49 53 57 61 64 65 71 92 97 98 
1992 2 12 17 19 39 48 69 73 81 83 
1993 17 25 36 39 47 58 65 66 73 97 99 
1994 13 36 40 48 51 52 57 73 85 93 94 
1995 39 47 51 57 60 66 81 97 99 
1996 1 39 56 59 70 73 76 81 85 99 
1997 19 49 73 80 81 84 99 
1998 20 36 39 97 98 
1999 13 23 36 64 66 
2000 24 39 57 66 73 81 97 99 
2001 0 4 13 19 65 81 96 99 
2002 13 18 50 51 66 99 
2003 12 16 40 51 52 53 56 67 78 80 81 86 
2004 25 38 41 45 47 66 81 99 
2005 9 23 24 25 38 39 52 73 81 97 99 
2006 24 49 71 75 
2007 13 52 55 56 66 99 
2008 4 20 21 36 48 56 58 66 73 81 99 
2009 13 21 32 48 49 55 71 91 92 93 
2010 12 20 30 39 66 68 71 84 
2011 16 24 36 66 80 81 83 91 99 
2012 3 4 24 39 72 73 99 
2013 4 13 20 37 39 66 71 73 83 97 99 
2014 2 4 21 35 39 47 62 73 91 97 99 
2015 13 25 34 39 66 99 
2016 2 7 25 34 46 80 82 99 
2017 4 8 13 19 39 41 48 57 60 71 74 92 
2018 13 24 39 66 73 81 99 
2019 2 4 19 25 37 50 73 80 81 83 97 99 
2020 12 23 64 
2021 23 24 63 66 81 97 99 
2022 13 24 36 39 50 55 66 97 
2023 7 18 34 39 
2024 12 17 18 25 57 66 73 81 85 93 97 99 
2025 2 13 24 35 39 52 63 92 97 98 99 
2026 7 12 13 16 23 36 49 53 81 99 
2027 23 24 39 47 58 66 95 
2028 11 13 24 36 39 57 60 92 
2029 4 13 16 39 58 71 81 91 93 95 99 
2030 13 24 39 66 81 99 
2031 16 18 35 37 42 66 71 73 99 
2032 18 25 37 39 60 66 99 
2033 24 39 66 81 97 99 
2034 13 19 23 24 39 66 81 89 
2035 13 24 25 39 49 56 66 80 84 97 99 
2036 16 24 25 51 52 66 81 97 99 
2037 13 48 54 58 60 65 66 91 92 93 99 
2038 39 60 66 71 96 97 99 
2039 8 13 16 23 24 37 39 51 56 66 81 82 99 
2040 24 39 81 99 
2041 7 23 36 39 64 71 
2042 2 16 18 80 81 99 
2043 12 20 23 64 
2044 42 73 80 82 94 99 
2045 24 25 39 52 73 85 96 97 99 
2046 32 36 38 48 52 53 66 71 80 
2047 1 7 25 34 39 80 81 99 
2048 13 20 24 25 37 42 56 97 
2049 19 39 44 47 54 56 66 73 81 99 
2050 20 24 39 66 73 97 99 
2051 13 16 18 20 65 66 81 99 
2052 4 13 19 39 58 60 66 71 80 99 
2053 2 4 16 25 36 66 73 81 97 99 
2054 2 13 24 36 48 51 57 66 94 99 
2055 4 17 19 21 32 36 91 
2056 7 24 38 48 57 71 84 97 
2057 13 15 25 34 36 37 39 66 99 
2058 4 13 17 39 47 48 50 56 58 66 71 93 
2059 4 21 25 36 43 65 93 99 
2060 13 23 24 39 48 56 66 75 84 91 99 
2061 22 51 52 82 96 
2062 4 9 13 17 36 51 57 60 81 97 99 
2063 9 16 23 53 66 73 81 99 
2064 39 46 48 53 56 57 60 73 85 99 
2065 24 52 60 66 73 81 99 
2066 4 13 35 41 47 56 66 71 81 99 
2067 4 13 17 36 66 71 81 99 
2068 2 12 37 53 57 81 95 99 
2069 20 35 39 42 58 71 81 89 91 97 99 
2070 20 25 36 39 42 44 48 99 
2071 7 12 19 21 93 
2072 16 47 65 66 71 73 96 99 
2073 4 35 60 71 80 99 
2074 13 18 36 39 54 97 99 
2075 16 25 35 36 37 39 41 66 92 99 
2076 4 39 44 52 69 81 
2077 13 19 24 33 57 66 71 81 83 97 
2078 24 32 39 61 66 85 96 97 99 
2079 25 36 39 42 47 58 66 81 85 
2080 2 13 25 44 51 66 71 73 
2081 13 19 24 51 66 89 91 
2082 16 25 66 70 73 91 95 
2083 4 17 25 37 57 73 81 97 99 
2084 13 24 39 45 47 57 75 81 84 97 98 99 
2085 12 23 24 64 66 81 
2086 14 16 32 36 39 57 66 80 84 85 99 
2087 21 24 66 81 99 
2088 13 25 52 79 91 97 98 99 
2089 16 25 37 39 60 66 73 97 99 
2090 12 13 25 51 52 66 81 89 98 99 
2091 24 39 66 81 99 
2092 4 13 36 39 59 71 91 99 
2093 22 49 51 57 66 71 99 
2094 4 18 21 22 39 48 53 66 80 88 
2095 4 13 18 48 57 94 
2096 24 25 39 60 66 73 81 97 99 
2097 4 13 17 36 49 51 73 97 99 
2098 16 17 24 39 46 60 73 92 97 99 
2099 18 36 44 53 73 81 88 97 
2100 12 20 21 25 27 36 42 43 59 75 
2101 4 9 21 24 48 66 74 81 
2102 20 36 54 97 99 
2103 4 13 18 21 25 37 51 66 73 85 92 99 
2104 19 24 36 49 52 57 58 66 92 97 99 
2105 13 24 25 39 43 60 63 66 98 99 
2106 4 13 18 37 38 39 48 66 71 97 99 
2107 13 23 36 64 
2108 24 71 97 99 
2109 23 37 39 66 84 92 99 
2110 24 36 39 66 73 84 97 98 99 
2111 19 23 39 58 66 81 97 99 
2112 15 36 39 48 57 66 73 80 81 99 
2113 12 18 19 23 49 52 66 74 81 97 99 
2114 4 12 19 20 24 36 49 
2115 18 47 60 66 67 73 81 99 
2116 13 39 41 47 53 54 56 58 73 97 99 
2117 2 16 36 38 49 53 66 80 81 
2118 25 52 57 66 97 99 
2119 6 13 34 73 81 
2120 19 25 36 38 39 40 47 57 66 99 
2121 12 13 16 26 36 38 39 42 64 91 99 
2122 13 24 66 73 81 97 99 
2123 4 13 48 52 66 71 99 
2124 24 39 54 58 81 95 
2125 15 47 54 60 66 73 81 89 99 
2126 13 24 39 48 51 73 97 99 
2127 2 4 13 36 39 66 71 81 99 
2128 1 4 12 18 19 20 21 23 35 37 39 53 54 64 99 
2129 2 42 60 71 73 80 91 
2130 2 20 25 44 49 
2131 23 24 37 39 49 60 66 67 99 
2132 4 19 20 38 39 66 73 83 96 99 
2133 17 19 36 39 57 66 73 99 
2134 13 25 36 53 66 73 80 
2135 29 36 51 52 56 66 78 80 97 98 
2136 2 24 39 54 57 60 66 76 81 85 97 99 
2137 21 25 37 39 60 66 73 97 99 
2138 18 25 39 60 66 73 97 99 
2139 7 18 34 39 49 51 66 99 
2140 0 29 46 48 54 60 73 82 91 97 99 
2141 24 41 66 80 81 97 
2142 8 12 18 39 41 56 60 61 66 81 91 99 
2143 13 25 36 39 42 66 80 97 99 
2144 2 13 46 60 73 98 99 
2145 24 39 66 81 99 
2146 15 16 37 39 52 57 66 73 81 83 99 
2147 39 60 66 73 81 97 99 
2148 16 24 44 51 56 57 73 81 98 99 
2149 12 13 19 21 24 36 40 42 64 69 91 
2150 20 24 36 64 68 81 99 
2151 9 13 19 35 36 38 39 47 66 97 
2152 2 13 19 37 66 81 85 98 99 
2153 24 66 81 97 99 
2154 19 23 36 39 66 71 80 99 
2155 13 39 52 56 60 66 71 73 99 
2156 57 81 97 99 
2157 4 18 46 51 52 57 65 66 73 90 99 
2158 13 16 17 19 36 37 39 73 97 99 
2159 12 23 64 81 
2160 16 17 18 24 39 46 52 81 99 
2161 4 13 39 66 81 99 
2162 0 4 20 36 41 48 69 77 81 
2163 20 36 38 42 48 80 81 94 97 
2164 19 24 37 39 50 51 52 57 58 60 81 92 97 99 
2165 4 24 25 61 66 81 97 
2166 24 38 39 81 99 
2167 13 23 50 61 64 71 81 
2168 4 19 36 39 41 44 49 58 66 71 77 81 
2169 13 34 44 48 66 81 
2170 0 13 17 51 66 69 73 79 84 97 99 
2171 2 12 24 31 37 39 44 66 80 
2172 2 13 36 38 79 80 97 99 
2173 13 36 50 58 71 81 93 99 
2174 33 37 51 61 66 73 89 99 
2175 4 11 21 56 57 61 66 81 
2176 1 15 20 23 47 57 58 99 
2177 13 24 36 54 73 97 99 
2178 2 24 39 66 71 80 81 97 99 
2179 24 49 52 66 89 97 
2180 36 39 46 52 66 69 73 81 89 97 99 
2181 4 7 17 18 21 42 48 74 78 95 99 
2182 13 21 23 40 44 49 52 71 73 77 80 99 
2183 16 37 39 41 60 66 71 76 85 94 97 99 
2184 4 11 19 38 39 46 47 55 80 94 96 
2185 24 39 71 73 97 99 
2186 13 36 66 99 
2187 13 18 23 24 60 66 81 99 
2188 21 23 24 49 81 89 97 
2189 18 25 36 39 48 66 97 99 
2190 4 9 13 36 41 51 65 71 90 96 99 
2191 36 43 53 66 73 97 99 
2192 4 10 24 25 36 39 60 65 81 97 
2193 13 17 66 73 81 99 
2194 4 17 20 23 36 49 64 71 
2195 7 12 16 17 24 34 80 81 
2196 13 20 36 39 58 66 71 91 92 99 
2197 29 36 48 52 73 80 
2198 12 20 25 35 36 39 48 49 51 57 80 
2199 13 18 25 32 39 47 54 60 66 70 
2200 9 12 23 39 42 49 52 
2201 4 8 15 25 37 47 51 80 81 91 
2202 4 13 17 24 25 36 39 48 91 93 99 
2203 24 36 39 48 66 71 80 99 
2204 4 13 38 39 47 58 61 71 92 93 99 
2205 13 25 37 39 52 60 64 80 81 92 99 
2206 18 24 37 39 46 60 66 
2207 17 18 20 36 37 39 73 99 
2208 3 4 19 22 37 57 68 73 80 99 
2209 19 36 39 63 89 99 
2210 16 24 39 60 66 73 81 99 
2211 20 33 
2212 2 37 39 51 76 79 80 81 99 
2213 24 39 60 66 73 81 97 99 
2214 4 13 36 37 56 66 70 82 99 
2215 12 13 24 81 86 96 98 
2216 24 39 41 58 72 80 93 97 99 
2217 37 39 60 66 73 97 99 
2218 21 36 48 50 80 85 94 99 
2219 16 39 47 67 81 97 99 
2220 15 36 39 54 58 66 67 71 76 84 92 99 
2221 7 9 23 55 64 
2222 12 20 23 33 43 48 54 69 81 
2223 9 16 18 24 40 57 83 99 
2224 13 24 39 60 66 71 73 99 
2225 16 58 60 67 81 92 97 99 
2226 16 17 36 60 81 91 92 97 99 
2227 2 25 37 52 66 71 81 89 97 
2228 9 42 48 63 93 99 
2229 4 36 37 39 58 97 98 99 
2230 13 36 57 80 81 91 94 97 99 
2231 24 29 35 36 37 53 57 73 81 84 91 
2232 24 39 42 49 59 71 85 99 
2233 12 20 23 24 36 48 56 73 81 97 
2234 25 37 41 47 66 73 81 85 97 99 
2235 16 39 40 52 60 65 66 73 99 
2236 12 39 52 57 81 97 99 
2237 13 36 39 41 42 51 71 73 81 97 99 
2238 24 39 48 60 66 71 73 97 99 
2239 4 21 22 53 54 58 66 80 81 99 
2240 4 13 16 36 37 39 48 90 
2241 24 66 97 99 
2242 24 39 66 81 99 
2243 13 20 23 24 36 66 81 97 99 
2244 16 18 35 39 41 52 57 60 71 73 81 97 
2245 1 3 18 21 24 33 51 60 64 66 71 78 81 97 
2246 11 44 60 73 83 85 88 98 99 
2247 12 13 20 71 90 96 
2248 12 13 23 42 56 66 81 98 99 
2249 1 13 16 17 39 48 66 80 97 99 
2250 2 7 13 26 42 51 52 66 71 81 85 
2251 2 16 17 20 49 66 80 99 
2252 2 13 44 49 70 71 73 81 83 96 99 
2253 16 24 43 51 57 66 99 
2254 2 12 21 24 29 37 39 49 56 66 81 89 94 
2255 1 29 42 43 73 82 98 99 
2256 4 13 17 48 71 85 91 92 
2257 24 36 38 49 53 58 60 66 81 99 
2258 9 21 32 51 65 66 71 80 81 83 91 92 
2259 2 12 16 23 36 39 72 77 79 84 99 
2260 13 25 39 66 99 
2261 3 13 39 57 61 66 77 81 84 92 97 99 
2262 4 13 36 39 47 60 66 97 99 
2263 23 24 25 52 66 69 73 99 
2264 13 25 39 50 55 58 71 
2265 2 4 17 57 66 73 81 91 
2266 23 37 48 53 64 73 80 81 85 99 
2267 0 4 13 16 31 37 39 42 54 58 63 81 99 
2268 16 23 25 66 81 91 
2269 9 12 23 24 64 66 81 97 
2270 4 7 9 14 16 18 24 32 48 60 66 
2271 13 17 24 39 48 58 66 80 96 
2272 12 18 20 23 24 32 36 61 81 
2273 17 36 39 48 66 71 97 99 
2274 39 40 43 55 57 58 60 81 84 
2275 13 25 50 57 66 99 
2276 21 40 49 97 
2277 12 43 56 57 59 66 81 94 
2278 2 34 39 42 47 54 90 93 94 99 
2279 17 25 37 39 49 52 66 81 82 99 
2280 15 18 35 52 60 65 67 81 82 99 
2281 13 23 24 37 51 52 66 84 99 
2282 3 20 40 42 73 75 91 
2283 13 24 31 39 51 52 74 97 99 
2284 17 25 39 48 57 60 66 71 80 85 
2285 20 23 36 38 64 66 99 
2286 9 39 49 56 73 81 85 91 99 
2287 24 25 37 40 52 57 65 71 73 81 97 99 
2288 23 24 51 
2289 16 19 23 25 39 52 66 67 71 73 81 97 99 
2290 4 7 12 17 20 23 37 49 71 
2291 25 35 37 39 60 73 85 99 
2292 12 56 90 
2293 4 13 24 25 36 69 99 
2294 13 24 39 66 81 99 
2295 11 16 18 55 58 60 97 99 
2296 34 66 80 81 99 
2297 12 13 20 24 36 81 99 
2298 12 20 22 23 32 36 64 
2299 4 13 16 18 37 39 50 51 54 57 87 89 97 99 
2300 13 24 51 66 81 99 
2301 13 41 52 65 66 69 71 73 99 
2302 4 13 36 39 66 71 99 
2303 25 36 39 42 58 84 97 99 
2304 16 18 39 47 48 57 66 71 81 91 94 98 99 
2305 2 4 12 18 36 48 49 51 71 73 87 99 
2306 24 39 66 73 81 97 99 
2307 12 28 
2308 9 23 24 51 61 65 66 71 73 93 97 99 
2309 37 39 42 60 67 81 85 89 97 99 
2310 6 9 12 25 26 29 47 66 69 
2311 7 23 46 52 73 81 97 99 
2312 13 49 50 54 58 60 63 81 93 97 99 
2313 8 9 24 25 36 47 71 82 99 
2314 2 12 20 49 64 71 80 99 
2315 36 39 54 66 73 81 99 
2316 13 24 36 39 66 97 99 
2317 16 19 24 25 39 44 65 66 99 
2318 24 
2319 20 33 
2320 13 52 57 66 73 81 99 
2321 25 39 61 66 68 69 73 93 97 
2322 2 20 25 39 57 
2323 13 18 24 39 54 80 81 92 99 
2324 24 36 37 39 50 57 60 66 99 
2325 37 39 60 66 73 81 97 99 
2326 11 25 39 47 66 69 73 81 85 88 99 
2327 36 44 66 73 79 80 81 84 89 99 
2328 12 13 25 36 37 39 81 94 
2329 13 20 36 39 43 58 73 99 
2330 13 25 57 58 61 68 75 91 96 99 
2331 13 35 66 99 
2332 16 25 37 39 60 66 73 97 99 
2333 13 36 37 39 51 73 99 
2334 13 18 39 47 48 54 58 60 97 99 
2335 18 61 66 73 81 97 99 
2336 16 24 37 39 66 73 97 99 
2337 4 33 39 54 60 66 99 
2338 0 25 36 42 50 78 93 97 
2339 25 35 38 66 73 99 
2340 8 12 13 23 36 38 80 81 99 
2341 13 16 18 21 39 47 66 84 94 99 
2342 20 23 36 39 81 97 
2343 4 20 36 39 42 73 80 
2344 17 24 36 49 50 66 67 71 73 81 99 
2345 35 39 41 48 66 69 80 81 87 97 
2346 16 25 37 39 41 60 66 73 97 99 
2347 4 13 36 37 39 57 99 
2348 21 24 66 81 99 
2349 18 20 37 51 57 80 99 
2350 4 7 13 20 57 91 
2351 39 41 66 73 81 97 99 
2352 12 40 53 99 
2353 13 15 24 36 39 52 57 58 66 81 94 99 
2354 3 13 16 24 25 49 51 79 82 84 
2355 1 25 48 60 73 77 80 
2356 32 39 52 53 54 65 66 81 97 99 
2357 7 12 23 39 43 44 61 64 66 71 80 
2358 7 13 16 21 37 38 66 71 73 81 84 99 
2359 19 36 39 42 44 53 66 81 99 
2360 24 39 66 73 81 97 99 
2361 4 13 17 36 39 48 63 71 99 
2362 23 24 
2363 18 25 39 51 66 99 
2364 4 13 18 39 48 60 80 81 94 97 99 
2365 20 36 
2366 2 20 24 25 35 49 99 
2367 20 25 47 57 66 81 99 
2368 12 20 
2369 4 20 36 39 57 58 
2370 2 4 13 57 63 66 86 99 
2371 18 32 37 39 53 58 66 81 99 
2372 13 20 23 36 66 99 
2373 4 13 36 37 39 57 66 85 99 
2374 12 13 24 40 49 52 73 81 97 99 
2375 2 7 12 39 48 73 79 
2376 2 16 66 80 81 94 99 
2377 13 39 60 92 97 99 
2378 19 20 48 80 81 99 
2379 4 13 20 36 39 50 55 57 81 93 99 
2380 4 13 25 39 55 57 66 90 93 99 
2381 13 23 25 51 71 81 99 
2382 4 13 25 36 39 51 66 81 99 
2383 7 13 23 24 42 52 57 66 74 81 94 
2384 29 37 39 51 58 60 65 73 79 92 99 
2385 8 23 24 36 38 97 99 
2386 13 23 54 66 71 99 
2387 2 4 9 16 18 66 81 97 99 
2388 20 23 24 36 44 49 81 
2389 25 39 47 73 85 97 
2390 18 47 53 54 61 66 73 92 94 97 99 
2391 24 37 39 53 60 66 73 81 99 
2392 13 15 25 35 37 39 51 60 91 97 99 
2393 59 94 99 
2394 37 39 60 66 73 97 99 
2395 12 13 24 25 39 49 73 81 89 97 99 
2396 16 24 36 65 66 84 
2397 19 37 39 60 66 73 97 99 
2398 12 17 20 22 23 48 64 
2399 7 26 36 71 94 
2400 12 21 37 39 49 58 69 81 89 98 99 
2401 13 36 66 71 97 99 
2402 4 13 14 17 26 51 54 55 89 91 
2403 37 66 73 81 99 
2404 13 18 25 36 39 55 58 65 66 91 99 
2405 13 36 53 66 73 81 85 99 
2406 25 29 47 52 54 60 73 74 99 
2407 2 12 18 20 25 34 36 37 39 48 99 
2408 25 37 39 51 57 60 66 73 99 
2409 4 8 9 13 20 24 36 46 47 84 91 
2410 13 24 25 39 47 57 66 73 99 
2411 20 23 24 64 71 74 81 99 
2412 13 16 24 65 73 81 98 99 
2413 39 51 73 80 99 
2414 0 4 43 51 57 66 80 81 94 99 
2415 4 17 21 42 49 
2416 0 16 23 36 57 67 71 81 99 
2417 4 7 43 
2418 18 71 73 81 99 
2419 13 36 39 80 94 99 
2420 1 37 39 66 67 84 85 96 99 
2421 13 32 36 37 39 44 47 52 81 97 99 
2422 12 21 23 24 36 49 53 66 81 98 99 
2423 9 12 20 25 38 39 42 51 74 80 99 
2424 0 13 51 57 66 80 94 99 
2425 17 24 52 57 81 99 
2426 39 58 66 71 92 99 
2427 4 17 36 39 99 
2428 7 13 17 25 38 57 66 71 77 81 84 97 
2429 4 13 17 25 36 37 45 54 61 64 73 
2430 17 18 66 69 81 90 98 99 
2431 8 9 17 36 96 99 
2432 16 32 40 50 57 90 92 99 
2433 4 24 33 36 39 53 60 81 99 
2434 24 66 81 99 
2435 39 41 53 60 66 69 97 99 
2436 12 13 20 36 37 66 81 93 99 
2437 13 17 19 40 41 47 54 81 90 93 97 99 
2438 1 4 20 21 36 40 49 83 
2439 13 24 25 66 99 
2440 13 24 39 55 57 66 80 89 90 92 97 99 
2441 30 39 42 60 66 73 80 97 99 
2442 2 4 13 22 51 71 79 99 
2443 20 37 44 58 60 84 97 
2444 12 13 36 37 39 42 48 57 73 81 99 
2445 2 17 79 81 83 87 
2446 4 13 21 37 44 53 57 85 
2447 13 16 36 39 66 81 83 99 
2448 4 13 25 36 50 63 65 66 71 97 
2449 0 12 38 44 52 53 57 81 93 97 
2450 13 16 39 53 66 73 81 86 91 99 
2451 13 25 37 47 51 71 73 89 
