0 1
1 0
0 2
2 0
0 3
3 0
0 4
4 0
0 5
5 0
0 6
6 0
0 7
7 0
0 8
8 0
0 9
9 0
0 10
10 0
0 11
11 0
0 12
12 0
0 13
13 0
0 14
14 0
0 15
15 0
0 16
16 0
0 17
17 0
0 18
18 0
0 19
19 0
0 20
20 0
0 21
21 0
0 22
22 0
0 23
23 0
0 24
24 0
0 25
25 0
0 26
26 0
0 27
27 0
0 28
28 0
0 29
29 0
0 30
30 0
0 31
31 0
0 32
32 0
0 33
33 0
0 34
34 0
0 35
35 0
0 36
36 0
0 37
37 0
0 38
38 0
0 39
39 0
0 40
40 0
0 41
41 0
0 42
42 0
0 43
43 0
0 44
44 0
0 45
45 0
0 46
46 0
0 47
47 0
0 48
48 0
0 49
49 0
0 50
50 0
0 51
51 0
0 52
52 0
0 53
53 0
0 54
54 0
0 55
55 0
0 56
56 0
0 57
57 0
0 58
58 0
0 59
59 0
0 60
60 0
0 61
61 0
0 62
62 0
0 63
63 0
0 64
64 0
0 65
65 0
0 66
66 0
0 67
67 0
0 68
68 0
0 69
69 0
0 70
70 0
0 71
71 0
0 72
72 0
0 73
73 0
0 74
74 0
0 75
75 0
0 76
76 0
0 77
77 0
0 78
78 0
0 79
79 0
0 80
80 0
0 81
81 0
0 82
82 0
0 83
83 0
0 84
84 0
0 85
85 0
0 86
86 0
0 87
87 0
0 88
88 0
0 89
89 0
0 90
90 0
0 91
91 0
0 92
92 0
0 93
93 0
0 94
94 0
0 95
95 0
0 96
96 0
0 97
97 0
1 0
0 1
1 7
7 1
1 8
8 1
1 10
10 1
1 98
98 1
1 99
99 1
1 36
36 1
1 100
100 1
1 101
101 1
1 55
55 1
1 89
89 1
2 0
0 2
2 3
3 2
2 102
102 2
2 7
7 2
2 9
9 2
2 10
10 2
2 13
13 2
2 14
14 2
2 18
18 2
2 103
103 2
2 22
22 2
2 23
23 2
2 25
25 2
2 27
27 2
2 98
98 2
2 29
29 2
2 33
33 2
2 39
39 2
2 40
40 2
2 41
41 2
2 44
44 2
2 45
45 2
2 104
104 2
2 49
49 2
2 50
50 2
2 54
54 2
2 55
55 2
2 105
105 2
2 106
106 2
2 63
63 2
2 70
70 2
2 72
72 2
2 74
74 2
2 80
80 2
2 81
81 2
2 107
107 2
2 88
88 2
2 89
89 2
2 90
90 2
2 108
108 2
2 92
92 2
2 109
109 2
2 110
110 2
2 111
111 2
2 112
112 2
3 2
2 3
3 4
4 3
3 102
102 3
3 113
113 3
3 114
114 3
3 7
7 3
3 9
9 3
3 10
10 3
3 12
12 3
3 13
13 3
3 14
14 3
3 16
16 3
3 17
17 3
3 19
19 3
3 20
20 3
3 25
25 3
3 98
98 3
3 34
34 3
3 115
115 3
3 116
116 3
3 117
117 3
3 44
44 3
3 104
104 3
3 49
49 3
3 118
118 3
3 57
57 3
3 63
63 3
3 64
64 3
3 119
119 3
3 68
68 3
3 70
70 3
3 120
120 3
3 72
72 3
3 74
74 3
3 76
76 3
3 79
79 3
3 81
81 3
3 121
121 3
3 83
83 3
3 122
122 3
3 87
87 3
3 89
89 3
3 91
91 3
3 123
123 3
3 124
124 3
4 0
0 4
4 3
3 4
4 125
125 4
4 102
102 4
4 113
113 4
4 114
114 4
4 7
7 4
4 8
8 4
4 9
9 4
4 126
126 4
4 11
11 4
4 14
14 4
4 127
127 4
4 19
19 4
4 128
128 4
4 129
129 4
4 130
130 4
4 20
20 4
4 23
23 4
4 24
24 4
4 131
131 4
4 27
27 4
4 98
98 4
4 99
99 4
4 132
132 4
4 36
36 4
4 133
133 4
4 134
134 4
4 117
117 4
4 135
135 4
4 136
136 4
4 100
100 4
4 44
44 4
4 46
46 4
4 137
137 4
4 138
138 4
4 139
139 4
4 140
140 4
4 141
141 4
4 142
142 4
4 143
143 4
4 55
55 4
4 144
144 4
4 145
145 4
4 146
146 4
4 147
147 4
4 148
148 4
4 149
149 4
4 150
150 4
4 151
151 4
4 152
152 4
4 69
69 4
4 153
153 4
4 154
154 4
4 155
155 4
4 156
156 4
4 80
80 4
4 157
157 4
4 110
110 4
4 158
158 4
4 124
124 4
125 4
4 125
125 102
102 125
125 5
5 125
125 113
113 125
125 159
159 125
125 114
114 125
125 8
8 125
125 9
9 125
125 11
11 125
125 15
15 125
125 160
160 125
125 17
17 125
125 161
161 125
125 162
162 125
125 19
19 125
125 163
163 125
125 128
128 125
125 130
130 125
125 20
20 125
125 164
164 125
125 23
23 125
125 165
165 125
125 36
36 125
125 133
133 125
125 116
116 125
125 100
100 125
125 166
166 125
125 44
44 125
125 46
46 125
125 118
118 125
125 167
167 125
125 168
168 125
125 145
145 125
125 147
147 125
125 169
169 125
125 170
170 125
125 171
171 125
125 172
172 125
125 63
63 125
125 173
173 125
125 174
174 125
125 175
175 125
125 176
176 125
125 177
177 125
125 178
178 125
125 179
179 125
125 80
80 125
125 180
180 125
125 181
181 125
125 110
110 125
125 182
182 125
125 183
183 125
125 184
184 125
102 2
2 102
102 3
3 102
102 4
4 102
102 125
125 102
102 185
185 102
102 5
5 102
102 113
113 102
102 159
159 102
102 186
186 102
102 114
114 102
102 7
7 102
102 8
8 102
102 9
9 102
102 187
187 102
102 10
10 102
102 126
126 102
102 11
11 102
102 14
14 102
102 188
