223212 461 323 108
16078 245
13326719 2 103 42 49 56 477 251 491
16343 404
338331 119
60756875 497 208 437
33680474 437
24263942 201 250
18010025 47
17871667 437 349
23537466 245 250 177 107
5315 234
44016343 11 189 220 301 345
34034740 245
11548 75 323 157
117675 437 369 94 363
2600891 270 60 466 344 431
44053412 187 434
28528027 250
30207089 437
45595714 245 250 487
28359905 399 323
42154384 245
16793897 34 254
50189302 247 250
72508816 245 250 155
62655504 382 119 331 123
60115661 165 288 332 342 238 358 359 360 364 112
74249779 379 129 193 309 487 460
110415 437 323 338
8749407 382 323 123
55837663 187 233
3090834 10 143 57 296
18727430 32 226 327 121
17063718 245 382
43870 208
835782 472 38 56 487 238
46478866 187 387
12703 268 225 424
956375 270 56 465 330 466 362
36964584 379 129 199 42 333 88 469
119468 268 229 362
61912980 374
65010959 245 250
36787545 1 114 7 194 217 294 225 64 250 69 72 251 364
23062430 245
26625961 9 212 310 321
166150 245 247 250
265492 274 212 453
4920884 447 119
2180828 86 492
638078 446 313
881282 382 75 324 123
51073679 187 150 445 109
54300548 208 59 250 119 465
213744 168 158
32286993 245 250 387
71477 207
58071058 186 461 167 323 385 87 123
43214791 346
27184573 10 220 119
99999 168 352
19624856 20 264 275 281 76 121 88 430
68263002 3 102 10 143 250 72 465 74
1225 379 148
67937582 405
40296147 8 437 242
9429785 164 437 440 220 466
847100 10 191 137 300 384 336
44054326 245 247
10487647 187 316
22713668 113 162 192 164 115 165 132 133 47 208 275 143 210 144 145 212 59 226 119 324 335 364
326575 5 384 327 257
37190761 415 477 250 313 491
12016 327
34168048 274
27832286 187 385
4203136 226 300 250 153
559241 102 113 20 198 136 46 167 121 237
34168040 161
15291213 204 208 437
40493 437 230
17960928 463
32392112 336
3907773 275
42871782 187 245 403
52400849 422 346
57131 148 401
3695188 245 206
56905 102 113 186 114 15 259 128 193 195 36 46 47 274 167 55 145 290 80 330 234
10610786 42 169 298 450 370 124
401654 41
3712002 401 355
26674344 10 202 137 226
26062647 245 250
104 258
12655314 115 38 97 494
23418636 47 280 223 233 327 121 336 364
40065195 475 426
17875 330
491722 11 129 263 42 64 124
40710957 437 385 390
18216089 211
37619033 336
62814095 347 254
47618171 250
14565482 42 466
3155 165 437 313
18799337 187 223 226 298 121
68895020 245 269 250
7611485 47 383
118588 187 474 400 124
899315 298
5594079 373 437 439 384
2105251 437
36785025 250
1713295 162 387
69676367 250
51232997 129 256 104 223 348
62830729 102 10 126 116 225 382 299 250 323 331 88 338 253 388
16194302 124
69591132 75 454
51286771 301 340
37772091 275
6886479 46 47 101 207 208 121 336
25349116 245 250 465
41508315 129 193 195 309 242
6208 395 468
33054001 5 193 437 223 88
20003922 102 9 10 22 35 301 250 465 251 89 408
56460902 284 119
30941724 245 298 86
8443785 137 144 145 154 86
34878090 287
78682645 143
44986529 116 400 250
583030 316
37073389 447
29445349 400
53358766 363
98 437 439 440 313 329
35689279 391 144 254
1748958 474 100 61 467 109
78003054 192 42 59 460
67003679 334 387
1280474 316
7695834 286
23597619 461 208 437 223 226 121
4227149 245 284
39080597 250
17328980 191 47 211 169
35146598 195 202 287 220 384 88 348
34298922 144
36557224 287 438 306
9274737 207
32657578 327
22205139 102 420 115 116
44781847 250 177 251
164562 262 205 437 460
17557916 245 250 356
38406828 284 428
86096672 201 442 170 300
14091340 263 40
5804392 226
2869 233 363
30637940 25 347
72188644 102 24 117 226 250 464 72 465 338 348
1270244 336 405
993380 103 29 199 299 320
10414636 271 75 336
46553394 187
12942 119 448
36959733 250
20865272 250
12191315 191 381 440 313
3346 11 226 301 175 124
31524350 16 437 400 250 69 430 242
5979222 20 193 198 134 169 224 121 237
46213929 356 255
495099 168 290 308
21898612 47 499
41393236 193 377 329
8163 5 14 193 205 47 208 91
17933632 59 466 363 364
6444784 102 113 187 207 334
25784042 56 450
32671120 38 297 300
296395 330
11269496 20 198 47 294 169 121 237
5532 395 168
45228 207 301 341
16304557 275 422 148 327
280273 405
33913959 0 287
3437299 102 15 162 20 193 136 166 46 55 169 237
44656690 187 445 405
12891586 307 121
7862131 102 9 11 191 115 47 208 147 287 119 71 121 336
12973072 32 137 208 255
451460 316
313288 103 46 403
38876134 298 341
845224 118 298 347 492
17820732 372
126518 336
22898541 287 362
15454975 461 118 437 377 456 92
52256562 195 461 47 242
65284772 465
1814814 187 208 275 437
29440084 245 270 203 250
2251146 245 210 88
39963309 56
21420159 288 300 363 364
8783400 117 370 124
8287258 280 301 254
61990458 337
43877347 113
1315244 430
29846359 245 250 177
16955216 323 329 88
8042150 195 268 270 210 369 336 344 347 359
6576 258 137
343678 5 129 165 166 203 42 205 46 137 208 55 144 147 289 149 217 308 153 155
12244467 3 245 287 250 428
19274133 9 245 56 250 251
15928920 269
6971358 191 47 208 145 119 69 121 336 390
12065 102 10 11 15 161 128 129 36 134 166 203 42 205 274 145 169 224 232
28845160 10 250
229885 72 368
23972239 275 56 233
17912464 195 298 377
19676862 191 47 208 223 155 121 347
8045419 28 347
6600875 245 29 224 486
3809586 102 113 114 10 11 15 191 162 128 192 164 194 196 263 200 166 203 42 46 167 55 155 80 234
26983334 245 46 384
4534316 437 384 341
9924118 103 301
9019120 444
50308473 245 250
2986749 470
6221086 59
1160162 336
64497138 437 301 364
59753465 150 445
46861238 162 250
9024999 264 275 281 303 313 76 121 88 430
1240418 148 444
83256656 188 42 437
1978743 214 384 251
58071225 56 466 362
57115050 383
374 8 437 439 440 299 447 449 325 331 454
81332 372 288
48601180 425 387
28617606 474 384 88
1413164 187 258 69 456 92 390
11264469 344
43606005 22 250
36621546 44 250 429 97
44366611 185 498 251
300241 4 102 114 9 11 14
391 314 362
6263996 114 10 15 128 192 380 165 116 201 203 42 205 46 47 207 118 167 59 119 155
396 220 231 335
32142165 250
28044924 224 326 405
10055384 246
16460028 245
4513524 102 114 20 193 198 136 166 169 80 237
419338 245 401
31199281 373 195
666494 168 224
65863347 250 450
5724948 47 275 211 437 223 364
5033594 284 214 347
27375897 245
9510110 392 415 118 220 417
50554618 245
1860505 167 288
215422 143 300 237
642630 105
5559502 268 69
38471780 422 287 347
69347 245 152
18144352 47
8086092 142 422 212 336
299 193 229 385 352
24230705 30 250 326
23141788 187 250 362
191453 353
26419239 245 250
14655319 187 191 47 208 169 223 121
1041468 102 114 10 11 15 164 193 194 380 36 201 166 42 205 46 47 207 144 147 308 155 80 92
71643565 278 298
98331381 102 14 115 250
38813428 372 280 221 324
32160614 10 18 233 329
153493 102 113 114 200 60 80 330 458 354 363 364 112
15898 103 245 250
71301073 189 144 301 384
6615 187 191 208 437 223 226 298
42833189 250
312968 468
14825296 47 207
22742053 3 114 10 17 192 34 115 136 42 44 57 70 72 427 81 331 338 352
391407 415 401
2507847 245 309
221973 362
1099548 164 46 147 295
57291 498 32 437 487 468
61040032 56 250 347
33130354 149
2417726 336 347
3484351 245 52
24680099 37 228 447 230 450 454 238
20953650 28
39398697 468
176 127 46 208 144 147 149 153 154 424
16865825 191 47 208 280 223
9768 487
17533 398 336 468
63698 114 264 116
2051 75 336 338 456
74224 232 323 349
523697 118
1536954 43
35735369 426 324
9953916 15 191 129 461 166 46 47 208 169 226 68 257
118323 300
21281 463 438 491
227641 309 330 466
8894387 310 364
23698921 47 340
47396698 116 377
43416763 189 399 256 212 437 290 310 388 255
42698958 387
18537646 0 2 415 224 88 110
10549323 223 316
26277718 264 337 387 254
2039778 10 193 47 148 324 242
12329919 31 39
465965 316
115818 254
25275670 437
14255416 340
24068084 275
1595715 145
22376519 372 275 481
67123207 474 169 324 460 469
825518 437 232 369
43157549 379 301 88 387 108
68169 270 257
1406905 499
20507844 59 363
20531047 324 350 390
11825845 373 117 118
737955 103
23352214 390
4235146 14 162 245 363
19935551 191 47 273 223 226 336 456 347
66115189 5 166 109
35570355 187 372 250
41934068 36 284
16306210 74
13860036 39 401
34218387 437
44134525 426
59482283 217 223 226
68518743 187 250
32814569 313
2243570 437 329
41838520 309
6382 242
9284243 114 187 15 191 162 165 203 42 205 47 207 167 168 145 220 119 257 241
1566246 499 223
36524488 22
14721677 36 360
13704358 473 463 424
70846721 447 482 354
10571 205 250
6631844 191 263 256 202 47 223 123
528364 145 466 354 364
1965 313
63273 2 55 250 72
16347673 471 39 287 250 465 466 346
188977 486
45244683 245 250
198577 385
79419972 143 250 68 388 242
6946513 477 460
42814984 445
695452 201 47 208 384
17444552 270 209
29257408 17 498 207
44554509 245 250
29049670 10 387
35129091 395 245 499
42692205 42 313 384
454825 147 59
70272430 22 72 340 123
3359 325 86
7530419 23 27 280 294 297 92 364
1463379 224
36167973 187 245 250
30712365 287 468
9622446 202 270 377 107
14395935 245 465
39930420 245
28920624 373 24 420 437 445 119 331 109
18420081 191 47 208 275 226 121 336 456
546569 316
57409266 487
2282842 382 323 87 123
11203119 16 250 336
1017564 316
33769033 140 144 149 402 356
382621 474 236
5958701 319
47102390 102 104 287 218 233 456
1934227 191 384 88 124
23393188 473 110 255
17914609 264 437 296 75
69576154 475
11217217 75
35608560 5 74 333
24943107 46 296 250
6002 168 147 218
691 391 118 483 492
690362 103
1055479 103
53289240 3 17 129 220 250 72 74 251
180612 437
8710 193 168 437 384 124
17070637 313 384 486
8715 15 473 129 164 193 134 136 205 46 47 137 208 55 147 224 69 91
42533142 166 43 119 465
33193098 197 438 424
126076 136
24942291 102 223 72 424 88
330632 321 326
13748715 74 83 87 123 430
33608666 187 236
66404 391 296
79441227 187 191 144
15108509 129 496 47 499 327
64543679 261 23 24 280 323
34994684 157
18603128 226 121 367
9513094 224 450 385
903318 463 224 330 124
56978134 185 351
77369 245 224 250
28091444 284 388
31239753 275 287
1406232 130 434 147
31579712 245 250
550419 454 332
30576005 185 216 250 72
18768371 10 424
33024523 356
34493752 250 384 408
15255591 245 242
65860 391 245 287
49965450 5
924736 220 224 75
16748068 264 437 445 88 469
27985352 187 295
16854438 377 329
42800749 43 223 250 390
38738867 195
31333866 473 263 249 250 320
31820675 187
37144540 300
36498615 287 336
34500448 225
70034991 10 250 72 390 254
10842209 437
23350293 47 340
8722610 409 245 250
35807148 250
63919922 356
18054893 47 158
7534 356
365 113 256
21600481 187 211 220 223 233
46879722 356 255
10046115 47 427
34203973 22 175 313
10444645 280 456
51788541 438 301
10202619 495 32 461 42 381 469
34503535 250
32178321 400 250 390
7595677 464 88
388 31 75 336 338 339
33993855 22 27 220 254
10420579 264 387 90
22277933 245 250
638050 271 57
17151750 191 47 211 169 424 336 92
40546001 187
32114286 250 177
2137961 45 118 211 298
40142391 195 75
800398 316
19770 270 288 56 363
6469830 201 469
33468739 287 227 301 88 253
17699310 47 58 385
1227529 327 357 469
22104192 56 364
16330638 162 31 256 213 362
11768663 188 154 76 322 452 377 340 469
28299696 320
26585110 258 245 429
52449121 102 437 250 72 313 75 329 121 388
34072502 64 250 119 388
17639 270 314 330 354 364
7134282 477 347
16482083 208
258 302
259 68 75 325
598398 102 220 225
74100 27 496 33 50 54 61 62 229 424 80 109
64831419 298 312
250 102 5 113 186 114 10 11 15 189 161 259 128 129 130 164 193 195 263 134 166 42 46 274 55 284 147 213 290 169 297 119
251 379 272 437 383
67147810 465
17833018 47
61705609 384 388
25425 403
23294824 373 39 118 282 437 355
10667475 437 169 121 487
39144813 245 250 455
42037 340
8589078 362
46732729 301 428
44201123 193 195 256
13094124 5 40 214
44856739 189 399 193 202 208 225 233 88 387
35632477 250
12338650 113 187 162 20 164 194 99 132 47 274 212 147 213 290 59 294 298 308 324 234
13966840 251
416703 316
26483403 263 347
32184410 329
8371427 46 121 336
68800696 229
30610292 496 385 92
634552 44 277 220 224 308 330 466 363 364
24365819 329
3071708 445
35762179 422 250
36263210 400
40693256 499 463 59
6970476 191 47 169 223 226 336
49397637 102 297 449 338
17704462 11 303 87 123
21245022 16 400 224 301 457
6140500 11 264 208 281 313 76 121 88 430
15494746 40 362
4777868 191 118 223 226 299 460
36595078 145
30654607 486
16652013 203 288 59 466 364
39111205 245 250
605353 295
23568161 83 334
42098480 159 191 472 336
12065534 46 47 499
2734715 245
173796 168 300 489
2700573 5 287 234
7560633 336
10740309 458
23637723 3 114 131 104 437 226 250 450 388 359
28615597 275 75
8757682 233 121 336
16292535 203 42 221 228
402985 191 168 407
22358054 437
19708991 263 47 211 223 226 69 336
29064821 284 293
5027158 102 5 113 114 9 15 191 128 129 98 36 134 200 116 166 203 205 46 167 55 147 61 119 308 155 377 124
23304496 10 250 124
800658 336
13133263 245 250
13220084 191 381 223 323 121 430
49098896 202 250
26501767 187 275 445
112338 145 337
43679688 298 450
62383216 212 437 309 321 453
64873726 46 329 347
48758 222 382 353
40520383 226 301 175 464 88
52557389 3 102 114 17 22 256 202 140 208 57 250 70 464 72 74 97
54343520 391 399 300
28551727 102 9 11 22 36 225 66 465 74 251 89 95
12754909 187 47 309 336
20838284 206 250
35142949 223 69 327 494
28836942 287 437 233
32375815 187 250
534185 499 316
84204021 22 144 287 251
34161355 446 468
39873171 65
18797701 341 242
1238135 471 224
18424378 113 114 15 191 259 260 371 129 164 132 203 42 205 47 274 118 275 59 169 298 119 311 322 234
40784 440 382 313 88
336519 134
28421789 445 155 257
23219128 129 193 195 275 442 220 250 424 123
49069650 10 245 201 250
12103207 275
807 29 437 60 231 487
806 426
2285938 137 425 431
44436488 354
24536357 270 364
27038667 102 10 11 202 287 251 387
35325859 284
55623462 245 32 250 309 251
33938434 205 301 250 383 69
24548 427
800272 128 214 330 364 112
27794994 245 313
7860432 220
10186 14 331 388
303573 297
30490486 245 250
23433303 213
445485 316
702865 401 327
28878216 245 250
781776 316 405
23820213 6 410 414 245 22 250 254
36859750 473 250
102762897 271
24226428 30 268
40517430 372 214
325 333 352
43882751 14 474 115 287 294 220 65 109
27059963 10 268 226
30291 308 326 363 364 112
61195360 226 299 336
70409235 109
43791433 439 374 75 88 123
119331 245 308 330 467 124
118 165 116 382 329 123
18007290 245 143 422 301 250 348 432
32169030 10 250
19224414 280 446
8762382 399 275 298 466
56131042 275 463 56 250
26323878 132 212 69
32767736 495 250
5608669 467
536 168 336
177359 371 264 287 112
20016730 288 363 364
115001 499 437
530 302 468
31746 245 250 454
99519 114
49510 164 275 313 75 87 342
18036600 191 121
660457 40 110
42666155 245
7807171 245
56 2 495 187 14 18 27 496 497 33 40 41 499 421 50 54 90 242
15078052 124
53818184 193 329
22561332 245 250
17365092 437
88229325 397 372
48930 24 68 75 323 348 93
197263 245 401
59620308 250
33217169 166 145 70 384 121
8849498 71
38265510 422 313 81 363
69577769 250
57089698 234 460 254
10916742 113 42 450 322 377 87 347
6519 437 302 231
29643763 214
359911 10 137 208 336 494
18598879 211
28658784 10 250
40633321 445 230
21396707 245 22 250 251 254
6516 245 165 88
37893653 462 45 275 312 329
89493 245 250
34229553 220 447 325
13100788 270 209 65 230
59694249 191 463 437 388 469
5955221 321
95143256 187 164 24 250 72 387 363 124
1393 225
6968868 44 247 250 251 253
61743479 187
23351349 314
15186132 223 226 155 384 456
25451458 187 474 434 200 250 119 331
42386009 287 400 250 119 465
54725864 56 337
41610263 145
405808 245 387
32581846 5 10
10545129 20 47 298 369 121 385 336 109 349
37559 208
7211604 309
13580681 116 45
60556804 226 250 69 308 72 233
439285 208 400 69 390
6208990 46 230 347
94357549 473 249 250 465
27010 168 382 300
81392842 203 288 385
20430641 22 297 227
20587615 401 124
30525491 434
30192714 287 233 109
25126334 68 348 388
23300234 212 298 324 336 242
6533478 245 268
12883846 47 208
74096166 189 373 327 340
31281892 17 20 275
21785703 191 47 424
1033477 224
51048597 185 391
3765873 245 250
32593073 198 250 383
6168 447 119 327 454
42440233 250
36757655 437 445 377
9087170 245 486
7602563 499 486
29197102 187 162 438 441
31968 325 86
64980878 0 3 185 7 10 201 57 247 64 250 70 72
64753819 37 454
96229300 391 422 312
4741 454
43444 129 47
25201586 405
39791096 415 245
43214886 157
20218518 161 437 310 233
31239704 119 88 456 362
33874468 400 223 250
86662767 438 442 223 459 242 244
36993576 422 428
84167947 298 469
29504521 59 388
16966189 438 301 369 327 343
57837 10 148
83477289 264 250
38905640 195 331 123 388
33050964 371 250 364
42794 424 80 109
28086630 245 250 177
162220 222 353
54050956 300 309 156
30100379 391 268 330
24622695 42
35830923 129 75 87 457
20149392 245 296 457
1666499 233 377 121 335 336 338 91
686507 169 323
6904 20 32 168
34543655 265 384 327
5600 154
65342008 407
7099672 137 118 220
7921086 245 250
158 118 211 220 483 455 492 388
17308995 102 191 129 205 47 57 169 348
935223 129 109 367
2707751 437 447 321
16354 154
29428419 221 250 303 424 123 388
52471715 250 370
15482787 187 223
36464432 35 204 53 298 467 390
32159114 263 275
68616538 297
25749497 250
4869095 65 494
24749927 491
74005614 287 247 64 66 72 251 89 387 352 254
34598612 437
30401645 137 437 323
10051186 47 208 121 336
13463 302
13464 189
270708 103 363 367
63068446 258
7763967 437
63012928 245 250
914545 316
1072237 463
37938407 71 332 405
65647630 245 250
29553287 499 316 254
54374624 193 275 322
21391600 187 202 287 294 223
13002375 105
134428 132 242
16755758 313 74 94
18655973 362
43901086 187 205 250 464
16249321 268 329
10173 410 33 54 407
35239016 438 223
5141590 426 384
74653596 245 250
14771487 72 465 460
17307892 191 20 264 275 281 313 377 88 430
9199 11 15 128 129 263 36 134 203 42 46 47 208 55 168 147 169 226
11902059 69 363
17328604 187 118 422
125 422
6943122 472 331 430
38584026 187 250
24453447 136
235936 259 256 454
27922438 245 250
37566234 202 46 233 109
37617644 56 347
10775 340 352
6237 124
12388891 202 437 298 324 242
35171086 474 193 242
24532152 250
34625296 372 245 487
112927 288 299
20864291 422 220 109
7248168 42 369 460
57873400 391 341
30464713 250
18496184 56 250
31128331 245 250
56474440 250 323 387
22108446 10 191 129 273 148 121 88 242
36863510 495 476
9771 433 383
18865409 223
13634438 443
18513738 212 437 310 321
93958959 391 493
46053087 5 195 439
22360637 56 363 364
218434 75
18673327 399 269 499 322 340
31234561 245 250
818 224
622133 330
133339 406
198510 316
251459 426
60140141 0 3 102 185 10 247 64 250 70 81 89
817 38 207 288
119238 56 362 364
33241396 437
432070 167 147
1731164 391 193 268
437779 245 250 359
7038430 450
48065 274 439 440
13218420 47 121
49750294 287 460
48593 245 250
8782147 327
136837 327
79031 255
49782 258 255
35623118 245 250 177
363625 103 499 313
45036912 223 329
54384231 250 119 89
33078588 3 164 287 220 250 123
32754081 276 64 251 387 253
20104194 387
6726778 3 250
23328006 47 340
1336418 334 336 349 460
40616711 5 434 445
31886247 438 250 486 387
14329 258
1310957 214
34732382 245 46 107
2989 128 366
53280908 4 119
33353770 245 250 468
69580110 250
56676771 5
74115391 233
226228 473 103
48512305 245 250
82701351 212 437 298
40150367 245
36397952 495 109 390
52937328 32
29509030 250 486 336
23032497 461 381 211 226 69 324 121
39581336 294 229
30386915 436 234
32242900 154
4909 147 454 157
1016657 397 405
8045 148 152
808261 224 121
77014238 113 195 210 445 303 119 369 384 458 358
6048891 47 69 71 490
20979746 3 102 113 114 187 10 11 17 202 104 215 217 220 226 119 308
282753 255
51221821 10 250 242
67245941 144 450 329
30207899 223 250 336
37866919 250 388
242596 103
42861506 399 437 310
16527765 381 167 323
4357 474 245 379
1381387 474 487
22067335 245 250
306291 121 430 353
394084 300 427 458
16072378 47
23041357 47
36286292 193 195 275 432
50670410 8 388
62716068 310 322
901460 330
37049726 274 212
2699897 263 256 47 123
90323190 102 34 117 437 64 250 72 313 75 329 121 123 388
431 433 320
6375232 236 359 244
68692 347
57210329 384 336
145717 14 245 57 215 329 456 109
17142930 47
1204143 396 330
559 207
9681358 187 430 254
26006257 250
52353780 5 474 384 457
995173 186 11 23 46 421 422 69 426 336 92 109 158
28840853 287
71471665 116 287 247 301 253
6439 477
13132537 42 301 88 353 254
111484 245
207831 10 245
27971192 17 147 75 331
33651772 474 399 288
22072549 47
750290 320 242
7076725 245
58208 32 284
17605931 269 70 452 334 352
45688121 187 417
30698831 187 129 53 217 226 308
624980 103
33575883 273 250 457
29850167 373 263 56 298 234 340 254
34677924 245 250
52026163 422 250 456
1204209 224
16868636 356
33733027 245 250
38358012 75
220699 273 148 456
25011743 223
24266220 474 229 377
17774145 113 259 261 99 115 132 166 205 274 118 210 144 212 283 213 214 59 298 119 311 234 335 358
64915591 393 247 249 72 251 88 387 253
7472851 223
49906253 245 254
47079771 397 487 109
224571 269 169 456 356
5811 275 234 350 354
2225587 191 382 313 76
8142578 113 298
570121 274 440 330 466
98426 230 254
25740422 250 363
56866769 102 114 15 191 130 31 197 116 47 208 55 169 301 68 241 460 124
46391596 148 119 464 81 330 338 348 388 460 242
7327440 245
4252164 434 45
26612359 117 66 465
26298840 450 123 254
296614 330 347
55616410 75
14088470 145 223 430
9152133 191 115 202 47 169 119 121
267352 214 330
25844518 287 324 494
2224 448
63828933 32
70479116 214 298
6727044 461 36 422
14830562 129 47
71310882 440
10056 56
53326850 32 257
405461 405 469
4589111 121
11437387 437
64826803 437 226 301 387
49580563 245 250 335
141 347
140878 42 119 310
12087360 250 72
217354 269
19099601 201 47
7631200 203 42 224
32245912 437 298 329 334
24834794 245 250
2322224 152 154 456
34638472 391
26284064 56 223 250 72 465
45743656 9 245 56 250 177 254
11340148 191 447 469
46105176 250
18120909 191 202 437 464 348 242
17924046 275 236 456
74682016 208 59 226 257
20823552 372 497 275 344
73940012 250
51263136 69 327 336
124629 227 340
3938162 36 275 422 346
9575912 327 385 387 254
30656667 245
17526546 187 301
25566526 461
944497 316
3095073 143 297 320
4796057 102 113 114 11 15 161 191 259 162 128 129 164 194 115 200 166 203 46 55 147 213 220 298 119 308 155 317 377 323 80 234 124
25997323 46 309 453 340
10131209 473
55172500 426
26515433 187
208357 330
27737110 478 250 72
3796 11 164 165 119 307 308 322 358 364 112
13320095 121
4980 145 383 93
43248954 245 249 250
34802894 245 250
932 226 345
29349169 5 294 301
321562 445 312 341
13559341 129 47
727675 103 436 288 363
426853 222 353
27191034 275
28560020 39 287 247 301 250 251
38306835 119 81 385 387 430
87403989 62 430
1128090 275
27033745 45 275
1588555 313 323 121
28589616 310 336 242
1713145 270 288 56 344 363
226056 59
3249 205 300
35077504 336
46273093 275
55442956 331 346
3460822 420
1235453 102 114 11 15 20 193 198 136 237
17681404 288 466 364
341053 437
47218327 24 498 268 118
79553695 187 284 250
291951 102 113 15 20 164 193 198 134 136 46 167 55 169 121 237
11139813 336
18549118 473
12906 373 163 437 56 439 440 374 329
2353553 441 59 354
1657754 116 298 385 109 390
167937 162 46 207 118 278 224 121 336
367242 401
2675 300 383 308 390
1206152 46 330
10245108 445 336 387
2241875 47 336 456 339 348
1296783 103 224 300
14666164 193 195 220 307 424 123
10933209 3 16 247 250 72
54335 103 224
7212715 186 129 287 296 231
1711 245
1717 437 254
792 219
46789042 250 90
129412 102 20 193 198 134 136 46 167 55 69 237 365 124
24029 314
2068910 270 466 354 363 364
798 56 466 363
27 34 115 294
31872836 250
2089898 102 10 202 249 316 336
3678155 5 467
43350645 187 14 193 88 242
70596213 245 250
3073135 300
26326157 10 192 193 434 137 119 233 242
74099769 159 220 303 88
37839550 245 199 287 451 254
10447695 316 336
5319899 245 250
21693152 310
5535929 230 254
25604655 114 11 212 298 447 336 362 390
25281768 342
20823951 314
1474040 463
482095 193 381 301
52729281 263 437 347
16011437 10 195 225
38331877 195 264 42 301 384 336 387 341
11278372 42 340
23245066 187 258 250
40857 258
40310626 287
12435104 424
58798248 185 250 251
7916859 16 148 316 341 109 349 469
8727 303 123
516 296 75
339767 245 250 72 336
5266477 391 144 254
507875 316
42162154 185
72888939 369 257 112
87731 401
7392748 245 379 198 299 355
19176402 223
22557448 47
5613734 47 283 75 232 109
11081461 273 323 467 88
41821149 245 250
49927887 262 275 280
1192131 187 220 336 124
886606 137 145 152 154
14114 270 250 233
88084325 224 250 387
971699 37 468
32939817 438 250
52209464 245
17916162 229
58770829 5 32 437 288
89765 416
41588298 444
33964345 390
39545549 129 193 195 24 31 116 205 309 155 384 81 88
47462424 155 384 387 390 254 469
954804 372
15579262 212
19899031 245 177 486
13212026 250 383
8901773 245
786158 62
145499 164 168 437 219 300 321 349
2545325 144 378 354 255
29937606 250 119
5940718 11 195 220 303 121 88 123
28542288 16 250 384
98093993 10 115 247 64 249 250 66 70 72 465 74 333 251 89 352 97
56536734 193 195
6498004 499 220 69
30159897 287 301 387
3166004 245 270 247
87564111 134 208 250 121 242
14650304 47 208 144 346
48864 250
40696878 20 347
71428278 10 202 310
80746593 250
27331843 23 437 460
18274024 113 259 164 115 132 205 47 208 118 210 212 290 119 308 311 314 234 334
2478142 11 164 46 147 298 383 153 341 109 390
7069847 129 309 347
28222382 129 268 220 447
60308 10 103 265 499 298 450
23180464 245 250 177 405
3906 473 255
10471718 39
31780673 187 48 329
40410129 408 255
2368321 129 137 149 152 154 86 158
9514484 437 321 377 387 345
39017441 275 422 312 369 360
25 9
262283 222 353
859237 316
27770786 245 250
4163 187 399
90619244 268
60153677 447 327 387 257 242
1212063 103
85933541 220 487 390
67053840 275 301 342
37254832 102 187 223 309 121 254
19035 257
6907230 492
32872901 69 237
24632 186 373 149
19031 384
1273675 51 250
19921 387 124
10851040 372 245 477 346
45739071 245 250
29868090 391 250
68471567 373 129 99 298
21435992 200 284 75
2402894 88 362
84875607 245 250
297836 245 420
17244412 274 223 226
1201225 399 83 390
18997287 456
2682332 41 77
3973096 373
11901474 372 275 298
44374876 275
1298562 268 136
2237 245
19342584 245 441 250
27045802 284 250
11571896 245 250 72
57989123 245 201 250 464
45056973 422
1508481 45 275
30838025 31 303
76829410 268 244
1443015 275 121
41876 186 46 437
11462611 102 472 415 22 52 53 64 251 89 352 254
25008403 250 408
18222907 211
26384847 245 340 254
26567649 56 250
34352731 22 487
30238125 22 223 250 69 313
464074 20 499 75 83
6855763 336 456
19436432 245 439 384 359
23390361 245 56 250 405
51126635 270 69 464 363
6632742 456
40243513 102 114 162 55 250 387
73920686 42
8973338 144 64 450
100448870 373 374 75 452 323 87
63976979 420 202 437 460 390
34643900 391 298 312 329 341
26919587 499 65 308
4861245 245
1072746 224 401 316
35502680 245 129 130 228 89
28694275 245 250
456237 5 128 34 115 36 134 201 166 44 205 101 207 167 60 169
61267761 191 437 223 301 233 388 494
6791647 245
2701 168
19290941 245 250
40144103 443 69 456
90973635 57 221 323
8380 250
3575502 263 287 312 341
28 187 250 347
48592127 50 208 287 445 298
69273673 250
1829 293 489 362
46074 270 441 59
36792562 136 150
7184198 42 232 329
37615682 384
60450 268 57 400 447 424
10972696 426
7279118 191 197 118 287 437 233
30067066 191 461 437 400 64 250 69 424 388
12994512 250 363
9576 70 83
169332 162 254
12260 385
11567850 401
1896434 245 491
579886 112
1201915 31 168
21755622 461 232 346
23941010 10 220 223 250
45764 433 256 287 154
23442230 264 287 301 81 387
25118213 284
40076537 288 224 443 112 365
16318499 191 47 223
54033089 46 81 387
29990678 136 61 447 428
54218032 102 208 400 222 121
68218830 10 373 115 201 247 297 64 250 119 66 72 465 74 323 466 251 88 89 352 97
54530077 5 191 129 164 265 42 208 422 301 309 460
304925 102 15 191 128 164 134 136 201 166 203 42 44 205 101 207 55 147 220 221 224 308 257 354 124
39073572 195 26
5858244 245 250
3695863 103 497 275
37348 270 363
17667940 121 469
7832115 391
8029405 239
837 117 216
193613 403
42205566 486
45620084 474 129 195 301
23243883 245 250
33298111 461 437
32149661 250
2091411 113 114 15 128 129 130 164 165 203 42 205 46 274 220 307 308 80 354 366
47823180 3 220 250 424 388
124041 280
21168682 10 211 223
23167904 47 499
26 205 63 251 91
46275035 103
5801427 42 466 354 362
24551913 340
487457 340 109
36864554 296
72614618 335 388
3584835 297 356
42956080 14 196 250 384 336 387
42107833 438 446 155
58231415 88 347
25798097 379 212 298 301 324 341
31541440 245 250
31706120 205 208 400 250 327 336
702839 461 39 215 251
35318914 29 434 446
60231660 264 313
25554967 245 250
32479825 287 437 387
51178669 193 429
16675391 193 499 118 212 437 213 323
22866546 245 250 177
42298694 185 347
357873 137 424 327
11283939 11 20 381 281 303 121 88 123
12908334 17 129 195 440 215 299 250 303 309
60 496 499 147
37439234 117 284 438 465
46217071 428 346
685187 59
65697692 268 300 450 487
411799 499
154239 245
16513568 113 191 162 20 164 263 115 132 203 205 47 272 274 118 210 212 213 214 59 220 221 298 119 308 324 234 358
30007037 268 270 137
430837 316
30987072 103 195 121
710053 66 83 466
3900734 338
76468595 59
774316 334
505 162 486
49388814 245 250
3948856 245 45
17445849 347
27740784 329 428 486
634 257
31626313 126 195 424 88
636 67 254
89023 102 113 186 114 10 11 15 161 128 130 164 136 166 203 42 205 47 274 167 276 55 213 290 69 80 330 234
1490741 410 476 105 483 492
7032429 159 486
4509806 320
19345111 132 211 121
16864555 14 212 437 288 377
137760 102 113 114 10 11 15 20 198 134 136 46 55 237 124
342730 461 256 220 250
17335976 5 223 298 390
42152392 245
4377 42 205 47 330 124
19176419 145 223
33258470 32
35806378 250
21782002 10 461 212 222 223 226 121 336
25687174 268 250 408
34883517 10 264 81 88 387 254 469
4070797 393 245 143 225 296
32871847 327 88 336
2898741 47 437 323 324 93 242
10308994 400 432
19635864 125 113 114 259 99 115 132 166 47 274 208 275 144 212 283 290 220 169 226 298 119 69 322 234 358 363 364
31680290 287 250
27734766 434
34520223 185 245 205
52800346 355
37876349 191 223
8960075 399 47 499 121 336
1100445 206 467
51630773 438
708996 45 334 489
82197743 46 428
35887784 379 447 250
9998725 396
30608038 193 199 137
62354583 28
32258596 250
30008385 245 250
37419739 398 445 446
1233932 21 275 376 377
35683765 7 104 168 401 87
1265528 373
15500392 187 446
3752402 496 424 486 387
17318405 98 44 340 109 110
9812 250 468
7773 38 168 123
30192213 264 274 250
16454699 245 38 250
22239054 275 494
27570362 129 220 417 464 75 338 388
20098804 437 377
30558759 250 387 352
57311413 187 10 72 384 109
38594695 399 42
34312478 494
19299805 195 273 275
41299365 445
20894983 372 214 62 445 75 390
4786422 275 313 329 346 370
49114778 223 110 491 356 254
558802 60 330 336 364
2194310 245 486
653545 441
4030 356
72985232 250
36256527 40 280
390355 103
11679652 42 381 118 382 323 87 123
22189585 250
2267962 166 441 59
12031368 245 201 250
32130857 312 238
861537 69 308 310 121 458
2660106 270
4489583 224 401
21861092 275 233
55503 437
210 163
40180261 14 284 388 124
68229174 245 163 250 466
19816263 11 20 22 264 281 301 313 83 340 353
36586077 46 250
218 165 251 487
8999834 373 99
606161 144 61
44241745 187 56 250
30277672 245 250
28819922 391 48 255
86810 191 164 207 91 469
33237563 121
10334156 107
12160356 422 298 154
25652728 99 152 426 460
77988045 14 144 400 250
32603038 55 223 241
29458819 399
22863515 136 230 356
20211885 224
71741545 393 10 202 42 143 250 72 465 76 251
34194019 313
100854 40 66 70
908500 168
10819 475 147 59
733293 224
15559582 88
1324986 367
75 32
23639186 446 250
6683387 102 5 114 192 129 165 36 117 166 42 205 46 47 208 55 144 147 59 308 155
25003531 48 330 388 359
46305000 384
1503168 44 308 326 363 364
6508 5 267 214 56 239 124
25933431 145 452
2635139 212 489
52346600 114 191 201 166 47 119 153 327 81
104224126 114 10 24 116 299 64 72
674759 224 368 364
20191714 391 48 431
4894832 245 499 250 346
2736916 250
76088560 10 143 387
21435877 10 223 242
36204775 438
49684431 250
17783332 275
210515 437
17219 245 177
74457752 162 148 250 336 109 255
49466225 187 25 119 251 387
7205237 287 223 226 121
17134557 223 469
5067644 220 417 492
28524639 10 23 427
43187100 40 499 298
41199309 143 56
3682358 236
46891492 10 133 208 439 250 230 487 355 255
50773057 381 64 119 71 251 387
21197560 461 202
4059 42 46 224 308 385
34491673 245 250 111
19590548 245
34153828 187 474 499
649286 224
34338083 384
34096377 264 202 208 55 220 223 250 464 453
29463875 268
8770 124
32875578 275 437 220 464 424 123
16317357 191 263 47 208 223 226 310 121
912 11 235 251 91 353
25597480 10 250 465 242
36446563 385
26170853 245 250
630211 175 468
45941918 128 28
87875 220 242
20093069 129 300 310
50313747 341
84299 8 31 433 45 438 148 383 456
65794719 297 302 465 233 322 430
42025435 340 408
23693861 438 56 223 61 250 374
42981815 250 107
41004550 187 56 250 337
842 190 44 56 308 326 364
11766299 268
18467185 129 288 447 314 347
11007530 102 187 474 59 218
39538039 59
48067211 250 327
13453258 113 187 191 162 129 164 99 132 47 274 210 144 212 147 213 169 226 298 119 92 349 358 364
78388911 167 250
8030023 392 391 6 393 409 414 105 487 492
54273322 445
56510274 233 327 336
54185399 287 214
37455681 250
72866026 205
36373270 250
31974549 245 467 110
17580429 47 301
622678 224 368
54683761 185 37 250 111
95913227 298
53449 356
2389183 187 47 437
7643485 347
525964 316
31352326 187 245 59 428 350
21448929 52 463 121 460
43706510 373 386 486
55517 280 437 445 324 384 109 242 390
14076224 129 36 47 148 155
21138656 250
5795793 275
39395815 175
957689 5 208 437
37945275 474 264
12485220 399 296
1584125 10 461
11810 373
79858366 187 233
16746208 136 327
83935640 250
41814724 486
36370675 191 202 143 464 89 336
60770319 369 338 348 430 431 242
1392397 166 147 59
24486838 391
658549 168
908882 167 346
202651 46 69 121 363
10494553 347
52639897 437 321
17964514 397 250
15282086 102 113 9 15 191 371 162 128 129 98 132 203 42 205 47 274 118 210 55 147 213 59 220 169 298 119 308 80 234 334 358 364 124
14727573 11 303 304 313
37513876 216 250 119 336
49849615 0 3 7 10 115 201 104 250 119 72 89
33148745 5 275 284 329 335
4623644 32 298 324
4369 304
79568 147 444 321 93
33737722 0 102 7 10 115 64 250 119 72 88 253
35156109 340
59345 187 302 358 370 124
20299403 271 382 323 87 123
20487202 189 231
42310533 264 208 363
37197274 137 437
23208414 250
79 245 300
23774183 226 347 239
342315 224
13510895 256 385 456 242
9434304 264 499
156782 38
79319 351 360 364
23038 270 441 59
1119 264
746259 224
55212627 103 247 224 445 390
16606557 47
30108655 381 66 331
2786175 102 10 15 191 204 222 464 390
14907924 263
29039382 486 336
26969221 313
1345372 205 211
35807199 185 284
6673 395 168 105 156
4071536 245 284
23471538 245 486 408
19822723 223
3772759 193 52 390
442323 385
31163811 372 461 214 298
35933019 1 102 114 187 126 15 192 129 24 34 265 36 116 117 100 166 143 167 147 59 299 119 155 314
27282322 284
6697908 202 207 226 347
5058831 168
1850339 161 245 204 499 281 230
19552815 10 162 195 148 154 425
16758516 250
1390433 498 118 90 109
3213109 223 310
32358583 447 250
42701440 321 387
489 284 60
75728596 225 338
12938769 327
35169624 10 137 250 72 88 362
431171 397 274 109 378
41450004 167 438 250
31776878 245 224 254
12031704 99 250 465
72043081 245 250
653578 59 364
17312556 368
51006825 367
6522110 103 208 209 220 362
18888942 187 193
41245103 263 35 165 265 256 166
29773788 114
6044 256 468
1194300 229
670335 11 214 465 390
873052 437 341 347
6098313 275 228 307 469
550003 464 233
1751376 10 46 298 336
97386 191 356
72357221 102 191 129 20 164 197 166 203 42 205 101 208 55 169 80 387 257 93
86172036 377 334
494519 224 316 368
43234662 379 143
53598282 259
6594530 460
1302272 220
21019432 137 327 456 387 355 388
14282666 113 114 187 191 162 132 42 47 208 118 210 144 212 287 290 59 220 169 226 298 119 308 92 358 364
26551941 245
17228 195 31 213
75325 75 456
37696771 20 75
20844846 76 121
21251 274 212
52066671 187 11 166 43 88 92 239 254
40782832 347
52558528 247 250
57607828 102 114 15 205 217 220 250 308 232 108
38815615 245 250 70 402
2846583 11 166 46 421 147 69 80 428 92 109
27952753 47
43001537 185 250 417
15814586 462 168
28177709 117 143 212 299 341 93
25205856 126 43 217 226
3676 4 497 117 46 208 168 147 492 355
4551 113 20 198 134 136 46 237 91
46263775 465
4224211 476 494
11896113 187 191 274 437
50916994 20 264
3797402 275
15152413 102 9 10 191 461 204 208 223 226 310 384 242
27179774 114 250 467
42295799 56 446
70274295 462 312 316 329
559362 245 467
9061293 191 121 336
10890802 187 47 226 324 242
30736593 284 119
18352107 47 226
1971825 90
39186540 348
24266186 265 231 384 236
1142099 265 212 445 330 341
97502515 129 263 165 265 201 256 208
33970195 187 425 236
24359499 250 468
128753 83
18471626 245 250
11811745 223 226 316 233 121 336
16289816 56 220 338
1037818 191 226 369 336 460
71337789 263 35 265 256
1568 140 142
23053131 187 227 250
29287308 116 44 220 226 231 364 124
12409828 437
38558 336
2096952 245 143
4121067 245 492
13741576 191 144 437 64 327 468
10213003 245 309 319
11892043 373 437 440 452 323
26071073 274 437 456 242
58840684 250
35920062 269
49429736 186 7 75 388
33343894 47 445 387
1285945 401
30913680 32
7173177 298
11267393 220 301
5009612 114 121 234 430
1047611 17 173 83
26680240 129 256 46 211 217
46265914 399 164 193 208 464 88
30378807 268 274 284 388 390
3450 13 245 319
33912731 434 118 257
1441133 268 208 293 477 431
78218 14 23 98 168 218 124
20878405 2 322 347
17970496 191 47 208 169 336
10022319 391 301 401 329 390 254
3459 245 404
67940544 14 212 92
37764168 473
35979824 10 324
27726363 56 403
11721 195 284
77319 46 141
13182406 129
45069589 75
81854494 415 193 212
43933222 22
42637878 193 202 119 464 88 387 430 242
470125 258 437 297
86218441 250
65539312 250 344
7826970 254
125323 15 258 271 220
20630105 275 422 312 369 335
320379 14 33 205 118 422 445 229 242
13201216 245
11750210 59 220 363 364
68678 284
19549499 211 437 223 310
27315475 245 56 250
12548728 224 298 357
26046814 250
25380626 10 475 201 56 250 72
64022603 487 257
5227 323
21596037 191 47 208 223
28575732 56
17395313 297 356 255 124
7144809 437
28582356 282 235
86074505 437 440 325 329 454 338
38746748 56 465
51544 250 363
46796436 187 250
19724711 11 83
1336451 46 58 69 334 336 349
61796404 337
37909759 263
30407434 186 329 388
24199206 441 250
407002 70
28446 191 164 134 46 145 69 91
33504814 472 245
19308134 473 250 401
155954 10
20650061 250
67359347 245 250 344
9041277 186 187
4438311 417 483 388
7411694 347
41554252 56 250
28468381 245 250 367
32277870 0 102 7 10 36 228 64 250 119 72 465 81 88 253
47029734 187 250
27376095 287 301 119
12191739 313 88 336 458 254
662242 373 437 231 326
1279 447 119
57640721 191 223 250
89 162 129 35 104 288 430
32879518 445
7620611 466 354
496248 175
6726847 275
29058619 188 401 387 356
35807216 444 250
51754188 437 88 460
38939644 250
27895065 5
7304400 166 88 355
11072550 162 245 250
25901021 245 38 56 250 251 494
16030974 191 208 223 226
55273553 422
9622091 287 438
45649295 482
39981749 223 64 250 69 107
72048 383 176
8313315 388
8426 38 401 356
1306 387
6118982 11 207 226 310 236
37468657 220 336 460 242
15108470 86
302937 274 144 212 437 219 310 242
27154626 10 58 459
32393043 369
31549978 40
29838168 384
12760794 129 115 147
13849986 20 264 275 281 303 313 76 88 430
2591 245 147
46090161 88
38175413 446
5776 397
12739279 264 119 449 88 123 254
39341587 136 445
6471 401
733962 368
42860499 185 250
11893487 275
30072557 474 207 446
14392085 61 447 323 338
47706515 250
318936 25 381 227 119 387 254
183031 275 350
18177206 195 214 469
10227805 8 56
1196354 308 460 469
53801337 465 456
30527644 296 250 383
18403220 250
66224762 125 329
31461843 187 428
13080565 22 287 61 224 301 254
15230192 118 250 66
88867 358
55378623 24 169 88 338
33563899 336 458
258245 274 168 387
7083500 262 437 456
56870427 250
14837503 187
19062 212 284 119 242
37677782 495 40
37452769 245 201 250
2341720 167 147 75
4137 213 215 67
32090440 224 314 469
56369996 195 275 350
14866310 46 229
14855881 223 430
47897949 104 144 145 57 296 310
21550832 191 223 303
31733986 56
66094010 463 340
17252918 187 409 208 121 88 336 359
54245867 417 487
45502151 195 347
21057573 362 363 364
8179236 129 265 118 298 323
16543 208
30062798 9 287 119 384 387
2499949 494
1429820 297
4042 58 224 171
20744542 250
45912936 162 163 37 437
23705146 10 460
785647 168 119 468 460
20673928 300 233 427 109
25758 207 254
10613 93
160585 373 437 438 288 384 336 390
13365530 187 223 430 254
58447 245 275 177 313
25752 433 437 288 301 327 92
41616797 287 250 69 465 251 387
18166759 288 316 390
5458184 214
31748908 145 445 346
551325 163
53098616 245 250 251 254
5046338 329
46712 382 87 123
41101320 113 159 42 275 277 219 301 88 124
10379506 199 442 225 313 486 347
62511275 254
13286537 428
8340830 14 193 33 118 445
95882 145 119 307 352
33460301 32 250 341 408
34959094 10 233
11507831 83
305473 496 230
24359809 437 377
52298374 104 437 288 56 220 364
32530544 460
57217 56 376
40800148 245 250
429611 499 368
8134662 206 326
508389 316
5037 4 143 212 175 69
1436550 356
25388481 344
15704360 191 223
13323 68 317
9230379 270 42 387
7608696 441 59 300 466
1878 286 56 321
8158519 264 205 101 92 348 93
121093 128 214 217 366
2712784 206 486
5520194 270 59 300 448 466
1239177 368 468
13128117 288
20458507 206 52 214 250 465 156
979 254 124
716722 186 187 263 36 284 234 347
49819226 164 31 461 342
536699 424 460
38860424 437 347
3929260 137 207
9113990 47 226 364
71374161 47 280 212 336 338 456 242
1566053 10 250
65653033 187 245 250 481
15502770 245 250 333
37231453 30 486
4198247 273 469
34662672 32 273 208 220 313 253
8945 212 81
93587968 268 377 86
545951 334
40417895 227
39649599 191 129 437 123
5411813 268
1109667 207 213 424
3285 468
66621324 245 250
42223439 497 265 45 298
35323770 30 250 331
8370895 275 88 124
9712143 129 121 336
29318096 212 296 453
9517345 56 86
51522845 229 257
7525559 275 301 121 254
3761276 274 212 437 309 310
23337480 187 245 250
38368309 227 250 119 236 251 387
173891 10
53688 492 184
2028 467
9498128 114 9 10 15 191 166 47 169 310 427 121
9708217 191 202 47 169 310
41448969 450 344 430
280144 199 275 382 329 123
86252957 391 245 61 250 321
10429985 129 20 46 298 336
14923128 346
564436 178
33288425 287 88
23349067 391 224 340 254
51812807 42 289
22057983 166 250
30412346 245 250
15855891 199 104 214 288 56 307 354 364
63 3 162 129 265 104
84786334 250 352 388
66005564 250 388
49815 109
6778441 46 224 487
2128244 187 14
17901362 191 202 47 273 211 169 223 226 155 384
41185226 22 61 250 72 465
2795825 335
417060 23 137 280 58 425 428
174209 251 468
10764581 379 143 287 437 323 338 242 124
65662695 245 250
35453503 250 69 466
71065 245
43639514 2 5 302
79925455 301
27260779 150 250
58560136 46 437
300963 105
50334704 437 341
93269473 224 356
27395812 372 212 287 438 445
252099 473 224 336 254
2974 187 245 492
15956248 391 38
35157161 415 62 250 177
25850251 129 256 309
41178127 187 143
43882028 46 50 437 444 109 390
32661085 166 119 428 347
1680 245 379 204 210
69565480 499 250
35650310 498 442 445 451
38621951 163 247 230 78 330
693642 224
675567 168
16890943 113 115 132 166 274 208 118 210 212 287 213 298 119 308 323 358
21573937 47 499 364
35822397 245 250
10772024 336
57321641 199 287
46570421 245 250 403
242817 113 114 15 274 316 317 323 340 361
53494125 329 370
40709983 187 56 250 486
12422460 288 340
1267 9 23 204 464 455 431 124
8258 113 186 114 15 259 130 20 164 166 203 42 47 274 167 55 147 213 69 316 323 234 334 124
27059851 10 268
6838615 187 387 362
7939029 245
23109295 5 10 192 129 165 42 144 217 309 155 81 466 385
29554108 294 336
6219601 261 47 207 298 334 88
45672279 176
12251243 214
14771 301 351 354 362 363 366 124
28364192 437
7108339 40 62
85857911 195 309
13883743 245 249
69745756 165 298
156922 250 341
242652 102 10 11 15 23 46 55 290 80 92 124
36637158 119 384 387
36508769 103 250 321 347
40527789 32 400 327
11677623 39 384
524993 3
23505856 103
22942343 187 300 250 177 390
33538623 282 226 151 250 311 324 405
32253937 129 137 223 323
89301866 391 250
32380983 398 438
915104 224
75104505 298
69673307 199 461 296 445 331 236
42844031 125 212 321
6582296 43 359 363
9828 297
6449 212 464 242
43517580 102 10 220 250 70 154 72 385
12139392 102 113 114 9 10 15 191 371 128 129 164 194 99 132 36 201 46 47 208 167 55 168 145 283 147 213 220 169 224 229 119 308 80 234 348
14045785 467
20548570 250 465
1789208 206 499
19546487 245 22 250 254
50522422 214
1561601 103 399 420 368
84875903 245 250
848845 372 497 62 489
182896 98 220
417893 220 250
11308335 284 90
7877382 245
49423435 245 250 402
9234710 270 466 354 363 364
7023920 223
34230886 250
32223654 59 346
27661213 399 450
26047394 372 42 118 75 385 88 460
27885374 486 346 388
41226912 187 415 444
6100713 187 10 101 145 250
315 10 15 129 164 193 165 265 36 134 201 42 205 46 47 137 208 55 169 226 232
38744304 113 399 263
59947178 200 212 437 233 329 341
7829072 287 169 308 336
41161680 187 245 250
8250124 245 481
13122073 42
20777772 466 363 364
4738229 99 201 47 310 388
25362950 48 287 437 438 250
39080 129 231 456
57403678 125 102 113 159 114 15 16 17 191 162 129 130 164 208 143 55 212 215 218 219 220 119 69 309 333 387 124
126406 288 72
8296140 372
16513036 102 113 114 191 259 20 164 115 132 200 166 42 205 47 274 208 118 210 55 212 213 290 59 220 169 296 298 119 308 234 334 358 363 364
2496837 441 59 448
1762908 245
988584 316
8149293 492
18249708 10 208 233 88 456
55387604 372 298 359
11204681 185 245
448331 117 401 486
32296231 202 456 242
7251550 118 223
31873 168 492
54070398 486
3967885 187 245 71 494
56926808 187 115 40 241
36831577 400 59 250 336
23444840 191 461 223 226 369 121 336
89648995 75
1567285 98 42
15124663 336
43410794 301
9146327 288 329 387
1136859 191 193 214 61 298 320 324 257 242 390
33794691 275
10414916 37 42
230761 270
73982897 47 143 309
10664799 334
29435908 245 250
70145638 316 109
17307447 322 254 255
52296876 262 265 461 204 214 464 384
3640181 124
94677523 223
4705489 201 145
8810488 59 466
46371384 187 245 250
3616 293 119
36318299 245 250
52432 245 401 492
49690338 445 250 313 408
38176016 391 245 250
35778863 230 314
995779 471 224
28639294 270
397771 367
7597912 224 336
4176009 224 401
5890082 472 121 360
3346832 250
27136800 10 22 39 287 385 251 89 469
48970972 262
12770790 136
34100726 102 191 162 208 437 223 250 69 341
135281 473
30345642 445
2565 349
135285 258 259 245
3697623 254
9892340 75
98920964 24 461 45 223 309
7239664 47 226 234 390
38191902 21 434
12969918 164 31 303 91
31919605 236 429
30496554 17 270 250 387
16775977 250 401
27823606 445 298 88
38593 492
31778585 245 46 296
924752 269
14300400 191 144 169 121 336 430
15953460 437 83 466 362
35223051 494
314136 103 300
44968251 269 287 250
90778346 415
6563062 102 113 114 11 15 191 162 128 129 130 262 164 98 196 263 117 203 42 205 274 118 55 283 213 290 59 220 300 305 119 69 308 310 155 80
4682 35
67991642 115 250 72 465
2322270 212 57
38121615 245 275 250
231210 160 193 52 298 377
8710148 102 9 191 115 47 208 169 71 336
11595241 283
35043897 263 65
10696240 250
20868929 10 294 169 323
3672065 399 118
49065210 27 31 434 47 50 280 425 456 109
5116 280 467 493
22256401 259 437
23361078 10 211 223 226 456
254556 115 250 363
46257990 495 187 430
9949414 132 294 300 349
38338898 116 456 388
6834595 195 37 42 449
30360552 245 250 177
9226 142 437 313 333
35292550 437 438 255
1172152 437 336
17647533 136
40388305 437 387 97
18330624 461 294 223 242
64414001 473 193 195 325
47065038 415
20972439 211 71 336
5653745 275 445 254
871 388
4865157 256 298 121
28429027 250
36248953 250 344
43555917 399 265
23675529 245 224
53474 245 250
31563304 496 320 347
898 67
4127275 275 460
86442480 187 250 363
31051063 245 250
364520 358 124
48455539 56 445 250
11999 299 383 468
29265 401 124
9040121 423
9027198 347
55157869 475 250
33280930 40
9291063 14
23209329 47
51033647 379 119
75348244 195 46 223 109 390
39585228 99
72831913 250 346
429424 336
252591 103 373 75
38119975 415 245 476 250 111
68519692 56 250
42647890 206 429
27098092 102 10 226
33709813 245 250 257
40476768 447
82339873 113 114 187 15 191 164 165 200 46 210 144 212 288 290 298 311 321 377 363
13654854 129
29445319 486
41781422 245 250
33241 143 300 457
116318 245
17209529 233
762 38 47
92669427 298 312
79042454 43 205 294 250 338
765 487 492
38496818 246 275 287 301 327 89 387 253 254
33787257 202 350 242
40500796 250
16348810 250
64526004 162 272 284 250 331 388
6870 365
19370860 264
35744422 250
399528 168 401
86224065 250 367
23830580 413 245 250
4610057 281 382 303 121 88 430
380531 118 443 384 346
34976879 245 250
1213365 316
4304577 102 113 10 11 15 191 260 128 192 129 164 194 98 196 263 166 42 46 55 145 147 290 220 119 377 80 234 335
56440793 115 265 282
5303 165
6073628 47 336 348
3806 187 168 213 448
416263 316
26713492 253
178400 377 369 329 357
1140233 46 280 437 149 298 388 390
43462544 187 10 258 101 250 72
21985 461 42 381 439 294 464 75 87 347 124
14586 165 147 217 404
50371204 187 486
23702661 10 461 437 148
23917748 201 250
29544671 245 250
20202 101 57 60 106 92
36621560 187
298621 382 70 329 87 123
747603 368
39824723 438 424
23631997 310
9589016 193
6912839 280
23213852 493
5502303 9 10 69 310 336
774889 136 147
80588489 121 83 257
502331 460
42527329 193 195 437
12695905 473 223
34891421 42 438
29103840 245 250
42903168 250
2108398 153 341
4806950 474 202 347
3267397 103
4945681 187 47 88
1502457 204 287 234 236
52630202 3 185 10 22 34 115 117 44 49 282 57 247 250 70 72 73 251 89
376600 75 330
10802995 275 349
43052530 114 15 250 310 464 87 338
17745174 245 141 477 344
5678232 405 347
144592 437 250 124
151000 102 113 114 11 15 191 259 260 128 129 164 193 263 166 42 46 274 167 55 213 69 80 234
10056699 298 314
34244008 187 229
40378285 250
759640 316
43165524 29 250
58770928 379 437 88
466815 98 134 308 233 236
22229 102 113 114 10 15 128 164 193 134 203 42 205 47 274 167 213 69 80 330 234 92
2347604 121 430
27812132 202 222 310 242
45865615 223 465 233 255
12763592 469
49682810 298 233 242
41331435 250
8908593 109
4445253 329
11770 56 220
229108 168 296
17333988 245 250
39243732 203 247 250
2295629 22 297
19252184 211 336
11445015 245 166 56 250 321 251 367
16122499 164 461 42
4139688 336
91338289 197 166 437 358
34314108 329
51172144 457
49248162 187 498 287 494
19853486 166 118 220 312
73993 116 331 122 87 89 123
96759519 102 5 113 114 15 162 128 192 129 165 36 116 201 166 203 205 143 167 55 144 155 314
5704 433 56 293
43928246 387
3737019 31 47 145 234 390
1215239 11 17 175 182
541191 103
74938476 250
8671041 46 207 145 437 336
31965983 308 377
4039171 61
55533849 144 287 247 228 64 301 250 88 387 457 254
18020037 245
29455669 426 324
62580435 245 250 329 388
8640579 115 117 226 347 460 390
5729843 445 312 450 494
51675727 250
18954214 56 250 467
9441985 142 56
31885 109
55090788 347
280853 108
12555211 187 401
173672 221 336
9139729 336 254
48689387 250 321
43259665 42 88 340 388
10094747 275 298
39421500 422
23770654 329
41126705 3 256 250
12686838 473 415
34162826 275 422
45844365 250
5150 362
800544 61 325 387
11992392 250
78239825 372 62 298 301 321
10572734 396 284 223
3648666 275 169 469
45441631 245 250
42496831 88 387
16501267 294 298 232 233 452 384 236
1159695 191 256 440 75 323 336 339
40169847 425 407
37154532 5 225
27519 399 268 124
49732629 356
13151887 69 121 239
18165672 268 450
24086381 116 43 220 359
7419 245 147
65395967 224 356
87396564 114 194 34 117 205 101 400 64 346
45491419 17 264 250 363
4177547 372 275 425
14631481 245
6682 114 379 165 437 176 390
28644587 191 429
29690610 250 107
30911023 59 443 425 460
26263517 426 428
26182243 250
54365244 245 250
97572 284
30371336 245 56 250
657434 426 454
16297716 245 250 465
30712025 245 52 250
249720 275 280
27683540 242
70075508 206 208 247
60836770 193 116 59 310 347
11393773 199
1893 287 301
4693 109
44345464 5 245 444
54799175 113 275 57 387 430 388
22222333 185 245 250
25674481 102 187 192 193 220 223 69 233
71533306 56 234
15364680 223
26117 497 54 422 75 425 90
21197636 224
300322 166 439 220
32992653 42 275 298 312
1156889 316
25042331 250
735 300 153
29464166 5
29585566 287 313 346
43149268 129 42 464
40700944 126 43 301 121 88 387 352
28277850 498
631067 499
1923525 274 314 466 354 364
49367760 226 173
57526182 498 250
9063838 102 113 114 9 11 15 191 162 128 129 164 46 274 147 213 61 80 234 363 364
4974045 245
11607925 445 384
31022965 14 434 40 205 206 422 388
767322 316
10923560 207 224 109 390
16446087 102 5 113 187 11 15 191 162 379 130 20 98 115 132 203 42 47 208 278 210 213 59 220 169 298 304 305 119 69 308 80 234 334 335 358 363
5026154 310 233
13321498 300 401 340
44229922 236 347 460
2001 478
6915204 446
4772 268 144 61
5545709 189 268 447 124
4581 67
32140813 220 176 158 364
34689126 3 264 250 408
44711076 298 387
35519113 275 340 109
17733403 191 379
8949479 245 250
36169786 187 432
70694465 372 446
3601189 14 387
31547740 245 250 177
30957440 245 250
10450 245 167
1336442 191 69 334 336 349
45818668 212 437 321
9974975 113 114 15 161 162 129 130 99 132 166 46 47 168 283 147 213 290 59 169 61 226 298 155 324 334 124
28846625 245 250 404
55193121 114 340
37945235 323
168932 287 437 309 384 242
45744346 220 301 464 338 341
10937415 461 445 299 359
29573241 161 245 247 250
4425938 250 177
36959483 250
40323694 250
17057052 436 422
12607615 5 45
50950293 333 87 338 242
29618 288 109
20648916 8
17865939 334
717 476 426 487 494
62672621 387
46634614 287
711 5 187 91
22222639 187 258 211 324 92
10249245 10 191 461 202 437 169 233 322 369 336
42025607 250
388697 205
26438876 245 30
62067277 187 384
53964031 195 329
263600 373 353
11484606 191 145
52230489 245 250
2211058 245 250 251 254
4717720 245
46674907 166 273 81 429
1067 384 385 468
2258789 10 191 461 47 208 437 169 68 324 92 460
38028740 195 439 442
13251676 316 387 340
1863630 53
20351271 352
96237316 264 437 233
68744177 75 341
1082 168 352
283124 102 11 14 258 23 166 46 421 280 80 467 92 109 431
599 391 275 492
8614887 46
55174679 288 340
20535 397 86
4326 11 193 101 381 57 289 60 106 301 75 388
32298967 392 438
67635883 3 195 250 121 123 388
40923474 102 164 437 250 72
39407 138 492
6268744 424 401
25951817 473 32 233 407
50801759 245
1018417 373 289 88 123
40895450 245 250 331
1928975 137 145 149 154 156 86 158
15780004 397 438
82719 168 401
1100235 224
39786388 250
8319750 162
70313 293 401
324680 105 316
45874423 356
19020508 187 20 137 275 438 148 223 376 80
20169232 3 10 226 250 488
11275287 256 274
56385830 208 464 72 363
17867030 391 255
40680 10 212 257 242
49056314 446 250
2386319 362
11022992 275 312
36017401 245
16063494 287
68389 250
737 109 468
23872332 300
11141453 10 191 474 169 385 336 362
1244 195 33 152 460
647 143
1312075 401
55476622 3 4 113 7 262 166 144 147 215 70 329 338 387
27776351 208 223 250 252 388
16285728 187 11 191 461 223 226 384
35372 187 250
27951748 349
158047 98
34914911 16 143 144 309 377 93
17309915 245 250
34779149 10 233 336
4213422 46 208 55 144 310 80 336 92
17690902 102 191 169 226 229
44735375 445 424
52426887 450
49377 393 320
21127043 223 226 121 336
38906049 88
10829597 2 103 153 254
18952818 264
41533144 113 275 377
37988240 45 460
44718817 347
34229261 185 245 388
29468395 245 250 97
40835481 245 250 374
61876673 320
2250034 191 379 129 461 214 383 309
171768 224
50332727 129 265 223 309
20007607 280 422 92 109 364
10423272 22 119 88 254
44671486 297 302 356
34957872 3
33276697 3 187 117 250 387
21401443 2 7 10 119 89 352 254
20187030 314 364
1403078 334
14818302 245
4285598 10 456 242
7271 379
57026368 327 236
6982604 291
28737231 40
9840550 491
30541871 207
28108165 187 245 284 56 250 367
42311101 301
5049627 125 193 133 201 143 284 287 314 341 123
787331 316
17790982 313
29500 330
25945518 437
2063666 167 382 323 329 94
34232566 445 250
45765240 189 437 377 387 347
4881754 47 207 89
27797776 199 145
377035 445
74286 17 116 57 290 382 176 331
41753137 445
379767 114 11 80
27041765 409 250
16263821 356
43208313 250
1191882 437 109 390
22055 443 447 73 156 454
69183226 474 204 118 338
11305909 461 476 437 477 494
37948240 147 97
31801539 187 437 369 346 388 244
8116149 10
1310 391 103
28932606 270
9591750 226 316
46450879 384
956809 316 405
68557855 427
32759 270 56 327 88
744205 165 166 57
422149 102 46 137 226 233 236
75149440 245 250
31215746 422 250 383 364
10121713 20 448 491
30268768 437 294 457
44647041 42
19703812 331 236 88
9117 225 401 88
31109769 437 336
4504 245 147 152 404
498743 316
2052322 102 129 263 264 134 166 42 205 137 208 92
60929052 60 477 482 489
40529013 245 284 250 152 468
20176100 48 58 220 255
24299135 245 250 177
43853415 250
948 313
1216799 187
940 437 213 231 323
6039 47 284 90 468
35524891 301 88
41346446 398
49007 245 268 168 301 250 253
78657917 477 487 494
253502 40 208
42102531 496 206
22130230 168 250 465 321
41658003 245 56 250
1308481 471 224
75816042 374 323 87 123
513376 469
20716903 216 65 308 390
21937875 102 187 191 32 47 208 118 211 233
38504341 35 309 464 75 385
9528501 187 56
135 245 224
44934832 10 250 456 355
31275926 22 88 387 253
9876288 401
38310026 363
30609426 202
38465 250 468
11651504 206
43607398 493
4109870 269 465
31177966 245 250
77434579 399 20 499 340
11823021 22 468
13130832 298
14484262 473 275 362
139704 284
26864 356
29640359 5 193 377
1028 362
25207919 3 195 297 250
47502153 191 304 356
5277 245 250
28473842 423 81 336
100793583 212 316
25289420 56 250
35364891 250
785042 373 440
667765 121 331
27469 47 424 80 121 109 242
21419601 288 364
120914 52
24931353 42 340 364
36202321 437 336
7250 66
84331 437 320
17647605 202 456
77310972 250
52888254 102 216 250
16493067 229
30187757 250 486 124
9349898 263 223 226 443 316
835540 149 224
4409099 15 129 165 265 200 116 117 201 166 42 205 46 47 137 208 144 145 147 289 149 59 153
6353146 499 223 226 298
26599838 187 313
63817704 162 399
198336 149
202773 102 55 303 91 92
28757270 245 196 270 124
700 164 303 304 324 335 91 388 124
46491980 437 486
42113600 3 195 28 275 210
34196141 143 251
34129360 472 49 287 384
21718 330
20420 199 438
10601085 399 220 296 322
44450892 486
47028954 284
15510381 180
20342578 415 201 226 70
301480 121 353
10537686 247 250 320 321 251
8871596 499 383
4728516 40 214
28829017 232 320 325
4864698 450
18379091 191 202 47 144 169 233
257857 15 196 134 46 208 442 330
4071361 245 47
11349 338 341
32228890 245 250 374
23700182 47
38026787 275 329
586 447 75 121
60540672 191 193 195 208 296 329 242
80652199 336
8207 245 282 484
1222378 46 69 349 460
986680 364
589 314
29691388 310 336
11537399 362
26880133 384 236 457
10042517 450
12996 125 15 17 24 201 42 205 47 207 208 167 278 168 144 220 224
33414639 384
11665721 280 445 88 336 456
1215321 463
10693037 187 250 460
55031798 329 347
31219902 115 250 257
733752 102 5 114 15 191 115 265 201 166 203 42 205 46 47 137 207 147 59 224 155 257
3312971 199 264 224
34715495 336 390
347212 382 123
5768235 263 35 104 430
29800845 437
22174554 47
6359270 245
78329885 129 202 244
352896 117
36361982 296 75
33880573 379 463
52920027 39 338
456 128
40103104 245 250
33098150 287 250
36621543 250
532520 37 42 219 75
23402051 5 187 10 295 250
70825162 233
17031252 102 273 208 223 226 310 155 358
6664902 250 333
102878 286 378
17740473 47
38850079 250
34499332 10 287 301 460
41226040 42 88
38369814 144 287 301 324 387 253
18456518 336
8598 191
10849071 499 437 336 109
50047572 313 466 364
126529 245 437 401 351 468
9627344 390
17426650 47 208 58
49266632 187 245 250
34764 118
16926734 195 287 214 377
42610162 162
40241778 39 75 355
18527031 10 437 220 67 458 468
34057497 425
40553536 250
63405124 167
33091449 193 275 437 88 359
34079523 11 43 119 88 387
35651961 424
22413328 461 47 211 148 222 223 226 155 459
1112968 468
17016468 223 226 233 456
27019642 245 28
11235 256 47 323 338 123
4291887 191 47 298
16812541 42 123
11480580 47 499 437 336 347
168111 278 70 310 323 123
55 3 102 10 14 168 224 430 355 494 124
9257275 245 269
41859371 185 187 377
87788 208 108
1902673 47 336 456 339
5297100 29
75697195 474
27122967 114 212 437 233
7199503 437 109 390
17484306 11 461 449 121 88 430
58770059 206 294
180347 301
2087 300 450 355
29231851 187 250
13567381 473 463
29551471 486
296187 498 208 476 314 347 494
15940073 102 113 114 187 191 162 192 129 164 132 205 47 274 208 210 212 287 213 169 221 298 119 80 234 123 355 364
36741597 284
3961281 191 164 193 263 64 326 348
29175030 113 114 187 15 191 164 165 200 46 208 144 212 288 119 344 363 366
27433357 282 438 149 250
755 70
10647262 113 129 347 348
68419964 245
656120 250
37743822 438 220
21802 452 257
50215320 250 109
9893 195 461 88 492
40301846 384 457
39236499 102 187 10 129 193 195 137 144 226 457 388
50485628 268 400 336 387
50621 102 113 186 14 23 166 280 147 424 428 467
26260 225
475684 401
70154 42 307
26517977 250 88
51880996 257 390
18694853 187 275
85469452 323
37339140 437
9093006 9 10 191 47 169 310 121 336
32612101 367
351665 301 88 387 254
35806476 250
82476651 25 250 387 253
36283224 44 385
9072377 10 193 116 288 299 464
30487105 245 250
413946 316
63946356 80 370
16006187 98 288 56
8187184 245 129 20 147 309 491
35277521 187 61 445 250 377 157
250531 193 208 143 212 287 437 310 242
704617 275 152 320
11929920 270 314 362
29740014 192 438
592412 46 147 59
22743153 56
1880 195 460
51888 250
5541626 372 275
14677910 187 191 473 208 211 223 226 336
11250256 245 247 250
627761 437 426 321
31718304 298 384 346
96175 132 116
82545064 250
575084 103 115
2907090 46 169 61 336 390
1592 383
8642285 221
49054859 22 104 247 225 119
8656724 250
35061290 245 250
8623907 187 191 461 47
14212147 245 313 336
18068415 245
254328 340 492
39974979 332 487
27089831 196 202 212 437 226 445 450
18762258 297
8630201 208
1177187 103
4573103 382 329 83 88 123
64093 313
18867957 265 38 298 347 362
12998675 168 385
20536582 207 118
17079934 250
29843454 415 245 250
43776215 245 250
69743495 250
7431918 489
31081152 187 42 301
25539801 250
128 333 251
76709587 162 52 382 250
601624 440 57 418
35068738 294 226 250
595820 44 336
6200377 245
80900341 39 166
12142 298
29354345 104 220 301 88 123
17849601 473 245 333 242
30181883 144 486
2794 257
10052755 430 254
55903572 42 430
25263212 162 163 280 437 439 342
48369111 187 196 121 336 180 359
36719060 250
45814513 445 301
412747 69
21380046 102 187 10 461 212 222 223 226 377 369 121 336
8957567 336
39751189 245
27653829 379
63188441 469
106119 268 437 323 124
138 463
33628480 187
50615080 262 450 329 341
17621204 473 436 342 112
12252747 425 88 387
20697 250 401
18417685 347
675555 397 401 368 330 109
9963715 46 47 145
327201 10 116 256 460
51987798 145 298
30498042 250 384
49063005 258 497 56
25216905 269 167
21572207 47 499
181221 37 287 437
448 168 177 181 184
19170454 399 314 124
94679282 187 336
515890 437 384
22759939 196
73335938 191 208 377
53539 166 118 220 483
58924612 59
24390680 321
10386956 145 86 356
8582203 245
25874884 187 464
20398520 426 337
64223815 162 379 115 268 143 287 119 69 387
15069581 191 223
9040641 245 250 336
3504641 222 297
1648 299
112570 387
2165384 2 469
798041 6 409 411 395 245 418 419
907850 320 468
25888180 159 227 319 333 349
39949065 187 415 72
43011722 32 298 65
59829810 64 465
7223788 187 461 202 47 208 169 324 456
361107 313
1229601 46 47 229 75 336 456
31093229 250
40485321 250 336
46491880 400 236 405
94085140 20
30318830 245 56 250
2806 272
2804 132 437
4058873 20 314 340
5027532 461 45 275 148 155 384
5437 56 362 364
335555 499
2315987 10 230 363
22736114 10 192 22 43 64 250 70 465 73 75 251 89 93
26170520 187
6843473 499
2434607 273
731 383 355
29179441 201
15148385 113 187 259 129 164 98 132 166 47 274 208 118 212 287 213 59 169 298 119 318 234 358 364
23356494 88
24117813 250
268549 403
736 433 56
739 437 486
35838585 115 268 438
77050362 399 20 322 452
174245 245
44881185 372 250
24036559 250 486
14600522 104 316 456
8758668 274 321
1513304 42 275 210
52811981 301 119 69
52953846 195 499 401 316 327
287228 499 437 227 320 341
79473592 57 338 390
15733726 347
27560235 263
20786632 32 384
64834011 461 100 212 223 109
12090783 20 269 452
27725763 118
34777837 10 499 437 56 294 250
35531415 463 227
1392957 10 61 250 72
33337763 245 203
18604167 255
31387666 496
41331414 486 356
422238 287 428 456
44057096 391 56 250 486
28600 164 267 210 220 382 301 119 351 355 112 366 124
15106510 187 10 437 438 250 481
18134846 220 406
25189146 340 430
183732 327
289753 14 474 195 461 298 469
4499676 124
217795 275 288 439 384
24454411 195 137
12545 165 287 176 321
7821622 496 499 287 336
12568711 245
34300760 187 226 250 253
28161 224 340
861576 57
211984 102 5 114 15 129 36 166 205 47 137 207 55 147 289 217 308 153
12540912 224
81945716 466 460
8952126 254
26462130 212 445
16986287 10 247 249 250 352 243
328898 222 121 88
2475205 191 55 231 465
29676 372 100 437
40575907 104 290 226 250 308 465 387
9267354 268
56785962 3 102 104 249 250 72 81
11147079 445 232
43666542 287
81294248 245
29442323 422
11700343 47 499 58 224 121 109
28938939 250 336
52383628 495
68625102 75
43251403 187 71
23441205 111
1099616 137 445 69 88 336 341
33923105 250
625262 224
248268 100 46 175 369
28859693 21
6732888 391 245 268 320
377907 397
18431024 224 313 349
16172596 187 208 223 226 155 460
17153018 208 223 226 155 336
17063707 245
25678227 2 245 22 216 250 177 251
11276274 206 229
7688 250
56677 187 245
205842 296 324 385 357 432 469
6270587 355
70493648 250 387 388
51106511 15 17 129 205 57
7667106 47 322
23903310 437 447 377
39488246 245 250
8940244 159 298
35691604 201 250 74
45757863 87 254
4707 250 378
10069907 86 468
19418369 29 268 167
70937 461 137 223
51024668 297 356
30683033 296 87 388
15755767 59 363 364
579636 391
35712861 187
39664770 44
1325510 316
252047 103
21798810 47
61977314 291 352
23917344 250
28761941 245 150 250
1262507 187 121 257 431
9272686 177 90 468
33780182 11 196 57 220 64 301 388
1241571 102 119 336
72924755 40 312 494
28490858 56 250 344
10512935 356
56702991 191 193 298 384 121 347 390
71718434 187 191 197 42
18750533 391 195 31 461 463
18100582 102 129 461 47 275 169 223 226 233
57466174 20 193 250 387
9471494 187 58 71 369 340
20172268 331 89
21755075 437
39387529 47 437 349
23238377 499 145 456
33501295 168 287 224 119 88 347 254
2497 437 61 320 109 357 390
11745771 473 384
13827627 129 47 280 494
39734875 250 370
54034301 264 437 445 324 88 387 340 460 254
15046248 437
2269683 59
80410546 269
15327516 250
2251 250 333 468
9999939 102 22 29 34 115 201 44 57 294 78 87 251
15414754 250 177 480
30767675 10 14 226 250
10091833 437 169 233
609256 473 103
170898 56
24341507 33 235 387
7393 187 31 461 148 347
14497873 191 437 447 88 364
255728 439 440 441 299 449 368 325 454 458
15285908 436 229 124 367
72326580 250 383 387
10214986 397 86
4804 14 130 193 134 256 40 205 55 168 224 69 308 330 110
34245535 410 245 22 250
583782 316
19716522 245 52 336
100889 396 400 301 486 460
12314782 99 201 327
12390 165 39 205 118 81 355
26363764 202 166 250 255
17975248 0 155 234 486 88 238
63000663 379 309 387
28778720 330 347
32333672 99 445 451
39482285 2 201
16460911 187 191 264 166 211 220 233
11732655 191 208 336
329107 42 75
18466 302 124
19015789 145
49107082 22
37777824 195 199 42 88 387
45960892 187 245 250
43799913 39 144 119 384 385 88 430 255
60068246 191 193 309 460 242
20811498 113 164 99 115 132 274 118 210 55 144 212 213 290 220 298 119 324 234 334
77639 461 437 324 384 390 124
102635 42
7270 75 336 109 388 364 124
35966358 413
13142894 187 56
31319658 10 301 387 457 253 469
7275 114 42 205 447 119
176659 437 233 242
47610596 284 56 250
5600495 230
21563141 250
25844922 116 382 299 230 331 338 123
18401298 47
30207189 208 247 233
167451 114 15 191 128 193 36 203 42 44 205 47 271 137 274 55 145 224 119 308 75 330 124
15199107 245 250
40368555 5 189 196 437
8023848 102 9 191 115 47 208 145 61 119 121 336
8779055 424 426 385 429
8641753 116 270 143 340
20954489 245 22 250 251 254
2902 379 143 109
278071 288 313
50192363 442 450
41452622 207
379354 102 193 461 301 384 92 341 390
58269 496 497 499 56
37739473 247 227 250
2159595 45 206
52361900 187 250
26874021 196 212 437 377 388 255
10672315 191 474 385 336
28941412 340
7995 288 56 220 239 362 363 364 112 254
4522954 102 5 114 129 165 265 166 205 46 144 147 289 149 59 308 153 155
13869355 336 346
36047276 327 88
16134994 437 440 466 362
8828301 391 399
24011636 250
27901440 250
1314745 460
18493580 47 437 148 233
13226821 193 233
11881588 45 214
38182092 187 80
2879547 275
51591442 250
38567986 187 287
78676 75 468
22781583 247 250
56210743 193 437 64 250
69573177 36 446 327 390
6589102 426
28129783 227
41757 193 46 50 437 169 341
35982622 271 97
1290856 42 499 314
27532693 2 3 185 10 250 72 465
11183766 191 473 223 336
28333498 464
27771 233
44848088 187 56
22011395 47
4932816 287
18506757 245 250
728 22 284 437 439 440
177150 259 371 379 201 143 287 314
16202769 145 56 297 250
12793259 274 275
10566551 316
13815618 161 250 254
17007375 245 221 331 487
17711662 245 250
46294102 450 460
50800627 168 228 307 469
20894 222 70
59566449 227 387 254
770675 270 330 466 354 363 364
563289 316 494
30575508 373 168
44032215 387
186593 14 498 118 280 110
23953205 415 476 118
31288006 263 229
7877668 224 92
38000521 245 216 250 336
30266386 10 220 250 487
3702487 186 376
1019652 102 187 10 437 242
2880980 148
39941674 233
127909 195 104
913559 405
34188307 496
17569185 168 321 377
20367021 287 321
848494 386
4885380 55 469
8916647 269 121
1684344 441 59
5772000 102 47 207 69 364
10208467 437 447
44138037 218 385
4212941 212
18932386 294 477 254
27195 256
25072924 250
34350462 274 250 346
28199 268 301 340
31545235 245 250
13037415 72 401 356
43896571 195 464 81
180182 298
4397 250 336
225666 161 250 72 109
474 299
25333870 249 250 336 387
39422528 313
31598870 236 336
