0 33913959 18537646 64980878 60140141 49849615 33737722 32277870 17975248
1 36787545 35933019
2 13326719 18537646 63273 56 20878405 43639514 10829597 21401443 2165384 25678227 39482285 27532693
3 68263002 12244467 22742053 53289240 23637723 52557389 64980878 60140141 33078588 6726778 20979746 10933209 47823180 49849615 63 524993 52630202 41126705 34689126 67635883 20169232 55476622 34957872 33276697 25207919 42113600 55 56785962 27532693
4 300241 53280908 3676 5037 55476622
5 326575 33054001 8163 343678 66115189 35608560 49965450 250 13094124 2700573 5027158 32581846 46053087 40616711 56676771 52353780 29349169 3678155 58770829 456237 54530077 17335976 6683387 6508 957689 33148745 27895065 43639514 23109295 96759519 37154532 44345464 29464166 16446087 12607615 711 29640359 733752 23402051 211984 40368555 4522954
6 23820213 8030023 798041
7 36787545 64980878 35683765 49849615 33737722 49429736 32277870 55476622 21401443
8 40296147 374 50670410 84299 10227805 20648916
9 26625961 20003922 7862131 19274133 300241 5027158 28551727 45743656 25 15282086 15152413 30062798 9498128 1267 12139392 8710148 5502303 9063838 9093006 8023848
10 3090834 27184573 68263002 847100 26674344 62830729 20003922 12065 28845160 3809586 6263996 1041468 32160614 22742053 2039778 29049670 18768371 70034991 250 23304496 49069650 27038667 27059963 32169030 359911 28658784 32581846 64980878 57837 22108446 60140141 20979746 51221821 207831 2089898 26326157 16011437 98093993 71428278 60308 23941010 68218830 21168682 89023 137760 21782002 34883517 57311413 71741545 104224126 76088560 21435877 28524639 46891492 25597480 1584125 49849615 33737722 2786175 19552815 35169624 1751376 15152413 35979824 25380626 155954 32277870 27154626 23705146 34959094 1566053 173891 9498128 27059851 23109295 242652 43517580 12139392 6100713 315 18249708 27136800 20868929 23361078 27098092 4304577 43462544 23702661 5502303 52630202 22229 10249245 2258789 20169232 40680 11141453 34779149 21401443 4285598 8116149 44934832 23402051 34499332 18527031 55 39236499 9093006 9072377 21380046 327201 2315987 22736114 34777837 1392957 15106510 16986287 30767675 31319658 27532693 30266386 1019652
11 44016343 491722 3346 7862131 12065 3809586 300241 1041468 250 17704462 6140500 28551727 27038667 9199 20979746 995173 4796057 3796 1235453 25604655 5940718 2478142 11283939 89023 137760 19816263 912 14727573 670335 52066671 2846583 19724711 6118982 242652 6563062 4304577 151000 1215239 9063838 16446087 283124 4326 16285728 379767 34079523 17484306 33780182
12 12678498
13 3450
14 8163 300241 98331381 4235146 10186 43882751 56 145717 43350645 42956080 16864555 40180261 77988045 78218 67940544 320379 8340830 2128244 9291063 31022965 3601189 283124 55 50621 289753 30767675 4804 186593
15 56905 3437299 12065 3809586 6263996 1041468 9953916 9284243 8715 250 5027158 18424378 9199 56866769 4796057 1235453 291951 304925 2091411 89023 137760 15282086 2786175 35933019 57607828 125323 9498128 242817 8258 242652 12139392 315 57403678 6563062 82339873 4304577 43052530 151000 22229 96759519 9063838 16446087 9974975 4409099 257857 12996 733752 29175030 211984 51106511 167451
16 31524350 11203119 21245022 10933209 7916859 28542288 57403678 34914911
17 22742053 29257408 53289240 52557389 31281892 20979746 27971192 12908334 1047611 57403678 30496554 1215239 45491419 74286 12996 51106511
18 32160614 56
19 662196
20 19624856 559241 5979222 11269496 3437299 4513524 12338650 10545129 31281892 6904 17307892 1235453 291951 129412 40696878 464074 11283939 16513568 137760 19816263 72357221 37696771 4551 50916994 13849986 10429985 8258 16513036 16446087 19020508 10121713 77434579 8187184 94085140 4058873 77050362 12090783 57466174
21 1233932 38191902 28859693
22 20003922 43606005 36524488 70272430 34203973 33993855 52557389 28551727 84204021 23820213 21396707 20430641 11462611 34352731 30238125 19816263 43933222 13080565 41185226 19546487 27136800 52630202 2295629 10423272 31275926 11823021 49054859 22736114 25678227 9999939 34245535 49107082 20954489 728
23 7530419 64543679 995173 27331843 28524639 78218 417060 1267 242652 283124 50621
24 72188644 28920624 64543679 48930 95143256 47218327 39545549 104224126 35933019 55378623 98920964 12996
25 30637940 49466225 318936 82476651
26 39073572
27 7530419 33993855 74100 56 49065210
28 8045419 20953650 62354583 45941918 42113600 27019642
29 993380 6600875 807 35318914 43165524 5297100 19418369 9999939
30 24230705 24226428 37231453 35323770 26438876
31 12329919 388 16330638 56866769 39545549 30838025 1201915 84299 17228 49819226 12969918 49065210 3737019 18750533 7393
32 18727430 12973072 57291 10202619 55623462 6904 52937328 58208 63828933 53326850 58770829 33258470 75 4623644 30913680 33460301 34662672 40527789 25951817 21937875 43011722 20786632
33 74100 56 10173 320379 8340830 1244 24341507
34 16793897 22742053 90323190 27 456237 35933019 52630202 87396564 9999939
35 20003922 36464432 41245103 71337789 89 4682 38504341 5768235
36 56905 12065 1041468 41934068 14721677 5027158 28551727 9199 6727044 3938162 456237 6683387 14076224 35933019 32277870 716722 12139392 315 96759519 211984 167451 69573177
37 24680099 64753819 971699 54683761 45912936 10414916 6834595 532520 181221
38 835782 12655314 32671120 817 7773 16454699 156782 25901021 8426 15956248 762 18867957
39 12329919 13860036 16347673 23294824 28560020 10471718 702839 11677623 27136800 52920027 40241778 80900341 12390 43799913
40 14091340 13094124 15494746 660457 56 36256527 100854 43187100 31549978 37677782 7108339 56926808 33280930 31022965 28737231 253502 4728516 72924755 4804
41 401654 56 2682332
42 13326719 36964584 10610786 491722 14565482 78003054 343678 12065 3809586 83256656 6263996 1041468 22742053 9284243 42692205 10202619 250 16292535 18424378 10916742 24622695 9199 7248168 13132537 140878 7631200 38331877 11278372 73920686 7184198 54530077 304925 2091411 5801427 89023 4377 38594695 11679652 71741545 6683387 4059 15282086 72357221 14282666 41101320 9230379 51812807 8258 23109295 26047394 315 13122073 16513036 1567285 10414916 6563062 6834595 4304577 21985 34891421 151000 22229 16122499 43259665 32992653 43149268 16446087 44647041 2052322 24931353 4409099 12996 733752 532520 41226040 16812541 70154 31081152 55903572 1513304 71718434 329107 37777824 102635 7275 167451 1290856
43 1536954 42533142 42800749 52066671 25205856 6582296 79042454 24086381 40700944 34079523 22736114
44 36621546 22742053 634552 6968868 456237 304925 17318405 1503168 842 29287308 52630202 36283224 595820 39664770 9999939 167451
45 2137961 37893653 13580681 4252164 27033745 1508481 3948856 708996 84299 42223439 98920964 12607615 37988240 5027532 2159595 11881588
46 559241 56905 6886479 3437299 313288 343678 3809586 26983334 6263996 1041468 1099548 176 9953916 24943107 8715 250 8371427 12065534 5027158 64873726 6208990 9199 37566234 34732382 995173 4796057 25997323 291951 167937 1206152 129412 2478142 41876 54033089 2091411 137760 82197743 36586077 6683387 4059 202651 1751376 2846583 3676 4551 26680240 77319 1336451 28446 14866310 10429985 6778441 58560136 43882028 242652 12139392 315 31778585 75348244 82339873 4304577 1140233 151000 8671041 9063838 9974975 283124 8614887 4213422 422149 4409099 257857 1222378 733752 29175030 592412 2907090 9963715 1229601 248268 4522954 41757
47 18010025 22713668 56905 23418636 7611485 6886479 17328980 21898612 8163 11269496 7862131 52256562 6971358 19676862 6263996 5724948 18144352 14655319 1041468 14825296 16865825 9953916 23698921 2039778 19935551 9284243 6631844 695452 18420081 8715 15108509 23350293 18054893 10046115 17151750 17699310 17833018 12338650 6970476 12065534 19708991 12754909 18424378 10545129 12883846 21785703 43444 17308995 10051186 9199 13218420 23328006 6048891 16072378 23041357 2699897 17142930 22072549 56866769 9152133 14830562 19099601 13559341 2241875 22557448 5613734 14650304 18274024 16318499 23167904 16513568 89023 4377 2898741 19635864 8960075 6683387 52346600 16317357 13453258 17580429 2389183 14076224 15282086 16606557 14282666 27952753 10890802 18352107 33343894 17970496 21596037 9113990 71374161 9498128 9708217 17901362 21573937 8258 6219601 12139392 315 4738229 16513036 73982897 7239664 8710148 49065210 23209329 762 6073628 4945681 22229 3737019 16446087 9974975 2258789 4881754 6039 21937875 27469 4409099 18379091 4071361 23700182 12996 733752 22174554 17740473 17426650 22413328 11235 4291887 11480580 1902673 15940073 9093006 8623907 9963715 21572207 7223788 1229601 15148385 211984 11700343 7667106 21798810 18100582 39387529 13827627 18401298 167451 8023848 18493580 22011395 5772000
48 31780673 28819922 25003531 20191714 25362950 20176100
49 13326719 52630202 34129360
50 74100 56 48592127 43882028 49065210 41757
51 1273675
52 3484351 11462611 21448929 3772759 20458507 231210 30712025 120914 76709587 19716522
53 36464432 30698831 11462611 1863630
54 74100 56 10173 26117
55 56905 3437299 343678 3809586 63273 8715 250 5027158 9199 56866769 4796057 291951 129412 40243513 304925 89023 137760 32603038 6683387 34096377 15282086 72357221 8258 242652 12139392 315 57403678 16513036 6563062 4304577 151000 96759519 4213422 202773 211984 2475205 4804 20811498 167451 4885380
56 13326719 835782 956375 25784042 39963309 19274133 23972239 58071225 61040032 19770 22104192 56131042 54725864 37617644 18496184 22360637 119238 29850167 10056 26284064 45743656 1713145 12906 798 26567649 23390361 44241745 6508 41199309 23693861 41004550 842 42295799 16289816 27726363 27315475 25380626 28575732 38746748 41554252 25901021 10227805 31733986 52298374 57217 1878 9517345 15855891 40709983 48455539 68519692 11770 11445015 5704 18954214 9441985 30371336 71533306 28108165 32759 41658003 9528501 25289420 16006187 22743153 49063005 30318830 5437 736 34777837 44057096 28490858 170898 13142894 47610596 58269 7995 44848088 16202769
57 3090834 22742053 638050 52557389 64980878 17308995 145717 90973635 60450 47897949 2322270 20202 52630202 54799175 4326 74286 744205 601624 79473592 861576 51106511 33780182 9999939
58 17699310 1336451 27154626 4042 417060 20176100 17426650 11700343 9471494
59 54300548 22713668 78003054 17933632 6221086 6263996 20507844 454825 12338650 40693256 16652013 18424378 29504521 17774145 74682016 226056 2353553 46074 685187 16513568 76468595 2267962 10819 6683387 11007530 39538039 31352326 1392397 15282086 23038 35933019 653578 14282666 11750210 7608696 5520194 32223654 16513036 2496837 36831577 8810488 6563062 30911023 60836770 16446087 9974975 4409099 733752 592412 58924612 15148385 15755767 2269683 4522954 1684344
60 2600891 153493 807 456237 558802 489 20202 4326 60929052
61 1748958 74100 5027158 29990678 606161 23693861 14392085 13080565 86252957 41185226 1136859 4039171 800544 9063838 4772 9974975 35277521 2907090 1392957 2497 8023848
62 74100 87403989 786158 20894983 35157161 7108339 848845 78239825
63 26
64 36787545 491722 34072502 64980878 74005614 60140141 32754081 90323190 98093993 11462611 8973338 30067066 68218830 104224126 50773057 33737722 13741576 32277870 39981749 55533849 87396564 3961281 59829810 22736114 33780182 56210743
65 39873171 43882751 13100788 4869095 26919587 35043897 20716903 43011722
66 28551727 74005614 26612359 98093993 68218830 710053 100854 30108655 15230192 7250
67 636 4137 898 4581 18527031
68 9953916 79419972 259 48930 25126334 56866769 13323 2258789
69 36787545 31524350 6971358 1413164 5559502 8715 19708991 35142949 33938434 26323878 60556804 439285 11902059 23032497 6048891 995173 51263136 129412 6498004 32872901 30238125 51126635 40144103 30067066 89023 19635864 861537 202651 2846583 1336451 28446 39981749 41616797 5037 35453503 8258 57403678 34100726 6563062 5502303 151000 22229 13151887 25674481 16446087 1336442 1222378 412747 64223815 52811981 1099616 4804 5772000
70 22742053 52557389 33217169 64980878 60140141 17605931 98093993 9576 100854 38815615 407002 43517580 298621 52630202 55476622 20342578 168111 755 22736114 20894
71 7862131 8849498 37938407 6048891 50773057 3967885 8710148 20972439 43251403 9471494
72 36787545 68263002 72188644 229885 22742053 63273 70272430 53289240 24942291 30576005 70034991 52449121 52557389 95143256 60556804 64980878 74005614 14771487 90323190 64915591 12087360 26284064 27737110 10933209 339767 98093993 11571896 68218830 57311413 71741545 104224126 49849615 33737722 35169624 25380626 32277870 41185226 43517580 126406 67991642 43462544 52630202 40923474 56385830 39949065 1392957 56785962 27532693 13037415 225666
73 52630202 22055 22736114
74 68263002 16306210 35608560 53289240 13748715 52557389 28551727 16755758 98093993 68218830 35691604
75 11548 881282 69591132 10414636 2051 17914609 11217217 924736 388 40142391 52449121 259 28615597 43791433 49510 48930 35830923 218434 90323190 27971192 38358012 55616410 516 5613734 21435992 464074 100448870 27570362 20894983 75325 37696771 49429736 45069589 2341720 26047394 89648995 9892340 252591 21985 376600 1159695 26117 68744177 4326 38504341 586 36361982 532520 40241778 1229601 22736114 68625102 329107 7270 167451 78676
76 19624856 9024999 11768663 6140500 2225587 71741545 20844846 13849986
77 2682332
78 38621951 9999939
79 5227
80 56905 3809586 4513524 1041468 153493 74100 42794 4796057 2091411 89023 15282086 72357221 2846583 242652 12139392 6563062 4304577 151000 22229 9063838 16446087 283124 19020508 4213422 379767 27469 15940073 63946356 38182092
81 22742053 38265510 60140141 46391596 38306835 39545549 23442230 54033089 34883517 52346600 32277870 8945 23109295 46674907 28473842 56785962 12390 43896571
82 25951817
83 13748715 23568161 1201225 464074 9576 710053 19816263 128753 1047611 19724711 11507831 15953460 80588489 4573103
84 79553695
85 11340148
86 2180828 30941724 8443785 3359 31968 2368321 15108470 93587968 9517345 20535 1928975 10386956 10069907 10214986
87 58071058 2282842 13748715 17704462 49510 10916742 35830923 100448870 35683765 11679652 20299403 46712 21985 298621 43052530 73993 50950293 75816042 45757863 30683033 9999939
88 36964584 19624856 62830729 33054001 35146598 2251146 16955216 9024999 28617606 18537646 43157549 1934227 24942291 16748068 7595677 33468739 44856739 6140500 40520383 40784 43791433 6516 31239704 17307892 22108446 13132537 64915591 43350645 74099769 11081461 39545549 5940718 2402894 68218830 58231415 11283939 31626313 34883517 32871847 15559582 33737722 35169624 52066671 46265914 42637878 32277870 12191739 51754188 7304400 13849986 46090161 12739279 55378623 17252918 41101320 8370895 33288425 6219601 26047394 18249708 27823606 4610057 4945681 58770928 55533849 43259665 42496831 40700944 1018417 38906049 10423272 32759 19703812 9117 35524891 31275926 11665721 41226040 33091449 34079523 17484306 9893 26517977 351665 4573103 29354345 12252747 23356494 328898 1099616 33501295 54034301 14497873 17975248 37777824 43799913 36047276
89 20003922 28551727 74005614 60140141 54384231 98093993 11462611 35502680 68218830 36370675 49849615 27136800 38496818 52630202 73993 21401443 4881754 22736114 20172268
90 10420579 56 46789042 1390433 1971825 11308335 26117 6039 9272686
91 8163 8715 1666499 26 86810 912 4551 28446 12969918 711 202773 700
92 15454975 1413164 1041468 7530419 17151750 30610292 995173 13453258 14282666 52066671 2846583 67940544 25752 8158519 242652 20202 22229 22222639 2258789 283124 4213422 20007607 2052322 202773 379354 7877668
93 48930 4980 2898741 79568 72357221 28177709 10613 8158519 34914911 22736114
94 117675 16755758 2063666
95 28551727
96 43214791
97 12655314 36621546 52557389 98093993 68218830 40388305 29468395 37948240 35982622
98 5027158 17318405 15282086 78218 182896 1567285 6563062 4304577 466815 16446087 158047 16006187 15148385
99 12338650 17774145 68471567 19635864 8999834 25652728 13453258 12031704 12139392 4738229 39585228 9974975 12314782 32333672 20811498
100 1748958 35933019 64834011 29676 248268
101 6886479 456237 304925 72357221 8158519 6100713 43462544 20202 87396564 4326
102 68263002 559241 56905 62830729 20003922 22205139 72188644 6444784 3437299 7862131 12065 3809586 300241 4513524 1041468 98331381 153493 47102390 24942291 52449121 598398 250 49397637 5027158 52557389 28551727 27038667 17308995 60140141 20979746 90323190 56866769 4796057 1235453 291951 129412 2089898 37254832 11462611 40243513 54218032 304925 89023 137760 6683387 11007530 15282086 33737722 2786175 35933019 72357221 57607828 15152413 32277870 242652 43517580 12139392 57403678 16513036 34100726 6563062 8710148 27098092 4304577 151000 22229 96759519 25674481 9063838 16446087 283124 40923474 17690902 422149 2052322 21937875 52888254 202773 733752 17031252 55 15940073 39236499 50621 21380046 211984 56785962 1241571 18100582 9999939 8023848 379354 4522954 1019652 5772000
103 13326719 993380 313288 9924118 15898 737955 690362 1055479 270708 363625 226228 242596 624980 727675 1296783 54335 60308 1212063 3695863 46275035 30987072 390355 55212627 6522110 36508769 23505856 1561601 314136 252591 3267397 541191 10829597 1310 575084 1177187 252047 609256
104 51232997 47102390 23637723 20979746 35683765 49849615 89 47897949 52298374 15855891 63 5768235 49054859 29354345 14600522 40575907 56785962 127909
105 642630 13002375 1490741 8030023 6673 300963 324680
106 20202 4326
107 23537466 9622446 34732382 10334156 42981815 39981749 29690610
108 223212 43157549 57607828 280853 87788
109 51073679 1748958 66115189 28920624 74100 43882751 70409235 10545129 30192714 42794 935223 37566234 20864291 36397952 145717 995173 47079771 1657754 7916859 5613734 2478142 487457 17318405 57311413 74457752 55517 1390433 431171 2846583 20673928 49815 43882028 70145638 49065210 75348244 8908593 31885 4693 10923560 35519113 29618 283124 737 20007607 1191882 27469 10849071 7199503 50215320 675555 64834011 11700343 2497 7270 2902 225666
110 18537646 23393188 660457 17318405 49114778 31974549 4804 186593
111 34491673 54683761 38119975 23441205
112 60115661 153493 800272 30291 177359 3796 72888939 579886 40076537 17621204 28600 7995
113 22713668 559241 56905 6444784 43877347 3809586 153493 365 250 12338650 5027158 18424378 10916742 77014238 20979746 17774145 8142578 4796057 291951 18274024 2091411 16513568 89023 137760 19635864 13453258 15282086 14282666 4551 41101320 16890943 242817 8258 12139392 38744304 57403678 16513036 6563062 82339873 4304577 151000 22229 96759519 54799175 9063838 16446087 9974975 55476622 41533144 15940073 29175030 10647262 50621 15148385 20811498
114 36787545 56905 3809586 300241 6263996 4513524 1041468 153493 22742053 63698 9284243 250 23637723 5027158 52557389 18424378 99519 20979746 56866769 4796057 1235453 25604655 40243513 2091411 89023 137760 19635864 6683387 52346600 104224126 35933019 29773788 14282666 57607828 27179774 5009612 9498128 242817 8258 12139392 57403678 16513036 6563062 82339873 43052530 151000 22229 96759519 87396564 6682 9063838 9974975 55193121 379767 733752 27122967 15940073 29175030 211984 7275 167451 4522954
115 22713668 12655314 22205139 7862131 98331381 22742053 43882751 17774145 9152133 4796057 27 98093993 18274024 456237 68218830 16513568 19635864 49849615 33737722 12760794 16890943 16513036 56926808 67991642 8710148 254556 56440793 52630202 8640579 16446087 31219902 733752 575084 64223815 35838585 9999939 20811498 8023848
116 62830729 44986529 22205139 6263996 63698 47396698 5027158 118 13580681 71471665 56866769 1657754 39545549 104224126 35933019 29287308 38338898 73993 96759519 24086381 60836770 74286 4409099 9072377 96175 327201 25844922 8641753
117 72188644 8783400 11825845 90323190 26612359 837 37439234 6683387 35933019 28177709 3676 448331 6563062 52630202 8640579 87396564 33276697 4409099 352896
118 845224 15454975 6263996 9510110 523697 11825845 691 2137961 23294824 4777868 18424378 7099672 158 17328604 17774145 47218327 167937 18274024 7279118 16675391 16513568 11679652 15282086 1390433 14282666 33912731 320379 15230192 8179236 8340830 16890943 26047394 16513036 7251550 6563062 3672065 380531 19853486 69183226 21937875 34764 20536582 53539 15148385 27725763 12390 20811498 186593 23953205
119 338331 62655504 4920884 54300548 27184573 22713668 56460902 12942 7862131 6971358 6263996 9284243 28920624 42533142 34072502 250 5027158 18424378 25451458 42386009 6168 31239704 54384231 53280908 77014238 20979746 17774145 46391596 9152133 140878 4796057 3796 38306835 26326157 29937606 18274024 68218830 16513568 19635864 52346600 49466225 50773057 13453258 15282086 37513876 49849615 33737722 35933019 14282666 30736593 42637878 32277870 27376095 1279 12739279 318936 19062 30062798 785647 95882 38368309 32661085 16890943 36637158 12139392 57403678 16513036 3616 6563062 51033647 4304577 16446087 10423272 21401443 34079523 15940073 29175030 49054859 64223815 15148385 52811981 28600 1241571 33501295 43799913 20811498 7275 167451 8023848
120 6439
121 18727430 19624856 559241 23418636 18799337 6886479 23597619 5979222 11269496 12891586 7862131 6971358 19676862 9024999 14655319 18420081 18603128 52449121 10667475 8371427 6140500 8757682 13220084 18036600 33217169 10545129 1666499 10051186 22108446 13218420 23032497 808261 306291 90323190 9152133 4589111 13320095 1588555 291951 167937 5940718 87564111 37254832 1443015 54218032 17667940 11283939 30987072 19345111 21782002 8960075 861537 33237563 7205237 16317357 21448929 202651 20844846 9061293 11811745 5009612 17252918 9712143 7525559 9498128 23444840 5890082 14300400 4865157 4610057 80588489 2347604 13151887 40700944 67635883 21127043 667765 27469 301480 586 17484306 9093006 48369111 21380046 328898 11700343 1262507 56702991 8023848 8916647
122 73993
123 62655504 8749407 881282 58071058 6631844 70272430 2282842 13748715 17704462 23219128 43791433 118 38905640 29428419 33078588 2699897 90323190 26298840 14666164 8727 5940718 11283939 7773 11679652 32875578 20299403 12739279 46712 39649599 280144 298621 73993 67635883 1018417 5049627 75816042 347212 11235 16812541 168111 15940073 4573103 29354345 25844922
124 10610786 491722 118588 16194302 3346 8783400 1934227 8710 903318 5027158 23304496 119331 15078052 95143256 20587615 6237 56866769 4796057 129412 1192131 19921 304925 137760 4377 40180261 6508 8770 15282086 59345 29287308 78218 17395313 41101320 979 8370895 10764581 1267 8258 14771 242652 57403678 3640181 364520 29265 21985 144592 27519 5545709 9974975 30187757 28757270 700 55 106119 19170454 28600 4499676 15285908 18466 77639 7270 167451
125 19635864 66224762 42844031 57403678 5049627 12996
126 62830729 31626313 35933019 25205856 40700944
127 176
128 56905 12065 3809586 6263996 250 5027158 800272 9199 2989 4796057 456237 304925 2091411 89023 45941918 15282086 121093 12139392 6563062 4304577 151000 22229 96759519 9063838 456 167451
129 74249779 36964584 491722 51232997 41508315 343678 12065 9953916 53289240 8715 15108509 250 5027158 18424378 23219128 43444 35830923 17308995 935223 9199 22108446 30698831 14830562 4796057 13559341 7212715 39545549 7069847 28222382 2368321 68471567 35502680 54530077 45620084 2091411 12908334 27570362 6683387 20093069 18467185 13453258 14076224 15282086 35933019 72357221 97502515 26680240 13182406 89 12760794 8179236 39649599 9712143 10429985 63 25850251 23109295 32253937 12139392 315 39080 57403678 6563062 13654854 4304577 151000 96759519 43149268 9063838 9974975 2250034 50332727 2052322 4409099 78329885 15940073 10647262 39236499 8187184 15148385 211984 51106511 18100582 13827627 4522954
130 1406232 250 56866769 35502680 2091411 89023 8258 57403678 6563062 16446087 9974975 4804
131 23637723
132 22713668 12338650 18424378 26323878 134428 17774145 18274024 16513568 19345111 19635864 13453258 15282086 14282666 16890943 12139392 16513036 9949414 16446087 9974975 15940073 96175 2804 15148385 20811498
133 22713668 46891492 5049627
134 5979222 12065 8715 250 5027158 336519 9199 291951 129412 87564111 456237 304925 137760 4551 28446 315 466815 22229 2052322 257857 4804
135 33964345
136 559241 3437299 4513524 22742053 8715 126076 24453447 1235453 291951 129412 1298562 36792562 29990678 304925 89023 137760 22863515 16746208 4551 39341587 12770790 17647533 774889
137 847100 26674344 8443785 12973072 6576 343678 8715 2285938 359911 7099672 30401645 26326157 886606 2368321 357873 30007037 30608038 37197274 35169624 21019432 3929260 417060 32253937 315 1928975 19020508 422149 2052322 4409099 733752 39236499 24454411 211984 1099616 70937 167451
138 39407
139 6533478
140 33769033 52557389 1568
141 77319 17745174
142 8086092 1568 9226 9441985
143 3090834 68263002 22713668 78682645 215422 79419972 18007290 3095073 4070797 71741545 76088560 41199309 36370675 35933019 43234662 28177709 2096952 5037 10764581 41178127 57403678 73982897 33241 96759519 647 34914911 5049627 34196141 250531 64223815 8641753 2902 177150
144 22713668 8443785 35689279 34298922 343678 1041468 71301073 176 33769033 79441227 84204021 67245941 17774145 5266477 2545325 14650304 8973338 19635864 606161 77988045 6683387 13453258 14282666 13741576 302937 47897949 23109295 14300400 82339873 96759519 55533849 4772 55476622 34914911 4213422 4409099 18379091 12996 38369814 29175030 39236499 30181883 43799913 20811498 4522954
145 22713668 56905 8443785 6971358 12065 1595715 9284243 528364 36595078 112338 33217169 41610263 14088470 4980 886606 19176419 25933431 28446 47897949 31748908 95882 12139392 6100713 4705489 4304577 3737019 8671041 11484606 1928975 27797776 4409099 9963715 51987798 10386956 23238377 19015789 167451 8023848 16202769
146 40388305
147 7862131 343678 1041468 1099548 176 454825 6002 8715 1406232 250 12338650 5027158 9199 432070 4909 27971192 4796057 2478142 304925 60 10819 6683387 13453258 1392397 15282086 79568 35933019 2846583 3676 12760794 2591 2341720 8258 12139392 4304577 14586 774889 7419 9063838 9974975 55476622 37948240 4504 4409099 733752 50621 8187184 592412 211984 4522954
148 1225 57131 16304557 1240418 2039778 57837 22108446 8045 220699 46391596 7916859 74457752 84299 14076224 19552815 23702661 19020508 22413328 5027532 7393 18493580 2880980
149 343678 33130354 176 33769033 2368321 24632 1140233 1928975 835540 4409099 198336 27433357 4522954
150 51073679 59753465 36792562 27260779 28761941
151 33538623
152 69347 8045 2322224 886606 2368321 25652728 1244 4504 40529013 704617
153 4203136 343678 176 2478142 52346600 2108398 735 10829597 4409099 211984 4522954
154 8443785 176 11768663 5600 16354 32242900 2322224 886606 2368321 45764 12160356 19552815 43517580 1928975
155 72508816 343678 19676862 3809586 6263996 1041468 5027158 28421789 15186132 4796057 39545549 47462424 42107833 6683387 14076224 35933019 17901362 23109295 6563062 96759519 9974975 733752 17031252 22413328 5027532 16172596 17153018 17975248 4522954
156 54050956 6673 20458507 1928975 22055
157 11548 34994684 43214886 4909 35277521
158 213744 18054893 995173 2368321 32140813 1928975
159 42098480 74099769 7032429 41101320 57403678 25888180 8940244
160 231210
161 34168040 12065 250 20218518 4796057 89023 1850339 9974975 29573241 13815618 225666
162 22713668 1713295 3437299 3809586 46861238 4235146 9284243 16330638 12338650 29197102 4796057 167937 40243513 169332 16513568 505 74457752 13453258 15282086 19552815 14282666 89 11072550 45912936 63 57403678 34100726 6563062 64526004 96759519 9063838 16446087 9974975 8319750 63817704 42610162 15940073 76709587 25263212 64223815
163 12906 210 68229174 45912936 551325 38621951 25263212
164 9429785 22713668 3809586 1041468 1099548 8715 250 12338650 18424378 49510 95143256 33078588 4796057 3796 291951 145499 18274024 2478142 54530077 304925 2091411 16513568 89023 86810 13453258 72357221 46265914 28446 49819226 8258 12139392 315 57403678 16513036 12969918 6563062 82339873 4304577 151000 22229 16122499 9063838 40923474 700 15940073 3961281 29175030 15148385 28600 20811498
165 60115661 22713668 3155 343678 6263996 9284243 118 6516 3796 2091411 218 6683387 41245103 97502515 23109295 69745756 315 82339873 5303 14586 96759519 6682 744205 4409099 29175030 12545 12390 4522954
166 3437299 343678 12065 3809586 4513524 1041468 9953916 66115189 42533142 250 5027158 33217169 17774145 4796057 456237 304925 89023 19635864 2267962 6683387 52346600 1392397 35933019 41245103 72357221 52066671 2846583 7304400 9498128 22057983 32661085 16890943 8258 16513036 4304577 151000 11445015 91338289 19853486 96759519 300322 9974975 46674907 283124 55476622 744205 2052322 4409099 733752 50621 80900341 53539 15148385 211984 26363764 16460911 4522954
167 58071058 559241 56905 3809586 6263996 1860505 9284243 5027158 432070 16527765 291951 129412 456237 89023 78388911 908882 35933019 41450004 2341720 8258 12139392 151000 22229 96759519 10450 2063666 12996 63405124 25216905 19418369
168 213744 99999 495099 5532 666494 9284243 6002 8710 173796 402985 536 27010 6904 9199 145499 2701 1201915 35683765 7773 908500 658549 6673 5058831 15814586 3676 78218 258245 785647 675567 12139392 31873 399528 3806 229108 9974975 1082 82719 49007 22130230 12996 55 12998675 448 33501295 4804 50800627 30575508 17569185
169 10610786 17328980 5979222 11269496 3437299 12065 4513524 14655319 9953916 67123207 17151750 250 10667475 6970476 18424378 686507 17308995 9199 224571 56866769 9152133 291951 456237 19635864 13453258 15282086 72357221 14282666 17970496 55378623 9498128 9708217 17901362 12139392 315 7829072 16513036 14300400 8710148 20868929 3648666 16446087 9974975 10249245 2258789 11141453 17690902 18379091 15940073 9093006 2907090 7223788 15148385 18100582 10091833 41757
170 86096672
171 4042
172 23285103
173 1047611 49367760
174 9257275
175 3346 34203973 40520383 630211 39395815 496248 5037 1215239 248268
176 72048 45672279 6682 32140813 74286 12545
177 23537466 44781847 29846359 32114286 28086630 35623118 45743656 19899031 23180464 22866546 17219 58447 35157161 22942343 30360552 31547740 4425938 24299135 448 25678227 9272686 15414754
178 564436
179 21596037
180 15510381 48369111
181 448
182 1215239
183 15956248
184 53688 448
185 44366611 56978134 30576005 51048597 64980878 60140141 58798248 42162154 42298694 34520223 54683761 35807199 43001537 42860499 11204681 52630202 22222333 34229261 41859371 27532693
186 58071058 56905 250 995173 7212715 24632 41876 89023 49429736 30407434 9041277 716722 8258 50621 3702487
187 44053412 55837663 46478866 51073679 10487647 27832286 42871782 18799337 118588 46553394 6444784 44656690 1814814 1413164 23141788 14655319 6615 35570355 68518743 9284243 36167973 33608666 79441227 27985352 31820675 21600481 40546001 12338650 26501767 12754909 32375815 56 95143256 61743479 25451458 29197102 15482787 21391600 43901086 17328604 38584026 20979746 9681358 45688121 30698831 17526546 26515433 79553695 43350645 23245066 1192131 31780673 4163 37254832 28 15500392 57311413 44241745 49466225 34153828 41004550 11007530 13453258 2389183 31352326 79858366 59345 35933019 18888942 14282666 52066671 11896113 10890802 33970195 23053131 46796436 9041277 47029734 31461843 14837503 17252918 13365530 716722 65653033 23337480 2128244 2974 41178127 40709983 6838615 22942343 41226912 6100713 41161680 3967885 56926808 46371384 46257990 86442480 82339873 3806 43462544 50371204 36621560 4945681 34244008 49248162 12555211 25674481 16446087 36169786 711 22222639 62067277 19020508 16285728 35372 33276697 28108165 31801539 1216799 21937875 9528501 26599838 10693037 23402051 49266632 41859371 29231851 15940073 29175030 39236499 18694853 35277521 14677910 8623907 31081152 48369111 21380046 33628480 94679282 25874884 39949065 7223788 26170520 15148385 15106510 34300760 43251403 16172596 56677 35712861 1262507 71718434 9471494 7393 16460911 45960892 13142894 52361900 38182092 38567986 44848088 1019652
188 83256656 11768663 29058619
189 44016343 71301073 43416763 250 44856739 74096166 13464 20487202 5545709 45765240 40368555
190 842
191 847100 17328980 12191315 7862131 6971358 19676862 3809586 14655319 6615 16865825 9953916 19935551 9284243 6631844 18420081 1934227 79441227 17151750 6970476 4777868 42098480 402985 5027158 13220084 18424378 18036600 59694249 21785703 17308995 17307892 22108446 2225587 56866769 9152133 11340148 18120909 4796057 61267761 7279118 30067066 16318499 54530077 304925 16513568 37876349 86810 52346600 16317357 13453258 36370675 15282086 2786175 97386 72357221 14282666 11896113 15152413 9061293 1037818 13741576 17970496 21596037 28446 57640721 16030974 21550832 15704360 39649599 9498128 9708217 17901362 12139392 57403678 16513036 23444840 1136859 34100726 14300400 6563062 8710148 82339873 4304577 151000 1159695 28644587 9063838 16446087 17733403 1336442 10249245 11484606 2258789 11141453 16285728 17690902 2250034 21937875 47502153 18379091 60540672 733752 8598 4291887 15940073 3961281 29175030 9093006 14677910 8623907 73335938 15069581 2475205 56702991 71718434 14497873 16460911 11732655 60068246 167451 8023848 10672315 11183766
192 22713668 78003054 3809586 6263996 22742053 26326157 6683387 35933019 23109295 4304577 96759519 25674481 15940073 29740014 22736114
193 74249779 56905 41508315 33054001 5979222 41393236 8163 3437299 4513524 299 1041468 2039778 8710 8715 250 44201123 44856739 23219128 53818184 54374624 35171086 1731164 36286292 1235453 291951 14666164 129412 43350645 26326157 482095 39545549 56536734 51178669 16675391 30608038 3772759 18888942 46265914 81854494 42637878 8340830 315 1136859 231210 64414001 9589016 42527329 151000 22229 60836770 25674481 4326 5049627 29640359 60540672 33091449 3961281 39236499 9072377 250531 56702991 57466174 4804 60068246 167451 379354 13226821 56210743 41757
194 36787545 3809586 1041468 12338650 4796057 12139392 4304577 87396564
195 56905 41508315 35146598 52256562 8042150 17912464 31199281 38738867 40142391 250 44201123 23219128 38905640 46053087 77014238 36286292 14666164 16011437 38331877 39545549 5940718 56536734 39073572 45620084 12908334 30987072 31626313 19299805 19552815 17228 11721 18177206 56369996 45502151 85857911 6834595 64414001 75348244 42527329 53964031 38028740 67635883 1244 25207919 42113600 60540672 16926734 9893 39236499 1880 52953846 289753 24454411 18750533 37777824 127909 43896571
196 3809586 42956080 6563062 4304577 28757270 257857 27089831 48369111 22759939 33780182 40368555 26874021
197 33193098 56866769 7279118 72357221 91338289 71718434
198 559241 5979222 11269496 4513524 32593073 1235453 291951 129412 7392748 137760 4551
199 36964584 993380 37839550 30608038 10379506 280144 15855891 57321641 69673307 11393773 27797776 20420 3312971 37777824
200 3809586 153493 5027158 25451458 4796057 21435992 59947178 16513036 82339873 4409099 29175030
201 24263942 86096672 6263996 1041468 695452 6469830 49069650 64980878 19099601 57989123 456237 68218830 304925 12031368 52346600 49849615 97502515 25380626 37452769 12139392 315 4738229 4705489 23917748 96759519 5049627 4409099 20342578 12996 733752 29179441 35691604 9999939 12314782 39482285 177150
202 26674344 35146598 6631844 9622446 44856739 49098896 52557389 27038667 21391600 37566234 12388891 20979746 9152133 18120909 2089898 71428278 63976979 71741545 21197560 34096377 36370675 6697908 42637878 9708217 17901362 32296231 33787257 4806950 27812132 10249245 30609426 17647605 18379091 78329885 27089831 7223788 26363764
203 29440084 343678 12065 3809586 6263996 9284243 16652013 16292535 5027158 18424378 81392842 9199 7631200 4796057 304925 2091411 16513568 89023 15282086 72357221 8258 6563062 22229 39243732 96759519 16446087 733752 33337763 167451
204 15291213 36464432 2786175 1850339 15152413 1680 1267 52296876 1502457 69183226
205 164562 8163 343678 12065 6263996 1041468 9284243 10571 8715 5027158 18424378 33938434 17308995 43901086 17774145 3249 39545549 18274024 456237 304925 2091411 26 31706120 16513568 89023 4377 34520223 6683387 72866026 15282086 1345372 72357221 57607828 320379 8158519 315 16513036 6563062 79042454 22229 96759519 87396564 31022965 388697 2052322 4409099 12996 733752 15940073 211984 51106511 4804 12390 7275 167451 4522954
206 3695188 20838284 1100445 8134662 2712784 20458507 1789208 42647890 70075508 31022965 42102531 11651504 58770059 11276274 2159595
207 71477 6886479 9274737 6444784 45228 6263996 1041468 14825296 9284243 29257408 817 559 167937 456237 304925 86810 6697908 6118982 30072557 25758 3929260 1109667 6219601 8671041 10923560 30541871 4881754 12996 733752 20536582 211984 41452622 5772000
208 60756875 43870 54300548 22713668 15291213 6886479 23597619 8163 7862131 12973072 1814814 343678 6971358 19676862 14655319 6615 176 16865825 9953916 695452 18420081 8715 16482083 44856739 6140500 52557389 359911 37559 439285 12883846 10051186 9199 56866769 74682016 87564111 14650304 18274024 48592127 54218032 54530077 31706120 19635864 6683387 46891492 34096377 16317357 957689 42310533 6522110 72357221 14282666 3676 15152413 97502515 46265914 1441133 17970496 21596037 16030974 17252918 16543 34662672 16890943 12139392 315 57403678 16513036 18249708 34100726 8710148 70075508 16446087 2258789 56385830 27776351 4213422 2052322 253502 21937875 4409099 257857 60540672 12996 17031252 17426650 87788 296187 15940073 29175030 250531 14677910 8630201 73335938 7223788 15148385 16172596 17153018 11732655 30207189 8023848
209 17444552 13100788 6522110
210 22713668 2251146 8042150 77014238 17774145 18274024 16513568 13453258 15282086 14282666 1680 16890943 16513036 82339873 16446087 42113600 15940073 1513304 28600 20811498
211 18216089 17328980 5724948 21600481 17151750 2137961 19708991 18598879 158 23032497 18222907 21168682 19345111 1345372 26680240 19549499 17901362 23361078 20972439 19252184 22222639 21937875 22413328 14677910 16460911
212 26625961 265492 22713668 8086092 43416763 12338650 62383216 26323878 23300234 18513738 82701351 37049726 17774145 25604655 15579262 18274024 25798097 16675391 16513568 16864555 21782002 19635864 2635139 13453258 14282666 21251 28177709 1142099 67940544 81854494 302937 19062 5037 71374161 8945 29318096 3761276 27395812 16890943 42844031 6449 59947178 57403678 16513036 2322270 82339873 45818668 40680 100793583 27122967 15940073 29175030 250531 27089831 21380046 15148385 64834011 26462130 20811498 26874021 4212941
213 16330638 250 12338650 23433303 17774145 4796057 16675391 16513568 89023 13453258 15282086 17228 4137 1109667 16890943 8258 12139392 16513036 6563062 3806 151000 22229 9063838 16446087 9974975 940 15940073 15148385 20811498
214 1978743 5033594 13094124 800272 40517430 29643763 1310957 17774145 267352 70479116 16513568 20894983 6508 54185399 31163811 670335 18177206 5458184 121093 20458507 15855891 12251243 50522422 1136859 52296876 2250034 4728516 16926734 11881588
215 20979746 145717 702839 12908334 4137 57403678 55476622
216 30576005 837 37513876 20716903 52888254 25678227 38000521
217 36787545 343678 59482283 20979746 30698831 57607828 25205856 26680240 121093 23109295 14586 211984
218 47102390 6002 11007530 78218 57403678 44138037
219 792 145499 302937 41101320 57403678 532520
220 44016343 27184573 9429785 35146598 396 9510110 9284243 53289240 924736 21600481 33993855 598398 634552 23219128 7860432 43882751 34229553 7099672 158 20864291 33078588 20979746 4796057 14666164 74099769 1192131 5940718 6498004 28222382 85933541 23941010 304925 2091411 47823180 16513568 342730 19635864 27570362 5067644 34096377 32875578 87875 15282086 6522110 1302272 14282666 57607828 16289816 29287308 11267393 125323 11750210 37468657 52298374 34662672 43517580 12139392 182896 417893 57403678 16513036 6563062 4304577 11770 19853486 24086381 25674481 300322 16446087 32140813 45744346 20176100 10601085 12996 18527031 37743822 29354345 53539 28600 18134846 33780182 16460911 20811498 7995 30266386
221 38813428 16292535 29428419 90973635 304925 16513568 173672 15940073 8642285 17007375
222 48758 162220 426853 262283 54218032 21782002 2786175 27812132 22413328 21380046 3504641 328898 20894
223 23418636 18799337 51232997 33054001 23597619 19676862 5724948 14655319 6615 16865825 10549323 19935551 59482283 1566246 6631844 24942291 42800749 21600481 6970476 4777868 19708991 13220084 35142949 15186132 33874468 86662767 15482787 21391600 35239016 18865409 45036912 30207899 25011743 7472851 14088470 26284064 19176402 37254832 17244412 30238125 61267761 23941010 16318499 21168682 17335976 19176419 21782002 37876349 49114778 32603038 21435877 7205237 17134557 34096377 16317357 23693861 19822723 3213109 15152413 11811745 19549499 21596037 57640721 16030974 39981749 14855881 21550832 13365530 15704360 17901362 32253937 7023920 7251550 23444840 94677523 34100726 98920964 23361078 18330624 75348244 12695905 45865615 10572734 25674481 15364680 19020508 27776351 16285728 21127043 50332727 9349898 6353146 17031252 22413328 17016468 14677910 21380046 15069581 64834011 16172596 17153018 70937 18100582 11183766
224 5979222 12065 6600875 28044924 666494 18537646 1463379 8715 9513094 903318 77369 924736 634552 21245022 1238135 1033477 818 808261 1204209 7631200 167937 1296783 54335 88084325 1072746 40076537 304925 4489583 20211885 733293 674759 4059 649286 622678 342315 746259 55212627 31776878 494519 12548728 13080565 32090440 4042 23349067 6778441 93269473 252099 693642 915104 12139392 995779 7597912 4176009 23675529 65395967 21197636 10923560 1100235 171768 1308481 135 835540 12996 733752 3312971 55 28161 12540912 11700343 625262 18431024 33501295 4804 167451 7877668
225 12703 36787545 62830729 34500448 598398 44856739 28551727 1393 16011437 4070797 75728596 10379506 37154532 9117 26260 49054859
226 18727430 22713668 4203136 26674344 18799337 23597619 5804392 72188644 3346 6615 9953916 19935551 59482283 18420081 18603128 6970476 4777868 23637723 19708991 40520383 27059963 61195360 15186132 60556804 9199 23032497 20979746 30698831 64826803 74682016 932 17244412 21782002 19635864 7205237 16317357 13453258 23774183 6697908 14282666 25205856 15152413 10890802 18352107 11811745 1037818 29287308 16030974 6118982 9113990 17901362 33538623 315 23444840 7239664 23361078 27098092 8640579 49367760 9974975 20169232 16285728 17690902 21127043 9591750 422149 9349898 6353146 20342578 17031252 22413328 17016468 39236499 14677910 27089831 35068738 21380046 34300760 40575907 16172596 17153018 18100582 30767675
227 33468739 20430641 124629 23053131 318936 40417895 38368309 25888180 287228 35531415 37739473 28129783 59566449
228 24680099 16292535 35502680 6098313 32277870 55533849 50800627
229 119468 299 74100 68800696 39581336 24266220 17916162 1194300 320379 14866310 51522845 12139392 34244008 17690902 16493067 1229601 11276274 15285908 31288006
230 40493 24680099 40633321 13100788 6208990 98426 5535929 22863515 46891492 1850339 305473 38621951 35778863 2315987 5600495 25844922
231 396 807 6519 7212715 20487202 24266186 29287308 662242 39080 940 2475205
232 12065 74224 825518 5613734 7184198 21755622 57607828 315 16501267 28829017 11147079
233 55837663 23418636 2869 23972239 32160614 47102390 21600481 44856739 8757682 28836942 60556804 30192714 20218518 1666499 37566234 74115391 26326157 14114 61267761 7279118 21861092 65794719 56510274 79858366 550003 11811745 20673928 34959094 59947178 18249708 17209529 466815 45865615 49682810 16501267 25674481 5026154 10249245 96237316 25951817 34779149 422149 21937875 18379091 70825162 17016468 27122967 18100582 10091833 16460911 176659 30207189 18493580 13226821 27771 39941674
234 5315 56905 3809586 12338650 2700573 18424378 57089698 30386915 29850167 17774145 5811 4796057 18274024 16513568 89023 19635864 15282086 5009612 716722 8258 12139392 16513036 7239664 4304577 1502457 151000 22229 3737019 71533306 9063838 16446087 15940073 15148385 17975248 20811498
235 912 28582356 24341507
236 382621 33608666 6375232 17924046 3682358 24266186 33970195 6118982 38368309 69673307 31919605 1502457 466815 16501267 44229922 57026368 422149 19703812 26880133 46491880 31598870
237 559241 5979222 11269496 3437299 4513524 215422 1235453 291951 129412 32872901 137760 4551
238 60115661 835782 24680099 32130857 17975248
239 8029405 6508 23774183 52066671 13151887 7995
240 6594530
241 9284243 56866769 32603038 56926808
242 40296147 41508315 31524350 52256562 2039778 6382 79419972 15255591 18797701 56 23300234 86662767 134428 12388891 35171086 22108446 51221821 750290 46391596 18120909 28589616 43350645 26326157 87564111 60153677 2898741 21435877 25597480 87875 55517 60770319 13510895 15152413 10890802 26071073 42637878 320379 37468657 302937 19062 71374161 10764581 6449 32296231 1136859 18330624 33787257 27812132 49682810 27683540 168932 50950293 40680 4285598 27469 60540672 250531 17849601 60068246 176659 1019652
243 16986287
244 86662767 6375232 76829410 31801539 78329885
245 16078 23537466 34034740 45595714 42154384 72508816 17063718 65010959 23062430 166150 32286993 44054326 42871782 3695188 26062647 68895020 25349116 30941724 4227149 17557916 29440084 2251146 29846359 12244467 19274133 6600875 26983334 50308473 16460028 419338 27375897 50554618 69347 26419239 15898 2507847 3484351 4235146 45244683 44554509 35129091 36167973 14395935 39930420 77369 31579712 15255591 65860 8722610 22277933 26585110 39144813 39111205 2734715 13133263 49069650 55623462 27794994 30490486 28878216 23820213 119331 18007290 31746 42666155 7807171 22561332 197263 21396707 6516 89493 405808 6533478 3765873 9087170 39791096 28086630 20149392 7921086 63012928 65647630 74653596 27922438 34625296 31128331 31234561 437779 48593 35623118 34732382 33353770 48512305 40150367 4357 22067335 145717 111484 207831 7076725 34677924 33733027 49906253 7327440 49580563 24834794 45743656 30656667 43248954 34802894 1711 70596213 37839550 5319899 339767 7392748 41821149 52209464 19899031 8901773 3166004 23180464 27770786 10851040 45739071 84875607 297836 2237 19342584 11571896 57989123 26384847 19436432 23390361 4861245 35502680 28694275 6791647 19290941 1896434 5858244 23243883 31541440 25554967 22866546 154239 49388814 3948856 42152392 4070797 34520223 30008385 16454699 2194310 12031368 68229174 30277672 4894832 17219 34491673 19590548 26170853 31974549 31352326 79 4071536 23471538 1850339 31776878 72043081 26551941 38815615 559362 18471626 2096952 4121067 10213003 3450 3459 13201216 27315475 33504814 67359347 28468381 11072550 25901021 2591 37452769 58447 53098616 40800148 65653033 15502770 66621324 23337480 86252957 30412346 65662695 71065 2974 1680 35822397 46570421 7939029 13883743 19546487 84875903 7877382 49423435 41161680 8250124 1762908 11204681 3967885 29435908 46371384 36318299 52432 38176016 135285 31778585 38121615 30360552 23675529 53474 31051063 38119975 33709813 41781422 116318 23830580 34976879 29544671 29103840 17745174 17333988 11445015 18020037 62580435 45441631 7419 14631481 54365244 30371336 16297716 30712025 44345464 22222333 4974045 8949479 31547740 30957440 10450 28846625 29573241 26438876 52230489 2211058 4717720 50801759 40895450 36017401 17309915 34229261 29468395 40835481 14818302 28108165 75149440 4504 40529013 24299135 49007 41658003 135 31177966 5277 28757270 4071361 32228890 8207 6359270 40103104 126529 49266632 27019642 9257275 68419964 30487105 8187184 11250256 35061290 14212147 18068415 29843454 43776215 6200377 17849601 39751189 8582203 9040641 798041 30318830 174245 33337763 12568711 81294248 6732888 17063707 25678227 56677 39488246 28761941 34245535 19716522 45960892 15199107 20954489 18506757 17007375 17711662 38000521 31545235
246 10055384 38496818
247 50189302 166150 44054326 6968868 64980878 74005614 60140141 71471665 64915591 28560020 10933209 98093993 3166004 68218830 55212627 52558528 38621951 52630202 39243732 55533849 70075508 29573241 10537686 11250256 49054859 16986287 30207189 37739473 22781583
248 46263775
249 31333866 94357549 64915591 43248954 2089898 98093993 13883743 16986287 56785962 25333870
250 24263942 23537466 28528027 45595714 50189302 72508816 65010959 36787545 166150 54300548 32286993 68263002 37190761 4203136 26062647 47618171 68895020 36785025 69676367 62830729 25349116 20003922 44986529 39080597 44781847 17557916 72188644 36959733 20865272 31524350 29440084 29846359 12244467 19274133 28845160 50308473 46861238 43606005 36621546 32142165 65863347 24230705 23141788 26419239 98331381 15898 42833189 61040032 35570355 68518743 10571 63273 16347673 45244683 79419972 44554509 36167973 11203119 24943107 53289240 77369 31579712 30576005 34493752 42800749 31333866 70034991 8722610 35807148 34503535 32178321 22277933 32114286 52449121 34072502 39144813 35632477 35762179 39111205 23637723 23304496 13133263 49098896 52557389 20838284 32375815 23219128 49069650 55623462 33938434 30490486 28878216 23820213 36859750 18007290 32169030 56131042 32767736 31746 22561332 59620308 69577769 28658784 21396707 89493 95143256 6968868 25451458 42386009 60556804 94357549 3765873 32593073 42440233 64980878 33874468 83477289 33050964 28086630 7921086 29428419 52471715 25749497 63012928 65647630 43901086 74653596 38584026 27922438 24532152 30464713 18496184 31128331 56474440 31234561 60140141 437779 48593 35623118 54384231 33078588 6726778 31886247 33353770 69580110 48512305 29509030 51221821 30207899 37866919 22067335 90323190 26006257 33575883 34677924 52026163 33733027 25740422 49580563 12087360 24834794 26284064 45743656 46105176 73940012 27737110 43248954 34802894 28560020 79553695 10933209 46789042 31872836 70596213 5319899 23245066 58798248 339767 41821149 14114 88084325 32939817 13212026 29937606 28542288 98093993 87564111 48864 80746593 23180464 27770786 1273675 45739071 29868090 84875607 19342584 27045802 11571896 57989123 25008403 26567649 30238125 23390361 40243513 28694275 19290941 8380 28 69273673 30067066 12994512 23941010 68218830 5858244 23243883 32149661 47823180 42956080 31541440 31706120 25554967 22866546 12908334 49388814 342730 35806378 25687174 31680290 35887784 32258596 30008385 9812 30192213 16454699 30558759 72985232 22189585 12031368 68229174 36586077 44241745 30277672 77988045 71741545 23639186 4894832 2736916 49684431 74457752 46891492 34491673 34096377 25597480 26170853 23693861 42981815 41004550 48067211 78388911 37455681 36373270 54683761 21138656 83935640 17964514 37513876 49849615 33737722 23208414 16758516 32358583 35169624 41450004 12031704 72043081 52558528 57607828 38815615 43001537 27179774 24359499 18471626 23053131 58840684 86218441 65539312 27315475 26046814 25380626 51544 46796436 24199206 19308134 20650061 67359347 41554252 28468381 32277870 47029734 57640721 35807216 38939644 11072550 25901021 39981749 42860499 47706515 30527644 18403220 15230192 56870427 37452769 20744542 41616797 53098616 33460301 40800148 20458507 1566053 65653033 15502770 66621324 35323770 23337480 38368309 86252957 22057983 30412346 84786334 66005564 41185226 65662695 35453503 27260779 35157161 69565480 35822397 46570421 40709983 156922 36508769 22942343 33538623 89301866 43517580 20548570 19546487 84875903 417893 49423435 34230886 6100713 41161680 25362950 36831577 29435908 46371384 36318299 49690338 38176016 3346832 34100726 30496554 16775977 44968251 67991642 38121615 10696240 254556 30360552 28429027 36248953 53474 86442480 31051063 48455539 55157869 72831913 38119975 68519692 33709813 41781422 79042454 40500796 16348810 64526004 35744422 86224065 23830580 34976879 43462544 23917748 29544671 29103840 42903168 52630202 43052530 144592 40378285 43165524 41331435 17333988 39243732 11445015 74938476 55533849 62580435 51675727 18954214 48689387 41126705 45844365 11992392 45441631 45491419 29690610 26182243 54365244 30371336 16297716 30712025 22222333 25042331 57526182 34689126 8949479 31547740 30957440 28846625 29573241 4425938 36959483 40323694 42025607 52230489 2211058 67635883 40923474 40895450 39786388 20169232 49056314 68389 27776351 35372 17309915 29468395 40835481 33276697 28108165 34232566 27041765 43208313 75149440 31215746 40529013 24299135 43853415 49007 22130230 41658003 44934832 38465 31177966 25207919 5277 25289420 35364891 77310972 52888254 30187757 10537686 32228890 10693037 31219902 40103104 33098150 36621543 23402051 6664902 38850079 49266632 40553536 29231851 27433357 656120 50215320 26517977 35806476 82476651 30487105 35277521 51888 11250256 82545064 8656724 35061290 17079934 29843454 43776215 69743495 25539801 76709587 35068738 36719060 20697 30498042 9040641 31093229 40485321 30318830 22736114 24117813 44881185 24036559 34777837 1392957 44057096 15106510 34300760 16986287 40575907 56785962 28938939 33923105 25678227 7688 70493648 39488246 35691604 4707 23917344 28761941 28490858 57466174 39734875 15327516 2251 15414754 30767675 72326580 34245535 26363764 45960892 47610596 21563141 15199107 20954489 37739473 52361900 24011636 27901440 51591442 22781583 56210743 27532693 18506757 16202769 13815618 17711662 38000521 30266386 25072924 34350462 31545235 4397 225666 25333870
251 13326719 36787545 20003922 44781847 19274133 1978743 44366611 53289240 13966840 28551727 84204021 27038667 55623462 21396707 6968868 74005614 32754081 64915591 28560020 58798248 98093993 11462611 68218830 26 702839 218 71741545 49466225 50773057 912 25901021 41616797 53098616 38368309 174209 27136800 52630202 11445015 2211058 34196141 10537686 128 22736114 25678227 9999939 20954489
252 27776351
253 62830729 33468739 6968868 32754081 71471665 64915591 33737722 32277870 34662672 38496818 26713492 49007 31275926 38369814 82476651 34300760 31319658
254 16793897 62814095 35689279 8287258 26277718 115818 70034991 33993855 23820213 57089698 21396707 74005614 29553287 9681358 13132537 29850167 49906253 98426 26298840 45743656 9575912 1717 37839550 5535929 5266477 47462424 37254832 11462611 26384847 169332 636 34883517 49114778 31776878 52066671 10022319 7826970 12191739 12739279 318936 13080565 25758 13365530 53098616 62511275 979 7525559 23349067 252099 19546487 17307447 3697623 5653745 38496818 55533849 9139729 2211058 10829597 10423272 21401443 351665 10052755 8952126 45757863 33501295 54034301 20954489 7995 13815618 59566449 18932386
255 46213929 12973072 43416763 23393188 46879722 79031 49782 282753 2545325 3906 40410129 28819922 74457752 46891492 17395313 17307447 35292550 45865615 17867030 20176100 18604167 26363764 43799913 26874021
256 51232997 43416763 6631844 365 16330638 44201123 52557389 235936 2699897 45764 342730 13510895 41245103 6044 97502515 71337789 26680240 25850251 4865157 41126705 1159695 11275287 11235 327201 4804 27195
257 326575 9953916 68169 9284243 28421789 53326850 74682016 72888939 60153677 19035 304925 634 72357221 33912731 64022603 51522845 1136859 33709813 80588489 40680 31219902 733752 21802 51880996 2794 1262507
258 104 6576 1413164 26585110 63068446 49782 14329 23245066 40857 470125 125323 135285 43462544 22222639 283124 49063005
259 56905 250 18424378 235936 17774145 4796057 18274024 19635864 53598282 8258 16513036 135285 22256401 151000 15148385 177150
260 18424378 4304577 151000
261 64543679 17774145 6219601
262 164562 49927887 7083500 52296876 48970972 6563062 55476622 50615080
263 491722 14091340 3809586 6631844 31333866 250 26483403 19708991 32159114 9199 2699897 29850167 52729281 3575502 16513568 16317357 14907924 41245103 97502515 71337789 37909759 716722 38744304 6563062 35043897 4304577 151000 2052322 9349898 5768235 3961281 27560235 31288006
264 19624856 9024999 63698 26277718 17914609 16748068 10420579 6140500 177359 83477289 17307892 38331877 23442230 60231660 34883517 30192213 19816263 34096377 37945275 42310533 9434304 1119 50916994 13849986 12739279 8158519 19370860 45491419 34689126 96237316 18952818 2052322 3312971 54034301 16460911
265 34543655 60308 54530077 35933019 41245103 24266186 1142099 97502515 71337789 8179236 42223439 63 315 52296876 43555917 56440793 50332727 4409099 733752 18867957 4522954
266 379354
267 6508 28600
268 12703 119468 8042150 5559502 24226428 27059963 6533478 30100379 16249321 1731164 47218327 28222382 90619244 1298562 76829410 60450 65697692 30007037 25687174 29463875 11766299 30378807 1441133 93587968 5411813 27059851 27519 18165672 4772 5545709 49007 50485628 106119 64223815 35838585 9267354 6732888 19418369 28199
269 68895020 15928920 18673327 17605931 224571 217354 35920062 924752 44968251 4109870 9257275 25216905 12090783 80410546 8916647
270 2600891 956375 29440084 8042150 68169 17444552 9622446 19770 17639 24536357 13100788 1713145 2068910 14114 3166004 51126635 46074 37348 30007037 2660106 23038 9230379 5520194 9234710 230761 28639294 30496554 28932606 32759 28757270 11929920 8641753 770675
271 10414636 638050 102762897 20299403 125323 167451 35982622
272 251 16513568 64526004 2806
273 19935551 22108446 33575883 220699 11081461 19299805 4198247 34662672 17901362 46674907 17031252 2434607
274 265492 34168048 56905 12065 250 12338650 18424378 48065 37049726 17774145 570121 17244412 2091411 16513568 89023 19635864 30192213 13453258 15282086 431171 21251 11896113 26071073 30378807 302937 258245 3761276 16890943 242817 8258 16513036 6563062 151000 22229 1923525 9063838 11275287 15940073 15148385 8758668 20811498 167451 12793259 34350462
275 19624856 22713668 3907773 37772091 16304557 1814814 23972239 9024999 5724948 24068084 22376519 18420081 31239753 28615597 26501767 18424378 23219128 12103207 8762382 56131042 49510 37893653 31281892 32159114 54374624 17307892 36286292 5811 17924046 20823552 3938162 27191034 1128090 27033745 46273093 49927887 39017441 67053840 11901474 44374876 1508481 1443015 3695863 19635864 1233932 22239054 19299805 4786422 21861092 17783332 32875578 5795793 33148745 6098313 3797402 20630105 6726847 13849986 11893487 183031 56369996 58447 41101320 8370895 7525559 280144 33794691 38121615 5653745 4127275 38496818 10802995 10094747 34162826 3648666 4177547 249720 54799175 32992653 35519113 599 19020508 11022992 41533144 14484262 42113600 38026787 33091449 18694853 704617 5541626 5027532 1513304 217795 18100582 2879547 12793259
276 32754081 89023
277 634552 41101320
278 71643565 167937 16446087 12996 168111
279 30490486
280 23418636 8287258 38813428 16865825 7530419 64543679 10444645 19224414 49927887 124041 36256527 55517 71374161 417060 49065210 5116 1140233 6912839 249720 283124 20007607 11665721 50621 25263212 13827627 186593
281 19624856 9024999 6140500 17307892 11283939 19816263 1850339 13849986 4610057
282 23294824 28582356 33538623 56440793 52630202 8207 27433357
283 17774145 5613734 19635864 12139392 6563062 11595241 9974975
284 56460902 4227149 38406828 5033594 41934068 28091444 250 29064821 35325859 58208 79553695 21435992 27045802 25118213 37439234 40180261 33148745 35807199 4071536 27282322 489 30736593 30378807 11721 68678 19062 716722 11308335 64526004 10572734 97572 28108165 5049627 40529013 6039 139704 47028954 36741597 47610596 728
285 33098150
286 7695834 1878 102878
287 34878090 35146598 36557224 33913959 7862131 22898541 12244467 38471780 16347673 30712365 47102390 31239753 65860 36498615 33468739 2700573 28836942 84204021 27038667 43882751 177359 42386009 30192714 74005614 21391600 49750294 33078588 28840853 71471665 25844518 28560020 7212715 37839550 40310626 30159897 3575502 48592127 7279118 45764 23442230 32479825 31680290 7205237 54185399 14282666 27376095 9622091 13080565 30062798 41616797 33288425 10764581 27395812 16890943 57321641 7829072 25362950 27136800 44968251 38496818 1502457 49248162 55533849 1893 29585566 168932 46634614 16063494 5049627 34129360 33098150 34499332 38369814 16926734 15940073 250531 181221 64223815 15148385 422238 12545 7821622 43666542 33501295 38567986 4932816 177150 20367021
288 60115661 21420159 81332 1860505 19770 16652013 20016730 81392842 112927 817 33651772 727675 1713145 17681404 58770829 40076537 16864555 18467185 89 160585 25752 18166759 52298374 13128117 15855891 12422460 126406 9146327 82339873 29618 55174679 21419601 29175030 9072377 16006187 217795 278071 7995
289 343678 51812807 4326 1018417 4409099 211984 4522954
290 56905 495099 43416763 250 12338650 18274024 89023 19635864 14282666 242652 16513036 6563062 82339873 4304577 9974975 74286 40575907 20811498
291 6982604 61977314
292 24036559
293 29064821 1829 1441133 3616 5704 70313
294 36787545 11269496 7530419 12338650 43882751 21391600 39581336 29349169 27 29554108 20868929 9949414 18330624 79042454 21985 16501267 30268768 58770059 35068738 34777837 9999939 18932386
295 1099548 27985352 605353 23402051
296 3090834 17914609 24943107 66404 20149392 7212715 516 36864554 4070797 12485220 30527644 47897949 29318096 69673307 16513036 31778585 229108 10601085 60540672 36361982 205842 30683033
297 32671120 7530419 250 49397637 303573 20430641 68616538 3095073 68218830 3584835 65794719 470125 17395313 1429820 9828 2295629 44671486 25207919 18762258 3504641 51024668 16202769
298 10610786 18799337 899315 30941724 38876134 845224 17912464 71643565 6615 2137961 64831419 12338650 43679688 18424378 8762382 10545129 23300234 84167947 36464432 12388891 82701351 29850167 17774145 8142578 70479116 32245912 4796057 1657754 25604655 2478142 60308 68471567 11901474 34643900 48592127 25798097 16513568 17335976 19635864 12160356 43187100 13453258 95913227 15282086 4623644 31163811 1751376 14282666 7173177 12548728 8179236 42223439 10429985 16890943 6219601 69745756 75104505 16513036 55387604 1136859 27823606 231210 4865157 82339873 92669427 1140233 10056699 49682810 10094747 78239825 16501267 32992653 16446087 44711076 9974975 13130832 6353146 4291887 15940073 31718304 18867957 12142 51987798 43011722 15148385 289753 8940244 56702991 20811498 180182
299 62830729 993380 374 4777868 61195360 112927 7392748 12908334 104224126 35933019 28177709 11999 10937415 9072377 1648 255728 25844922 474
300 847100 4203136 86096672 32671120 21420159 215422 118323 37144540 173796 54343520 27010 54050956 394084 3249 2675 1296783 3073135 145499 65697692 20093069 79 20673928 7608696 5520194 22942343 314136 6563062 9949414 33241 735 13321498 23872332 2087
301 44016343 51286771 20003922 3346 45228 8287258 9924118 64497138 71301073 43157549 51788541 33468739 46732729 21245022 40520383 33938434 18007290 16966189 71471665 13132537 56866769 64826803 17526546 29349169 28560020 482095 38331877 30159897 67053840 61267761 23442230 54530077 45620084 25798097 19816263 17580429 11267393 10022319 27376095 13080565 25752 41101320 7525559 79925455 14771 43410794 38496818 55533849 78239825 1893 40700944 45744346 4326 42311101 35524891 49007 34499332 38369814 180347 351665 31081152 29354345 45814513 52811981 28600 33780182 100889 31319658 379354 28199
302 258 530 6519 13463 65794719 59345 43639514 44671486 18466
303 9024999 17704462 29428419 77014238 74099769 8727 5940718 30838025 11283939 12908334 14727573 13849986 21550832 12969918 4610057 202773 700
304 14727573 4369 16446087 47502153 700
305 6563062 16446087
306 36557224
307 12891586 3796 14666164 2091411 6098313 95882 15855891 70154 50800627
308 495099 343678 1041468 12338650 634552 5027158 30291 119331 60556804 20979746 30698831 4796057 3796 2675 18274024 26919587 304925 2091411 16513568 861537 6683387 1503168 4059 842 15282086 14282666 57607828 1196354 16890943 12139392 7829072 16513036 6563062 466815 31965983 16446087 20716903 211984 40575907 4804 167451 4522954
309 74249779 41508315 2507847 227641 41838520 62383216 12754909 55623462 7211604 54050956 25997323 39545549 7069847 37254832 54530077 12908334 10213003 3761276 25850251 23109295 85857911 57403678 73982897 98920964 168932 34914911 2250034 50332727 38504341 8187184 63000663 60068246
310 26625961 8894387 43416763 20218518 18513738 42861506 62716068 140878 28589616 21693152 71428278 861537 16317357 20093069 3213109 15152413 19549499 6118982 302937 47897949 3761276 9498128 9708217 4738229 6563062 23631997 5502303 43052530 27812132 60836770 5026154 4213422 29691388 17031252 168111 9093006 250531
311 18424378 17774145 18274024 33538623 82339873
312 64831419 37893653 96229300 321562 39017441 34643900 3575502 32130857 70274295 20630105 92669427 19853486 5729843 32992653 11022992 72924755
313 638078 37190761 3155 98 12191315 9024999 32814569 1965 42692205 17070637 34203973 52449121 6140500 40784 27794994 49510 38265510 16755758 17307892 363625 90323190 2225587 1588555 30238125 60231660 4786422 19816263 34194019 14727573 26969221 12191739 13849986 58447 10379506 34662672 49690338 9226 29585566 17790982 948 26599838 50047572 14212147 64093 361107 18431024 278071 39422528
314 391 17639 23351349 24029 20823951 18274024 18467185 35933019 32090440 35778863 10056699 96759519 1923525 20187030 5049627 589 296187 11929920 19170454 4058873 1290856 177150
315 28836942
316 10487647 583030 1280474 451460 10549323 465965 546569 1017564 800398 416703 534185 445485 781776 914545 29553287 198510 944497 2089898 10447695 7916859 507875 859237 1072746 430837 525964 494519 70274295 11811745 18166759 508389 242817 8258 988584 70145638 1213365 416263 759640 1156889 767322 13251676 324680 787331 9591750 956809 498743 100793583 9349898 413946 14600522 52953846 1325510 583782 10566551 563289
317 4796057 13323 242817
318 15148385
319 5958701 10213003 3450 25888180
320 993380 31333866 28299696 431 750290 3095073 4509806 1136859 31563304 49377 61876673 84331 10537686 28829017 704617 907850 287228 6732888 2497
321 26625961 330632 62383216 5955221 2707751 18513738 145499 9514484 52639897 79568 42701440 1878 86252957 36508769 42844031 82339873 11445015 48689387 78239825 45818668 22130230 10537686 627761 24390680 8758668 12545 17569185 20367021
322 11768663 18424378 10916742 54374624 18673327 62716068 3796 19635864 65794719 20878405 17307447 10249245 10601085 77050362 7667106
323 223212 11548 28359905 110415 8749407 58071058 62830729 16955216 74224 2282842 64543679 13220084 48930 686507 30401645 56474440 16527765 4796057 1588555 11081461 100448870 90973635 68218830 16675391 2898741 11679652 20299403 11892043 5227 14392085 8179236 10764581 16890943 242817 8258 32253937 20868929 1159695 37945235 2063666 940 75816042 11235 168111 85469452 106119
324 881282 22713668 38813428 35735369 2039778 67123207 20531047 12338650 23300234 12388891 23032497 25844518 25798097 16513568 2898741 55517 4623644 10890802 35979824 33538623 1136859 29455669 9974975 22222639 2258789 700 38369814 7223788 205842 54034301 20811498 77639
325 374 3359 259 34229553 31968 86074505 64414001 800544 28829017 255728
326 28044924 24230705 330632 30291 1503168 842 662242 8134662 3961281
327 18727430 326575 12016 23418636 32657578 16304557 15108509 1227529 35142949 702865 74096166 6168 16966189 34543655 8782147 136837 51263136 9575912 60153677 31706120 357873 32871847 52346600 48067211 56510274 16746208 12938769 21019432 13741576 25752 40527789 38496818 57026368 32759 52953846 183732 12314782 36047276 69573177
328 16202769
329 98 41393236 16955216 32160614 2243570 16854438 52449121 32184410 24365819 64873726 118 53818184 37893653 16249321 45036912 67245941 90323190 145717 32245912 12906 31780673 34643900 7184198 27740784 4786422 33148745 70274295 10022319 86074505 30407434 66224762 5046338 280144 53494125 59947178 9146327 178400 298621 4445253 34314108 62580435 23770654 53964031 55476622 2063666 38026787 60540672 55031798 4573103 50615080
330 956375 56905 17875 296395 153493 227641 903318 17639 634552 800272 119331 30100379 622133 901460 1204143 570121 46391596 296614 267352 208357 1206152 89023 4377 558802 25003531 1142099 38621951 376600 22229 29500 21718 257857 675555 4804 28778720 167451 770675
331 62655504 62830729 374 22742053 28920624 10186 25451458 38905640 6943122 27971192 55442956 30108655 35323770 69673307 64526004 73993 40895450 74286 19703812 667765 20172268 25844922 17007375
332 60115661 550419 37938407 39974979
333 36964584 35608560 325 98093993 15502770 57403678 9226 50950293 6664902 128 17849601 25888180 2251
334 67003679 6444784 23568161 1336418 17605931 32245912 18274024 774316 708996 15282086 86172036 1336451 545951 8258 6219601 16513036 10664799 16446087 1336442 9974975 17865939 1403078 20811498
335 22713668 396 1666499 17774145 49580563 72614618 33148745 20630105 2795825 4304577 16446087 700
336 847100 32392112 23418636 37619033 6886479 1270244 10414636 7862131 126518 8042150 6971358 1160162 8086092 2417726 17533 2051 19935551 18420081 11203119 36498615 388 17151750 8371427 6970476 42098480 7560633 8757682 19708991 800658 12754909 61195360 536 359911 10545129 23300234 1666499 10051186 1336418 29509030 30207899 57210329 995173 51263136 28589616 35077504 11139813 167937 10245108 2241875 2089898 10447695 25604655 38331877 339767 1192131 6855763 42956080 31706120 21782002 32871847 8960075 558802 74457752 56510274 36370675 37513876 29039382 1751376 9061293 11811745 1037818 38558 17970496 1336451 12191739 37468657 33563899 17252918 160585 71374161 9712143 10429985 252099 10772024 29554108 7829072 36831577 23444840 15124663 7597912 14300400 8710148 1172152 20972439 429424 6073628 5502303 19252184 4139688 8671041 173672 9139729 1159695 1336442 10249245 11141453 34779149 4213422 21127043 31109769 28473842 36202321 80652199 29691388 11665721 34715495 18456518 10849071 11480580 1902673 50485628 9093006 14677910 2907090 14212147 595820 48369111 21380046 8957567 94679282 9040641 1229601 40485321 7821622 28938939 1099616 17153018 1241571 19716522 11732655 7270 8023848 10672315 13869355 11183766 38000521 4397 25333870 31598870
337 61990458 26277718 112338 54725864 41004550 61796404 20398520
338 110415 62830729 72188644 22742053 2051 388 49397637 1666499 46391596 3900734 27570362 60770319 75728596 16289816 86074505 14392085 55378623 71374161 10764581 79042454 43052530 45744346 50950293 55476622 69183226 11349 52920027 11235 79473592 25844922
339 388 2241875 1159695 1902673
340 51286771 23698921 14255416 70272430 23350293 11768663 42037 74096166 10775 18673327 23328006 29850167 124629 25997323 11278372 26384847 24551913 487457 17318405 19816263 42025435 35156109 66094010 23349067 242817 12422460 43259665 13321498 35519113 55193121 13251676 55174679 77434579 24931353 254328 4058873 25189146 28161 9471494 54034301 8641753 28941412 28199
341 45228 38876134 4534316 18797701 57873400 321562 38331877 7916859 2478142 34643900 3575502 25798097 50313747 873052 28177709 1142099 33460301 50334704 156922 59947178 34100726 2108398 45744346 68744177 5049627 11349 50615080 287228 1099616 379354 41757
342 60115661 49510 25281768 67053840 49819226 25263212 17621204
343 16966189
344 2600891 8042150 11264469 20823552 1713145 65539312 67359347 25388481 41448969 36248953 17745174 29175030 28490858
345 44016343 932 9514484
346 43214791 52400849 16347673 3938162 55442956 14650304 10851040 21755622 46217071 4786422 4894832 908882 31748908 14923128 32223654 27885374 72831913 380531 87396564 29585566 31801539 31718304 13869355 34350462
347 62814095 30637940 845224 8042150 19676862 8045419 5033594 38471780 61040032 2417726 19935551 7134282 26483403 64873726 10916742 6208990 37617644 68692 296614 141 52729281 40696878 7069847 28 58231415 42298694 17445849 18467185 7643485 10494553 23774183 6697908 873052 40782832 20878405 7411694 45502151 10379506 716722 38860424 32661085 36508769 31563304 9027198 21985 4806950 5678232 8640579 55090788 60836770 44229922 44718817 45765240 55031798 11480580 296187 10647262 18867957 18417685 15733726 56702991 33501295 7393 28778720
348 51232997 35146598 72188644 18007290 48930 25126334 17308995 46391596 18120909 2241875 60770319 39186540 8158519 12139392 6073628 3961281 10647262
349 17871667 74224 10545129 1336418 7916859 145499 13453258 1336451 2565 9949414 10802995 1336442 27951748 1222378 25888180 18431024 39387529
350 20531047 5811 31352326 183031 56369996 33787257
351 56978134 79319 14771 126529 28600
352 99999 299 22742053 325 74005614 10775 17605931 98093993 11462611 68218830 30558759 95882 84786334 40700944 20351271 1082 21401443 16986287 61977314
353 191453 48758 162220 306291 13132537 426853 262283 19816263 912 263600 301480
354 153493 70846721 528364 17639 44436488 5811 2353553 2068910 2545325 304925 2091411 5801427 7620611 15855891 14771 9234710 1923525 770675
355 3712002 23294824 7392748 52800346 46891492 21019432 3676 7304400 44934832 40241778 55 2087 15940073 731 28600 6270587 12390
356 17557916 46213929 33769033 33024523 63919922 7534 46879722 16868636 224571 3584835 49114778 4030 22863515 53449 97386 17395313 29058619 8426 1436550 93269473 49732629 65395967 45874423 44671486 16263821 26864 47502153 10386956 41331414 51024668 10512935 13037415
357 1227529 12548728 178400 205842 2497
358 60115661 77014238 17774145 3796 16513568 19635864 13453258 15282086 59345 14282666 88867 16890943 16513036 364520 91338289 16446087 17031252 15148385
359 60115661 8042150 23637723 437779 6375232 19436432 25003531 17252918 6582296 55387604 24086381 10937415 33091449 48369111
360 60115661 14721677 39017441 79319 5890082
361 242817
362 956375 119468 22898541 58071225 391 23141788 221973 16330638 8589078 15494746 31239704 18655973 119238 25604655 2402894 1829 5801427 35169624 6522110 21057573 6838615 14771 15953460 5150 2386319 11141453 14484262 1028 11537399 11929920 18867957 5437 7995 16134994
363 117675 53358766 2869 17933632 21420159 153493 20507844 4235146 19770 634552 30291 20016730 38265510 95143256 270708 11902059 22360637 25740422 727675 1713145 2068910 798 51126635 12994512 37348 19635864 1503168 202651 42310533 11750210 51544 21057573 14771 6582296 9234710 20777772 16513036 254556 86442480 82339873 45491419 9063838 16446087 56385830 38310026 29175030 2315987 15755767 7995 770675
364 60115661 36787545 22713668 23418636 17933632 21420159 64497138 5724948 153493 8894387 528364 7530419 22104192 17639 634552 16652013 24536357 800272 30291 20016730 33050964 22360637 119238 3796 17681404 2068910 19635864 558802 1503168 674759 842 13453258 15282086 79319 653578 14282666 29287308 11750210 21057573 52298374 9113990 15855891 21573937 9234710 20777772 16513036 1923525 9063838 32140813 20007607 20187030 31215746 21419601 24931353 986680 50047572 15940073 5437 15148385 15755767 14497873 7270 7995 770675 5772000
365 129412 40076537 6870
366 2989 2091411 121093 14771 29175030 28600
367 18603128 935223 270708 1324986 51006825 28468381 397771 86224065 11445015 28108165 32612101 15285908
368 229885 674759 622678 17312556 494519 733962 429611 1239177 1561601 747603 675555 255728
369 117675 8042150 825518 10545129 16966189 7248168 77014238 72888939 39017441 60770319 1037818 20630105 32393043 23444840 178400 10249245 31801539 21380046 248268 9471494
370 10610786 8783400 52471715 4786422 59345 53494125 63946356 39734875
371 18424378 177359 33050964 15282086 12139392 177150
372 17820732 81332 38813428 22376519 35570355 40517430 88229325 34625296 20823552 954804 10851040 11901474 20894983 31163811 27395812 848845 26047394 8296140 55387604 78239825 4177547 70694465 5541626 44881185 29676
373 5594079 31199281 11825845 28920624 23294824 74096166 29850167 12906 24632 68471567 3973096 100448870 68218830 1265528 8999834 43706510 11810 11892043 662242 160585 252591 263600 1018417 785042 30575508
374 61912980 43791433 12906 100448870 23693861 40835481 75816042 32228890
375 52630202
376 1233932 57217 19020508 3702487
377 41393236 15454975 17912464 47396698 9622446 16854438 11768663 5027158 10916742 36757655 1666499 17307892 24266220 4796057 9514484 16864555 1233932 20098804 86172036 24359809 93587968 231210 82339873 4304577 178400 31965983 34914911 41533144 45765240 29640359 16926734 41859371 35277521 21380046 73335938 23903310 26874021 17569185
378 2545325 431171 102878 4707
379 74249779 36964584 1225 43157549 251 4357 7392748 25798097 35887784 43234662 10764581 1680 51033647 58770928 6682 16446087 17733403 2250034 7271 33880573 27653829 64223815 63000663 2902 177150
380 6263996 1041468
381 12191315 10202619 13220084 23032497 16527765 482095 11283939 11679652 50773057 30108655 318936 21985 4326
382 62655504 8749407 17063718 881282 62830729 2282842 48758 40784 118 27010 2225587 11679652 20299403 46712 280144 4610057 298621 2063666 74286 347212 4573103 76709587 28600 25844922
383 7611485 57115050 251 33938434 32593073 9771 4980 2675 13212026 2478142 84299 72048 30527644 11999 2250034 31215746 8871596 1592 731 72326580
384 847100 326575 5594079 35146598 26983334 4534316 1978743 28617606 71301073 695452 42692205 1934227 8710 17070637 34493752 61705609 33217169 15186132 34543655 5141590 77014238 57210329 52353780 38331877 39545549 47462424 28542288 19031 19436432 37615682 42956080 57311413 46305000 34338083 55517 15152413 24266186 29838168 30062798 160585 17901362 36637158 11677623 52296876 380531 16501267 11607925 168932 62067277 1067 16285728 46450879 34129360 26880133 33414639 40301846 31718304 30498042 515890 5027532 20786632 217795 56702991 11745771 43799913 77639 379354
385 58071058 27832286 40710957 299 198577 9513094 17699310 30610292 10545129 81392842 9575912 38306835 1657754 12260 4059 36446563 13510895 442323 23109295 43517580 26047394 27136800 1067 11141453 38504341 36283224 12998675 205842 43799913 8779055 10672315 44138037
386 43706510 848494
387 46478866 32286993 1713295 67003679 48601180 42698958 26277718 43157549 29049670 10420579 44856739 27038667 95143256 405808 74005614 56474440 32754081 20104194 31886247 64915591 64826803 9575912 38306835 10245108 38331877 88084325 47462424 30159897 9514484 60153677 19921 40243513 23442230 54033089 42956080 32479825 34883517 3752402 30558759 76088560 49466225 50773057 42701440 72357221 21019432 33343894 42637878 29058619 1306 318936 258245 30062798 41616797 9230379 38368309 6838615 36637158 57403678 9146327 30496554 40388305 38496818 43928246 55533849 800544 42496831 54799175 40700944 44711076 3601189 62672621 13251676 55476622 33276697 45765240 31275926 38369814 34079523 50485628 351665 82476651 12252747 64223815 112570 40575907 70493648 57466174 54034301 24341507 72326580 63000663 37777824 31319658 59566449 44032215 25333870
388 62830729 43416763 79419972 28091444 52449121 34072502 61705609 23637723 10186 59694249 25126334 29504521 38905640 158 29428419 37866919 50670410 90323190 46391596 61267761 30067066 47823180 72614618 27570362 40180261 25003531 21019432 49429736 30378807 30407434 4438311 8313315 84786334 66005564 27885374 4738229 38338898 871 64526004 1140233 62580435 43259665 54799175 31022965 4326 67635883 27776351 34229261 31801539 700 39236499 70493648 30683033 33780182 7270 26874021
389 38744304
390 40710957 6971358 1413164 20531047 23352214 42800749 70034991 32178321 439285 36464432 36397952 1657754 2675 25604655 33964345 47462424 2478142 85933541 1201225 63976979 17335976 20894983 55517 55212627 2786175 3772759 670335 30378807 10022319 160585 18166759 43882028 22942343 1136859 7239664 75348244 1140233 3737019 8640579 6682 10923560 1191882 20716903 34715495 9627344 7199503 51880996 2907090 79473592 56702991 2497 77639 379354 69573177
391 35689279 691 66404 65860 54343520 51048597 96229300 30100379 57873400 93958959 1731164 34638472 5266477 29868090 34643900 7832115 28819922 20191714 8030023 24486838 10022319 86252957 23349067 15956248 89301866 38176016 599 17867030 1310 44057096 6732888 579636 18750533 8828301
392 9510110 8030023 32298967
393 64915591 4070797 71741545 8030023 49377
394 1194300
395 6208 5532 35129091 6673 798041
396 1204143 9998725 10572734 100889
397 88229325 1016657 47079771 17964514 431171 5776 20535 15780004 675555 377907 10214986
398 17533 37419739 32380983 41346446
399 28359905 43416763 44856739 54343520 8762382 18673327 42861506 33651772 4163 1201225 8960075 38594695 29458819 12485220 46265914 1561601 27661213 38744304 3672065 43555917 27519 77434579 63817704 10601085 19170454 77050362 8828301
400 118588 44986529 29445349 31524350 32178321 36263210 21245022 42386009 439285 33874468 60450 30067066 54218032 31706120 10308994 77988045 40527789 36831577 87396564 50485628 46491880 100889
401 57131 3712002 419338 391407 13860036 702865 197263 20587615 367242 87731 1072746 11567850 35683765 4489583 1285945 10022319 19308134 29058619 8426 6471 448331 52432 4176009 16775977 29265 399528 12555211 13321498 6268744 82719 70313 1312075 9117 9876288 126529 475684 20697 675555 52953846 13037415
402 33769033 38815615 49423435
403 42871782 313288 25425 193613 27726363 46570421 268549
404 16343 3459 14586 28846625 4504
405 67937582 1270244 280273 44656690 28044924 781776 25201586 37938407 1016657 405461 23180464 23390361 33538623 5678232 956809 46491880 913559
406 133339 18134846
407 402985 65342008 10173 40169847 25951817
408 20003922 34493752 40410129 25008403 25687174 42025435 23471538 33460301 49690338 34689126
409 8722610 8030023 17252918 27041765 798041
410 23820213 10173 1490741 34245535
411 798041
412 1310957
413 23830580 35966358
414 23820213 8030023
415 37190761 9510110 391407 18537646 39791096 11462611 81854494 35157161 41226912 90778346 47065038 38119975 12686838 20342578 29843454 39949065 23953205
416 89765
417 9510110 45688121 27570362 5067644 43001537 4438311 54245867
418 601624 798041
419 798041
420 22205139 28920624 3460822 297836 63976979 1561601
421 56 995173 2846583 283124
422 52400849 16304557 38471780 8086092 35762179 18007290 38265510 96229300 36993576 17328604 125 20864291 995173 52026163 6727044 3938162 39017441 45056973 54530077 12160356 20630105 320379 55273553 39421500 34162826 26117 31022965 17057052 20007607 31215746 29442323
423 9040121 28473842
424 12703 176 13704358 33193098 24942291 18768371 17151750 74100 23219128 21785703 42794 29428419 14666164 12435104 60450 30067066 47823180 357873 31626313 3752402 32875578 536699 1109667 39824723 6268744 44735375 27469 35651961 50621 8779055
425 48601180 2285938 19552815 33970195 417060 49065210 40169847 4177547 30911023 26117 34057497 12252747
426 40065195 35735369 44134525 806 5141590 251459 995173 55172500 10972696 25652728 29455669 26263517 657434 717 627761 20398520 8779055 6589102
427 22742053 10046115 24548 394084 28524639 20673928 9498128 68557855
428 38406828 12244467 46732729 36993576 29990678 46217071 27740784 82197743 31352326 2846583 31461843 13286537 417060 32661085 26263517 50621 422238
429 36621546 26585110 51178669 31919605 42647890 28644587 46674907 8779055
430 19624856 31524350 1315244 9024999 13748715 6140500 13220084 17307892 6943122 306291 9681358 14088470 38306835 87403989 65794719 60770319 5009612 42637878 89 13849986 14855881 13365530 41448969 14300400 46257990 4610057 2347604 54799175 5768235 55 17484306 10052755 55903572 25189146 43799913
431 2600891 2285938 20191714 60770319 1441133 1267 283124 1262507
432 18007290 36286292 10308994 36169786 205842
433 9771 431 45764 84299 25752 5704 736
434 44053412 1406232 25451458 30525491 40616711 4252164 26326157 35318914 27734766 33912731 38191902 49065210 31022965
435 96229300
436 30386915 727675 17057052 17621204 15285908
437 60756875 33680474 17871667 117675 30207089 110415 40296147 9429785 15291213 40493 40710957 3155 5594079 2105251 33054001 98 23597619 164562 31524350 15454975 1814814 4534316 64497138 83256656 374 5724948 6615 57291 43416763 25275670 825518 34218387 2243570 28920624 17914609 180612 8710 16748068 10842209 52449121 251 23294824 10667475 23637723 22358054 62383216 28836942 807 115001 17365092 6519 59694249 36757655 20218518 2707751 34598612 30401645 7763967 12388891 18513738 33241396 82701351 42861506 90323190 11437387 64826803 32245912 18120909 341053 12906 1717 52729281 58770829 145499 27331843 9514484 41876 63976979 61267761 7279118 30067066 33298111 32479825 16675391 16864555 2898741 20098804 55503 210515 32875578 2389183 55517 957689 52639897 37197274 873052 11896113 12409828 13741576 11892043 26071073 470125 19549499 7144809 86074505 662242 51754188 302937 7083500 45912936 160585 25752 24359809 52298374 38860424 39649599 3761276 10764581 58560136 50334704 43882028 28364192 59947178 25362950 34100726 15953460 22256401 9226 35292550 1172152 40388305 1140233 23702661 42527329 144592 58770928 91338289 8671041 6682 45818668 168932 10249245 2258789 96237316 40923474 25945518 45765240 1191882 11305909 31801539 30268768 31109769 940 36202321 84331 46491980 29800845 10849071 126529 18527031 33091449 11480580 27122967 7199503 37339140 250531 627761 27089831 25263212 106119 181221 515890 2804 739 287228 34777837 15106510 29676 23903310 21755075 39387529 2497 54034301 15046248 10091833 14497873 77639 176659 40368555 26874021 16134994 18493580 56210743 41757 728 1019652 10208467
438 36557224 21281 33193098 51788541 29197102 86662767 16966189 35239016 31886247 32939817 42107833 37439234 51630773 36204775 84299 23693861 41450004 9622091 160585 27395812 32380983 25362950 35292550 39824723 34891421 32298967 15780004 19020508 20420 27433357 37743822 29740014 35838585 15106510
439 5594079 98 374 43791433 46053087 48065 12906 19436432 46891492 21985 300322 38028740 25263212 217795 255728 728
440 9429785 98 12191315 374 40784 48065 570121 71310882 12906 12908334 11892043 86074505 1159695 785042 601624 255728 16134994 728
441 29197102 2353553 19342584 46074 653545 2267962 23038 24199206 7608696 2496837 255728 1684344
442 86096672 23219128 86662767 10379506 35650310 38028740 257857 50192363
443 13634438 40144103 40076537 380531 30911023 22055 9349898
444 9019120 1240418 41588298 79568 35807216 43882028 41226912 44345464
445 51073679 44656690 59753465 42814984 28920624 16748068 3071708 26501767 28421789 40633321 36757655 40616711 77014238 321562 10245108 48592127 37419739 41299365 20894983 54273322 55517 55212627 1142099 33343894 320379 32879518 39341587 31748908 8340830 27395812 35650310 69673307 49690338 30345642 27823606 5653745 48455539 5729843 11607925 10937415 44735375 34232566 377035 41753137 11665721 35277521 27089831 45814513 26462130 11147079 1099616 54034301 32333672
446 638078 34161355 19224414 42107833 35318914 37419739 15500392 23639186 42295799 38175413 30072557 6915204 70694465 49056314 69573177
447 4920884 37073389 374 24680099 70846721 34229553 6168 2707751 11340148 25604655 28222382 60153677 60450 29990678 35887784 18467185 32358583 1279 14392085 40476768 5545709 22055 586 23903310 14497873 7275 10208467
448 12942 2224 5520194 2496837 3806 10121713
449 374 49397637 12739279 6834595 17484306 255728
450 10610786 25784042 65863347 24680099 9513094 23637723 43679688 10916742 7038430 67245941 26298840 60308 8973338 65697692 41448969 27661213 5729843 18165672 52426887 4864698 10042517 2087 27089831 50615080 50192363 46294102
451 37839550 35650310 32333672
452 11768663 17605931 100448870 25933431 11892043 16501267 21802 77050362 12090783
453 265492 62383216 25997323 34096377 29318096
454 69591132 374 24680099 550419 31746 6168 64753819 4741 235936 4909 86074505 657434 22055 255728
455 39144813 158 1267
456 15454975 1413164 2051 19935551 18420081 47102390 10444645 15186132 31239704 145717 52026163 220699 224571 2322224 17924046 2241875 18997287 6855763 6632742 40144103 84299 13510895 21019432 75325 26071073 53801337 7083500 71374161 39080 18249708 32296231 49065210 23361078 38338898 4285598 44934832 17647605 11665721 17016468 1902673 7223788 1229601 14600522 422238 23238377
457 21245022 35830923 20149392 52353780 33575883 33241 51172144 55533849 30268768 26880133 40301846 39236499 31319658
458 153493 10740309 77014238 394084 861537 12191739 33563899 18527031 255728
459 86662767 27154626 22413328
460 74249779 78003054 164562 67123207 6946513 4777868 57089698 14771487 7248168 49750294 1336418 56866769 46391596 27331843 63976979 54530077 25652728 21448929 6594530 1037818 51754188 37468657 1196354 23705146 785647 32530544 536699 26047394 4127275 502331 8640579 30911023 44229922 2258789 1244 37988240 1222378 10693037 34499332 1880 327201 81945716 16172596 54034301 100889 60068246 1314745 46294102
461 223212 58071058 23597619 15454975 52256562 9953916 10202619 23032497 6727044 25566526 30067066 21755622 33298111 702839 342730 21782002 21197560 1584125 31163811 15152413 49819226 69673307 23444840 52296876 98920964 18330624 21985 23702661 16122499 10937415 10249245 2258789 16285728 2250034 11305909 22413328 17484306 9893 8623907 21380046 7223788 5027532 64834011 289753 70937 18750533 18100582 7393 77639 379354
462 37893653 15814586 70274295
463 17960928 21281 13704358 903318 40693256 56131042 59694249 1072237 1474040 21448929 66094010 1215321 33880573 13567381 138 35531415 18750533
464 72188644 7595677 40520383 52557389 43901086 46391596 18120909 57989123 51126635 27570362 34096377 32875578 36370675 2786175 550003 46265914 42637878 1267 6449 52296876 21985 43052530 43149268 45744346 56385830 38504341 9072377 25874884 28333498 43896571
465 956375 54300548 68263002 25349116 20003922 72188644 65284772 16347673 14395935 42533142 67147810 28551727 42386009 94357549 14771487 26612359 26284064 98093993 68218830 37439234 71741545 25597480 65794719 12031704 670335 46263775 38746748 32277870 53801337 41616797 20458507 41185226 20548570 67991642 45865615 16297716 22130230 4109870 59829810 22736114 2475205 40575907 27532693
466 2600891 956375 9429785 14565482 17933632 58071225 227641 528364 16347673 634552 16652013 8762382 570121 17681404 2068910 798 68218830 5801427 710053 68229174 7620611 7608696 5520194 35453503 23109295 9234710 20777772 8810488 15953460 1923525 50047572 81945716 16134994 770675
467 1748958 119331 5608669 36464432 3678155 11081461 1100445 31974549 27179774 559362 2028 14045785 5116 18954214 283124 50621
468 6208 312968 57291 39398697 17533 30712365 34161355 530 33353770 971699 9812 630211 6044 24359499 13741576 785647 1239177 3285 174209 11999 1067 737 40529013 6039 38465 11823021 126529 18527031 1112968 907850 10069907 9272686 2251 78676
469 36964584 67123207 16748068 10202619 6469830 1227529 11768663 59694249 84167947 405461 11340148 7916859 47462424 17667940 34883517 86810 17134557 6098313 18177206 1196354 32090440 4198247 27136800 12763592 3648666 513376 63188441 2165384 289753 205842 31319658 50800627 4885380
470 2986749
471 16347673 1238135 995779 1308481
472 835782 42098480 6943122 11462611 33504814 5890082 34129360
473 13704358 23393188 8715 31333866 36859750 94357549 226228 10131209 18549118 3906 37764168 19308134 252099 135281 64414001 12695905 12686838 25951817 14484262 13567381 14677910 17849601 17621204 11745771 609256 11183766
474 118588 1748958 28617606 67123207 382621 43882751 25451458 35171086 4357 1381387 52353780 33651772 24266220 45620084 34153828 11007530 37945275 30072557 4806950 11141453 69183226 75697195 289753 10672315
475 40065195 69576154 10819 25380626 55157869
476 36863510 1490741 4224211 38119975 717 11305909 296187 23953205
477 13326719 37190761 6946513 7134282 6439 10851040 1441133 17745174 11305909 60929052 78657917 18932386
478 27737110 2001
479 22866546
480 15414754
481 22376519 65653033 8250124 15106510
482 70846721 45649295 60929052
483 691 158 1490741 4438311 53539
484 8207
485 46789042
486 6600875 188977 17070637 30654607 9087170 7602563 31886247 29509030 19899031 42205566 505 27740784 7032429 3752402 2194310 43706510 41814724 29039382 23471538 10379506 2712784 37231453 40709983 27885374 448331 54070398 29445319 50371204 30187757 46491980 44450892 29551471 30181883 739 24036559 41331414 44057096 100889 17975248
487 45595714 74249779 835782 57291 9768 57409266 10667475 807 34625296 1381387 47079771 85933541 34352731 65697692 218 46891492 8030023 64022603 54245867 6778441 765 717 78657917 39974979 17007375 30266386
488 20169232
489 173796 1829 708996 2635139 848845 60929052 7431918
490 6048891
491 13326719 37190761 21281 24749927 1896434 49114778 9840550 10121713 8187184
492 2180828 845224 691 158 6907230 1490741 5067644 8030023 3676 4121067 53688 2974 8149293 31873 52432 38593 765 599 39407 9893 254328
493 93958959 5116 23213852 43607398
494 12655314 35142949 359911 4869095 25844518 61267761 22239054 34312478 4224211 25901021 2499949 3967885 35223051 49248162 5729843 717 11305909 78657917 55 296187 72924755 13827627 563289
495 10202619 32767736 56 36863510 36397952 37677782 46257990 52383628
496 15108509 74100 30610292 56 60 3752402 305473 31563304 42102531 31387666 7821622 58269 34188307
497 60756875 56 20823552 3695863 3676 42223439 848845 26117 49063005 58269
498 44366611 57291 29257408 47218327 1390433 35650310 49248162 28277850 57526182 296187 186593
499 21898612 1406905 1566246 35129091 15108509 40693256 12065534 534185 115001 56 7602563 29553287 18673327 363625 6498004 60308 464074 26919587 23167904 16675391 60 411799 8960075 4894832 43187100 34153828 9434304 1850339 429611 69565480 21573937 1789208 631067 77434579 6353146 8871596 10849071 11480580 21572207 335555 6843473 52953846 287228 34777837 7821622 11700343 23238377 58269 1290856
